1.27401096656 15.0601455071 0.0751047468249
0.947205244467 15.2614120191 0.0342281867285
1.20304707528 15.0828314646 0.0673306778767
0.900381774577 15.2824483039 0.0266776331481
0.839636195687 15.3294846974 0.0170842060666
0.220197399948 16.0086254701 -0.0777680595433
0.869638122877 15.3171194323 0.0219686632008
0.92648368765 15.2792764235 0.0310167770235
1.17178380558 15.109145377 0.0665560279085
0.860691525404 15.3504627526 0.0206690232589
1.18043408545 15.0927058463 0.0540808890476
0.98510391429 15.2395176379 0.0402095904549
0.133719186539 16.3170796156 -0.0881539432255
0.912819300896 15.2792780382 0.028729078353
0.801796886255 15.3584207015 0.0110352755533
0.831684995633 15.3325635264 0.0157827430974
1.0725425383 15.2524575373 0.054286130054
1.00336008515 15.2319476359 0.0431248060389
0.456914854934 15.848204674 -0.0447701765799
1.11885318471 15.1796496731 0.0612210176126
1.16440420946 15.0961149442 0.0620128298413
0.313981282937 15.9678704153 -0.0653866881385
0.558818657784 15.6833685955 -0.0283977412961
0.954048701805 15.2624223732 0.035385279999
0.801681825008 15.3489743689 0.0109153326689
1.15736945347 15.1654839038 0.0672076585864
0.427125306008 15.8801288021 -0.0492652570727
0.912471852683 15.2377380799 0.0088081851762
1.2708653072 15.066474498 0.0668491897283
0.804483665265 15.4507125705 0.0113392788046
0.800380794459 15.3574341928 0.0107890194197
0.543479373897 15.915152613 -0.051110797989
0.772871660418 15.3760912466 0.00635164536691
0.143239668679 16.3077408744 -0.0871518534081
1.01133026213 15.1591665084 0.039893325743
0.0563439085959 16.4069159247 -0.0958918462115
1.11323616524 15.1732834684 0.0601536621064
1.05937228987 15.2006595115 0.0518460771582
0.998148612251 15.2825023579 0.042608544379
0.330007541 15.9020633586 -0.0723563104006
0.96176652408 15.1761676518 0.0233524091822
0.956640687824 15.2772512572 0.0359586779749
0.118243051664 16.2854245971 -0.0896855505036
1.12864128276 15.1055713989 0.055329762259
1.15185920766 15.2158386112 0.0316057139951
0.889876047464 15.2971530596 0.0251260460356
1.01139416298 15.2351257698 0.044502118941
0.882644355574 15.2994579296 0.0239417960231
0.77834254473 15.4328694867 0.00734438814092
0.555224225078 15.8957112195 -0.0313059399017
0.925844472957 15.245419366 0.0301645179399
0.0665016071778 16.3719833862 -0.09488235978
0.919588867132 15.2804005535 0.0298813248303
0.561711101618 15.6345631804 -0.0276300356623
0.832734833169 15.3308904351 0.0159395320953
0.997417611653 15.1725568928 0.0247858450691
0.956569790415 15.2618513082 0.0098736373062
0.937954218449 15.2706239233 0.0328162130049
1.10548452383 15.1901727641 0.0592269633948
0.220367602929 16.0882168477 -0.0778184919834
0.792156691677 15.3568738105 0.00939904460856
0.100554427767 16.2490412593 -0.0916412257418
0.920985004556 15.224297023 0.0112503999461
0.0704700362795 16.3528598492 -0.0945419329282
1.03230938041 15.1418986931 0.0353172506637
0.160323990986 16.0814656044 -0.0852342842243
0.953317573516 15.1766234559 0.0282453774469
0.659718399795 15.5657558611 -0.0339015733181
0.624840531613 15.6695541843 -0.0183474011011
0.14799066045 16.3310734757 -0.0902100998319
0.218142821565 16.1709458558 -0.078379421026
1.01038025502 15.1493094638 0.0338605341402
1.16462377609 15.0935231807 0.0607849288296
0.634929069646 15.5595609351 -0.0158763884275
1.06378392317 15.1344007257 0.0373035929769
0.25669072731 16.1771133401 -0.0809162797525
0.913761163777 15.2516626766 0.0072484022031
0.184558964055 16.2118893243 -0.0870187725112
0.528494333185 15.896954729 -0.0526226304253
1.0643807976 15.202957701 0.0248912451284
0.980870343786 15.2613851943 0.0121005321443
0.622957111555 15.7972673269 -0.0202530852801
1.21538086328 15.0758409038 0.0654742434329
1.04495224656 15.1998420952 0.0236197228495
0.108489713186 16.2806021859 -0.0926578069294
0.206330600097 16.1098945738 -0.0795703395102
0.501100180451 15.728042567 -0.0373790255034
1.11923374704 15.1251122426 0.0414012417416
0.0951681351112 16.2552766072 -0.0922574279328
0.901528356353 15.292176753 0.0270138641789
0.651846527348 15.6934311557 -0.0146120368883
1.22638943017 15.0833497392 0.058430465688
0.791069076501 15.4558880425 0.00920956215518
1.08861353412 15.1286244389 0.0520469047211
0.417579681436 15.9373560081 -0.064428021227
0.951370960416 15.2554973943 0.0348289373011
0.960833255793 15.2472359729 0.0115699312519
0.409880163286 15.8267882046 -0.0513470725627
1.05424821904 15.3012094187 0.0511072589107
0.761838657856 15.6511265729 0.00225115588733
1.0615123252 15.12821108 0.0430381084513
1.00033799627 15.1946210302 0.0209127804086
0.908038459188 15.2573649438 0.00618472979222
0.902291098784 15.2509713836 0.00644503152521
1.09034745644 15.1625337979 0.0321520187261
0.31577264365 15.9211719984 -0.0738466329462
0.780059674329 15.5573132827 0.00637648524083
0.905950516439 15.4661201197 0.0265747407822
1.19955569423 15.080498545 0.062897027083
0.540068823954 15.7864812651 -0.0504103942552
0.268751517944 16.1659989474 -0.0723032655557
0.0520756146032 16.4296650495 -0.0962262614081
0.766431394096 15.4601007974 -0.0196404200748
0.121788709508 16.2789484449 -0.0918225957677
1.08805655346 15.1356148809 0.0373696328851
0.250511132009 16.1468781886 -0.0744042898704
1.13687456598 15.1010484416 0.0521354988439
0.0521335233056 16.4451812443 -0.0960960340011
0.985266193931 15.1669629088 0.0350021559115
0.115208830573 16.1843117837 -0.0903164257768
0.251470424389 16.1566072706 -0.0812897483926
1.14010544617 15.1184791374 0.0440632513411
1.13196353075 15.2072728584 0.0635546547479
0.763842631771 15.6179731354 -0.0238713039117
1.15328040333 15.0986546359 0.0598377157589
0.0524743162037 16.4290543435 -0.0963789192504
0.38698228695 15.9006569633 -0.0550397896252
1.00136024068 15.1554223862 0.0359645035504
0.0628197434035 16.3747753762 -0.0955020588443
0.819126329814 15.481633302 0.013274809925
0.187872096903 16.0996332724 -0.0860064473366
1.21471455346 15.1016852964 0.0521376334929
0.759033202981 15.4641868192 0.0041373311852
0.97179006978 15.3393515649 0.0381826305543
1.18597569008 15.09343367 0.0666715121121
1.12587505896 15.1043708359 0.051590620018
0.806797270253 15.4281620887 0.0118643455207
0.368610736939 15.9835939691 -0.058164091249
0.982602204734 15.1657523141 0.0338810230031
1.10557669776 15.2276485822 0.0263320655133
0.118228872444 16.2548076223 -0.0896820513311
0.135385463404 16.2599776341 -0.0908223000356
0.112276288929 16.2674379499 -0.090306052825
0.136880198652 16.2005620382 -0.0903346188205
0.683357689353 15.5938245632 -0.00869002138256
0.811392699377 15.4404619379 0.0124977189386
0.782247674367 15.3920045139 0.00799991039915
1.01598622883 15.1650994237 0.0418889173893
1.15239554116 15.1276760837 0.064775174082
1.0332386099 15.1454780673 0.0334133034749
0.596260450309 15.6700142104 -0.0428018258081
0.316677935675 15.9179197813 -0.0737270202911
0.902196564757 15.2382317026 0.0255048627751
0.808489099387 15.495646967 -0.0163979537888
1.10868222667 15.1364852945 0.0573610807826
1.02473677702 15.2348961825 0.0183064891827
1.15468388505 15.0946037817 0.0560551008435
1.07322514416 15.1973271027 0.054073723577
0.77637686134 15.4852942933 -0.0194746267103
0.0710891426558 16.3377611154 -0.0948522824985
0.996904113963 15.1556709477 0.0341727795435
0.914847685183 15.2320605235 0.0275473460662
0.923514342942 15.3575456019 0.0305830416875
0.117167623291 16.342328183 -0.0898714332378
1.11214891463 15.2753376198 0.023816067443
0.896726978294 15.243233495 0.0247508387161
0.937314501259 15.2222078001 0.0312160048431
1.10073873866 15.120942411 0.0423399755712
0.598466742493 15.802411891 -0.0238717906921
0.612776097092 15.7517822112 -0.0211243573188
0.140108861248 16.3396710587 -0.0875657985494
1.19696793721 15.1344268832 0.0728706238685
0.381137534038 15.9713786198 -0.0563729264676
0.327938018016 15.9807610333 -0.063594604072
0.0900836559934 16.3641769729 -0.0942050387195
0.301065949674 16.0785815941 -0.0765035212263
0.291740660909 16.1318881929 -0.0776044428712
1.11920199683 15.182138345 0.0613225879011
0.902917869821 15.2429861335 0.0258986812107
0.0919807423231 16.2757562522 -0.0934774828794
0.938122155341 15.4388200365 0.0317951595745
0.78052020001 15.6020924236 -0.021769207187
0.113228233275 16.2108407631 -0.0903475527515
0.303760971926 15.9259260278 -0.066609557088
0.971584184338 15.1662808148 0.0288053971071
0.248927808487 16.0402519422 -0.0807606252385
1.01534139228 15.1482559438 0.0333845727329
1.04146932809 15.1957499558 0.0238326080716
0.529117391609 15.8582252677 -0.0345581645045
0.089661427016 16.330094988 -0.094047939176
0.81155072056 15.3791439911 0.0127478845979
0.506298611167 15.7118825089 -0.0364976460394
1.12057128954 15.1586420341 0.0349796943013
0.429706452167 16.0373529288 -0.0637465347913
0.698629598107 15.5357187045 -0.0057985188097
0.0796056471722 16.3495679625 -0.0935731624828
0.28482668086 15.9520905775 -0.0692262202583
0.663217881103 15.7481533222 -0.0136956997602
0.948885300673 15.1990304319 0.0317009824668
1.19581619612 15.1179294901 0.0473211958886
0.212777655764 16.0777734178 -0.0787248751549
0.779984828082 15.6490170864 -0.0225351783887
0.89311170049 15.2951047345 0.0256420988525
1.60382903872 22.798456577 0.186024833372
1.24615384521 15.6344323922 0.172068734214
1.29179932033 15.4073112762 0.170810498424
1.65102735329 15.061049083 0.194814423766
1.82697654513 15.0730790951 0.195928900842
0.300128298961 16.62054274 -0.076564897652
2.27487668795 15.4733332034 0.16763619219
2.59738128289 16.6070605627 0.196258813808
1.60983904849 18.3073331672 0.0745336237185
2.65913059226 17.0513793931 0.194580710495
7.46437018684 15.2948317121 0.125589221605
5.99395686915 17.0359428153 0.129126888249
2.29698215385 15.0243033017 0.158877776837
6.66098771744 18.460465593 0.118863195648