0.00800820067282 1.69173156264 0.0281969996137
0.0212537674343 0.0171432198206 1.26138563104
2.10584055633 0.0271141908338 0.0372597313993
1.49508198442 0.322071165455 0.0369757967308
0.224814701701 1.44714439095 0.00713859516677
0.00468199798422 0.00370511077166 1.34064138181
0.00161621174426 1.88138295449 0.0493594299156
1.6186618532 0.0432239387667 0.225729751134
0.00839320516929 0.0382206500271 1.61921831842
0.0659231283673 1.71887445639 0.0065586024831
0.26364507913 0.222234126051 1.18282815113
2.24522743592 0.0292256989071 0.136082826244
0.00280428074156 0.000519019676589 1.83628544293
0.0676540648159 1.64263360487 0.0617776023296
1.53362599321 0.161783460881 0.0118009640764
1.63282552628 0.0802128777303 0.0536649597322
0.0195655830612 0.0304180668567 1.29924240899
0.00489769689976 0.0040948754608 1.33639159979
0.0742595132967 1.70408318496 0.0109296899209
0.30507982454 1.36495594534 0.0670394230628
0.0110230615648 0.00832989138862 1.46486512083
0.0360405436958 0.0254245999224 1.38064113354
1.76908670379 0.0922895101997 0.00235815397629
1.52583402696 0.0965158024381 0.113137125683
0.0528722749214 1.85069060517 0.187625035544
0.457797887322 1.17844347392 0.180525790774
1.69539243537 0.0264708798205 0.0786979164471
1.59766592181 0.0698844774865 0.0965214015247
1.59496396142 0.186461412696 0.0563223716364
0.026706727167 0.0205765398341 1.26224793426
0.0289744418209 1.58805346144 0.181330822926
0.0684365206899 2.28883063291 0.0478028254411
0.00908849642131 0.00285253203968 1.39752212317
0.110324148715 1.53406594973 0.0377170769402
0.00122626820418 0.00116113195299 1.40463808006
0.0893556332211 1.6515356268 0.00211052414147
0.0323705075136 0.0282417702762 1.26048960409
1.33820142307 0.376635875902 0.140430125758
2.15608368334 0.0367015319185 0.122424951831
1.84824440423 0.0566918407342 0.165927997306
0.00872348301293 0.00546708180539 1.34670001265
0.0667247317306 1.87236171885 0.0129602626824
0.0322675934577 1.75710151643 0.0682423176392
0.00993741759512 0.0120564887738 1.3794178774
1.9063595011 0.117212283946 0.148005631583
2.14560285124 0.242967278158 0.0128473118421
2.08568850735 0.210797261278 0.0406954494336
0.090711529689 1.59095418315 0.00339442556006
0.0147460904576 1.6714368587 0.0305243384615
0.00325416308704 0.00476603382439 1.33503135103
1.21111154722 0.438070001071 0.245270543385
0.0282882092715 0.0323735350269 1.29541339468
1.85876468142 0.0325545770476 0.255029151153
0.0126591128588 0.0124248518823 1.33647944574
0.0797129056566 1.60335475276 0.139690621623
1.80407418045 0.084162822988 0.00329240762398
1.69615366373 0.126310322711 0.00630903121289
0.00688449921961 0.00377276225425 1.38237794608
0.0133432028408 0.0188933129589 1.33040662412
0.0212474013548 1.66906143665 0.0058591597934
2.01345574837 0.0360632647797 0.0664449785892
0.0719388603744 1.58132790861 6.2417433131e-05
0.00452035815106 0.00549913206442 1.41976759765
1.81857784876 0.010830164585 0.0662674299075
1.84143045942 0.0223442266939 0.0546397354427
1.53831819958 0.273339203632 0.0351386264951
0.0336242273583 2.05837182366 0.0826589156025
0.355773948294 1.45633526629 0.11098873465
0.00168579065577 0.00219603766145 1.42990722675
0.075589673672 0.0914710084815 1.26484669818
0.0537863906558 1.61721327409 0.0832068373433
0.0279111168834 1.84753934945 0.0265014757987
1.93327575879 0.0731626392201 0.0796295154502
0.0410105085043 0.0598117618779 1.29311853598
1.50585814649 0.00651536568444 0.258007935315
0.025052870535 0.036769312658 1.36671455623
0.0160140236532 0.0230839972294 1.47690028255
1.5734503243 0.0813557579724 0.0448824318702
0.018021400281 0.0153999941019 1.34648347563
0.0278820412014 0.0341233277565 1.32042514559
0.00522126062224 0.00477584508115 1.39846992222
0.0471414321101 2.14487690707 0.0662059302135
0.0124533221042 0.00996309703309 1.3663837226
0.283240518157 1.44085743657 0.212756228039
1.92207951139 0.140704738133 0.0154157353635
1.56410901166 0.13048731335 0.173188943009
0.0194181765128 1.7916943019 0.129806180713
0.0446434273219 0.0419504134742 1.28760044233
0.00204250634995 0.00177031193898 1.37292846165
0.0086488181641 0.00819952943056 1.35572853194
0.128941062029 1.84604131001 0.0413794012762
0.105400997792 1.70498214391 0.0893272873139
0.0018903787459 0.0033149712581 1.36609660546
2.33132765788 0.0417500064506 0.028018049877
2.07000855159 0.0570803600689 0.0999160839675
1.57040461181 0.383222082463 0.0246784861663
0.0176103812605 0.0226182258071 1.3023097192
0.0387190259001 1.88241018652 0.0959794670942
0.00366892911388 0.0050580952832 1.35481638671
0.427921536186 1.31679313537 0.0478595082246
0.0916093278858 2.10457628735 0.0116623997651
0.00292734789327 0.00354352264274 1.33968012881
2.55927307878 0.114011966292 0.027681106815
1.55070475445 0.0139125386021 0.402104053417
0.0021139405533 0.00310639341324 1.4970746413
1.84545981114 0.0828756972797 0.212632333973
0.0643540508022 1.72329933341 0.0102039996444
0.0207715508105 0.0261859374007 1.35175552265
0.128740592902 1.41128478055 0.117474938263
0.0329787926339 0.0347259380505 1.3099503231
0.0104037928873 0.00937916042513 1.36376278616
1.58014591763 0.13238977888 0.000810787203341
1.42887971267 0.193918885815 0.0780991520826
0.0923349855694 2.02786657588 0.069742113508
1.57416687971 0.0533475628343 0.089185405775
1.62938235586 0.0750556522081 0.0482449285249
0.00135173689667 1.7418768817 0.10071981426
0.0067437177541 0.00811553379042 1.34134679703
0.0928341280231 1.51056150172 0.189188214503
1.68742812455 0.0148663315226 0.154183758904
1.99798510454 0.0397975589244 0.043648671629
0.0229177229897 1.95124303426 0.0763572625383
1.93599821463 0.000137028166817 0.0413344792945
0.0151377100925 0.0152454703801 1.39770167727
1.53959418991 0.153099901896 0.0655746334405
1.74394990121 0.0418479169683 0.0610035965901
0.0206225142395 0.0313723953084 1.33500639456
0.000632500086214 0.000903804788093 1.50451751673
0.00226642311328 0.00174004657511 1.4018471487
0.0215076097389 1.64713188769 0.0235674173072
0.0436906985328 0.0349925269822 1.31578419695
0.0186285744994 0.0115664351185 1.36989826034
1.76480898706 0.156277521511 0.0467306749797
1.89552543089 0.0747067627486 0.119327457597
0.0715943512306 1.59167553084 0.00150636009857
1.95371506604 0.0344681341047 0.198046698641
0.000974475019204 0.00143539503932 1.39278732379
0.0289351637341 2.29619456598 0.00984053649258
1.74649523131 0.222917743926 0.0604937863445
0.0542546922621 1.90516293463 0.0765075206397
0.0459848342883 0.0401325395553 1.32210821089
0.101027771381 1.96862871217 0.0128866183752
0.00361491234588 0.00479393012328 1.36603013888
0.00127338570051 0.000863617414244 1.36028755465
0.0966374816258 1.59724230237 0.0785996120227
1.73566206995 0.10078121986 0.00112128428305
0.0349186519701 0.0297327993527 1.29331956991
0.00888013632593 1.92183207515 0.0287634429381
0.147588697449 1.63698703796 0.0535451294554
1.96316928899 0.00363540440176 0.0668579769936
0.0947415149589 0.135984058709 1.24124862909
0.0256380630094 0.0274378315047 1.35371587632
0.0257662507399 1.5861368864 0.151728693194
0.0173540976174 0.00772572311122 1.45336844052
1.63179101921 0.17977460376 0.0593262386198
2.13902063218 0.00300822684797 0.0408194381225
0.0916051332223 1.46400756872 0.150738588838
0.0102679719959 0.0108931018369 1.32708497715
0.111181294462 1.59617035387 0.000490734179322
0.00587524243971 0.00735492197781 1.36249789748
1.91418906963 0.0871299433696 0.053599575911
1.77377936057 0.0617964306511 0.126947481724
0.0762260258442 1.66706241572 0.0125066434393
0.212926348314 0.178456249558 1.25850171091
1.59871148758 0.0182481032886 0.139928085476
0.0574738687938 0.155669617466 1.44810503856
0.0332349169219 1.62370653862 0.0551393410906
1.58596023559 0.104118049041 0.0447352180491
0.0243516644861 0.00701490815335 1.72167977538
0.0337260682868 1.75274558521 0.0573779239444
0.00406484242102 0.00286525615359 1.36553236615
0.0284074892443 1.90948014083 0.00218379170696
1.88836151936 0.0152744609466 0.105252680936
2.01532250815 0.183182178854 0.0067883853137
0.035660387844 1.79868576031 0.0189977669515
0.0109147809425 1.7058051358 0.0823484983123
1.99236929539 0.294113217254 0.0386604422263
0.00217463464018 0.00220641990046 1.40491225873
0.129734700797 1.55272503263 0.0602810723153
0.00722930550882 0.00779909474185 1.36404298454
0.0450988318908 0.0553494605098 1.2937317854
1.85054022978 0.0755554060733 0.256071698069
0.113578686028 1.44391665329 0.157014683484
0.189542288533 0.211325173268 1.23931284973
0.00535833167781 0.00864912339612 1.90187466218
0.0761557526797 0.0203470879073 1.63057258348
1.78405747999 0.15249681968 0.00137020993685
0.0705109446457 1.9403771911 0.0192233943495
2.11567255039 0.0352527464226 0.0247621175663
0.0289988112411 1.5374175493 0.0656197033629
1.57813242165 0.217967496709 0.0143750328225
0.00121934372302 0.00147413809573 1.31974882733
0.148753696231 1.45448958192 0.210815574117
1.83116867314 0.0149319581191 0.0709414785326
0.0187769370278 0.0262318504974 1.29094112134
0.00350441755256 0.00523460359751 1.34985935152
0.0425236713492 2.32086745485 0.0811103124299
1.96023193387 0.0257018371938 0.0138628641913
0.091959095593 2.20104480921 0.0223587338966
0.0150264772429 0.00835147951511 1.3366693239
1.70233958567 0.136611388055 0.00967938006818
0.0503093301195 1.78352266537 0.114106727127
0.00348834914036 0.00371710486491 1.40562641671
1.56236298869 0.159310935105 0.0757146691007