3.69510705611 -16.9704786893 -12.7738014734
3.60072488689 -16.9087540076 -12.966201019
3.65562545105 -16.9529393237 -12.8618403353
3.60015538715 -16.8568502924 -12.9947386744
3.60870660759 -16.9208469682 -12.9483341349
3.60616635164 -16.8812799304 -12.987466419
3.60939720744 -16.8958536007 -12.9778140784
3.61942565087 -16.8660419323 -12.994086194
3.72233153248 -16.9797598495 -12.6970947423
3.62458507199 -16.9315892367 -12.9261479757
3.60089648244 -16.9015891037 -12.9750219279
3.61292905133 -16.9248443125 -12.9408895564
3.60079637768 -16.863094878 -12.9945650321
3.60001833636 -16.8695422712 -12.9934634949
3.6057846839 -16.8807583761 -12.9898211229
3.60022319565 -16.8878006586 -12.986436254
3.77450683835 -16.9784050717 -12.7121529456
3.62718525531 -16.9498685976 -12.8665916902
3.61532584232 -16.9243791129 -12.9416334964
3.6014061193 -16.9036426631 -12.9728220256
3.60052283953 -16.8592229279 -12.9945468985
3.60569603133 -16.8757310461 -12.9921061734
3.60118235179 -16.8979947305 -12.9784252737
3.60008831699 -16.8892535868 -12.9853706021
3.72361794336 -16.9750926353 -12.7433644042
3.62727150134 -16.9395794019 -12.9060806766
3.60002186124 -16.8849981356 -12.9879009245
3.60824920109 -16.8575406168 -12.9937385319
3.60855591876 -16.9209878178 -12.9480728476
3.60027280006 -16.8978970348 -12.9786340212
3.63399660264 -16.8572072797 -12.9947649627
3.70206034564 -16.9731393637 -12.7552310037
3.60091594653 -16.8954551292 -12.9806232426
3.60507300815 -16.9152988495 -12.9574878706
3.62868992783 -16.9440374635 -12.8921655741
3.60056672304 -16.87366307 -12.9927054688
3.60097855445 -16.86043394 -12.9947368249
3.6000119989 -16.8870659655 -12.9867739213
3.60372367279 -16.9024382052 -12.973733028
3.60069576091 -16.8675892475 -12.9940207056
3.75731219602 -16.9787130719 -12.713871378
3.60315888547 -16.8864320391 -12.9867951307
3.64516442095 -16.9512561351 -12.8680534955
3.6030056052 -16.8759616811 -12.9921328632
3.60059435152 -16.8975313755 -12.9789409457
3.62690748226 -16.8581890442 -12.9947853176
3.60201886667 -16.9051089003 -12.9711592259
3.60571506617 -16.8547704452 -12.9943455361
3.60999569099 -16.9237260026 -12.9429908316
3.67086927466 -16.9683866093 -12.7780793126
3.60026144364 -16.9029195 -12.9734258653
3.60042708565 -16.8678971117 -12.9939275815
3.63929345086 -16.9430099717 -12.8958923517
3.60020472686 -16.9087842464 -12.9654835383
3.6001496768 -16.8938757956 -12.9820703181
3.60046105558 -16.8885978143 -12.9855877396
3.74067358615 -16.9761838847 -12.7346145471
3.63617344634 -16.9461541816 -12.8859935652
3.61836605171 -16.9250523911 -12.9400206457
3.60001414489 -16.8882707506 -12.9861091558
3.60090222621 -16.9046204339 -12.9716686128
3.60514578077 -16.8673346782 -12.9942306765
3.60579329503 -16.8619531283 -12.9947418618
3.6000265733 -16.8824273014 -12.9891572594
3.69237520997 -16.9752674178 -12.7247518696
3.60255033405 -16.9079053551 -12.9677998975
3.62866699304 -16.9455232157 -12.8867726847
3.60610520232 -16.8751146699 -12.9923041539
3.60000080281 -16.8574940921 -12.9947544967
3.6156029711 -16.9210665671 -12.9473677778
3.60229953268 -16.8879747564 -12.9852610954
3.778066071 -16.9784272986 -12.7109391321
3.65103732658 -16.9514070884 -12.8677177606
3.60025561094 -16.8653138975 -12.9942630699
3.6119710726 -16.8895579911 -12.9790709412
3.60006363292 -16.8587170383 -12.9946759698
3.60825830678 -16.9299720664 -12.9278819734
3.69982216265 -16.9733920342 -12.7522579708
3.60020615156 -16.85317585 -12.9947906606
3.60241517915 -16.8715514275 -12.9933867053
3.60089197313 -16.8876943853 -12.9864291772
3.60064094917 -16.885697507 -12.9877009008
3.65265133837 -16.9471127609 -12.8820052295
3.6111563868 -16.9116838809 -12.961746076
3.69423893961 -16.9647411964 -12.8075728194
3.60664010089 -16.9151818856 -12.9576751568
3.60120196179 -16.8855814244 -12.9877204288
3.60174695513 -16.9059983576 -12.9701203797
3.6442580467 -16.9498657484 -12.8733035141
3.60000000863 -16.8901020017 -12.9848934692
3.60093668535 -16.876193266 -12.9919968582
3.60275665518 -16.8715381839 -12.9933994798
3.60774992569 -16.86151652 -12.9947625071
3.60059046765 -16.8639729179 -12.9944663263
3.75838815839 -16.9837253716 -12.6658570539
3.6208709337 -16.9270969381 -12.935818433
3.60552474331 -16.8667950639 -12.9943093542
3.60384890644 -16.8651697291 -12.9944892253
3.60321716693 -16.9112489161 -12.9633815803
3.60009664057 -16.8918431446 -12.9836369116
3.76293576347 -16.9815426871 -12.6897946407
3.64730865119 -16.9478676817 -12.8802465701
3.60171082317 -16.9153721615 -12.9562471325
3.60009742246 -16.8987918343 -12.9777426652
3.60571761918 -16.8755038529 -12.9921877602
3.60158963793 -16.9009670238 -12.9755883103
3.6030058014 -16.8589315099 -12.9947916586
3.60004378533 -16.8612122966 -12.9945993628
3.74747566892 -16.9634719251 -12.7972588766
3.60108220731 -16.8940370193 -12.9816762608
3.6050015438 -16.9179389219 -12.9530979559
3.62291519283 -16.9400071814 -12.9041904463
3.60051180332 -16.8666294295 -12.9941370006
3.60000332829 -16.8809751593 -12.9899051207
3.60012945875 -16.9044602723 -12.9714141901
3.74822436139 -16.977286858 -12.7257546576
3.62593050519 -16.9411427781 -12.9012181747
3.6137889832 -16.9024095259 -12.9710025851
3.606199831 -16.9224801871 -12.9447752948
3.60160322945 -16.8754743093 -12.992276099
3.6006938752 -16.8601355514 -12.9944401195
3.60102659314 -16.8783514189 -12.991236151
3.60681550728 -16.8857694304 -12.9862112259
3.7178079143 -16.9763950434 -12.7317747561
3.64564827897 -16.9516023321 -12.8667320947
3.60108219103 -16.8885088658 -12.9858348996
3.60938227442 -16.9110531794 -12.9629256073
3.61519590787 -16.9233973326 -12.9434333463
3.60304072614 -16.8685423589 -12.9940107022
3.60452632067 -16.8588539883 -12.9947897115
3.64334370314 -16.9538549151 -12.8564945549
3.60932075524 -16.917947458 -12.9532230449
3.66129319293 -16.9472233464 -12.879968446
3.60747075141 -16.9104324703 -12.9640788407
3.60105129466 -16.8695337819 -12.9937258272
3.60000587309 -16.8562103344 -12.9947869491
3.60023359623 -16.8840779649 -12.9885755909
3.60307017142 -16.8770799603 -12.9917302562
3.60000662311 -16.8945423393 -12.9815457619
3.60359012163 -16.8652928901 -12.9944717882
3.74227079866 -16.9800510313 -12.7027435737
3.60746736955 -16.9203361618 -12.9491758788
3.65738847997 -16.9532665096 -12.8605180975
3.60002217152 -16.8970017134 -12.9794007053
3.60146398881 -16.8663136057 -12.9942750894
3.6002418223 -16.8746241059 -12.9923541793
3.60005551121 -16.8913679882 -12.9839693535
3.60014030969 -16.8763106125 -12.9917911021
3.67887975981 -16.9697858775 -12.7721718168
3.62337082633 -16.9337151378 -12.9214261756
3.60881423042 -16.9052572815 -12.9696395631
3.60000557072 -16.8848074733 -12.9880320088
3.60077661401 -16.8679074019 -12.9933100703
3.60357246857 -16.8777532925 -12.9914496626
3.6241472643 -16.9469200353 -12.8784881
3.76642188062 -16.9791507184 -12.7089348909
3.60013300684 -16.8856029429 -12.9877335962
3.62472652793 -16.9411207649 -12.9010521356
3.60552292633 -16.9107681925 -12.9639482147
3.60787731135 -16.9187962394 -12.9518892396
3.60053084742 -16.854532627 -12.994750514
3.60256180017 -16.8688387492 -12.993945028
3.60050521303 -16.8915047595 -12.9837609823
3.60292004918 -16.8790035672 -12.9909644565
3.6049365473 -16.8672779503 -12.994238067
3.6594285653 -16.9618661494 -12.8195485186
3.62203453558 -16.9419665667 -12.8973263987
3.60024537233 -16.8897952438 -12.9849384576
3.60015765512 -16.8973160723 -12.9787637428
3.6144099138 -16.8642519534 -12.9945305655
3.60802502674 -16.9155103493 -12.9570846454
3.60029951367 -16.845591118 -12.9944825569
3.60355749478 -16.8852368867 -12.987519719
3.60071459224 -16.8773024862 -12.9907843206
3.67520215499 -16.971234712 -12.7523808295
3.6011311873 -16.8959122408 -12.980198286
3.61294813635 -16.929040622 -12.9319803478
3.62617964896 -16.9403593781 -12.9036801843
3.61157899836 -16.8296801897 -12.9944753323
3.63483342941 -16.8674272927 -12.9917017584
3.64635990227 -16.9567977016 -12.8428361038
3.60516417435 -16.9289249573 -12.9279066328
3.60939700707 -16.8762240625 -12.9915767741
3.60108325593 -16.9058787959 -12.9701888158
3.61003650521 -16.8465232097 -12.9946369165
3.6003992864 -16.9146807143 -12.9555185164
3.66206825154 -16.9662051195 -12.7889781018
3.60206400319 -16.8775946668 -12.9915522856
3.63663177957 -16.9371494827 -12.9116639527
3.61225806557 -16.9229652664 -12.9444609749
3.60001245584 -16.8565683053 -12.9947720423
3.60621210342 -16.866911407 -12.9942932604
3.6016858037 -16.9057549747 -12.9704082227
3.60005193867 -16.8905014558 -12.9845719533
3.63359665209 -16.9430218193 -12.8960597584
3.74963385778 -16.9525716067 -12.8324070011
3.60017780853 -16.8852925576 -12.9879151415
3.60045719338 -16.8993917943 -12.9772231742
3.60279928767 -16.9121460895 -12.9620331673
3.60019035113 -16.8607515475 -12.9946644721
3.60220697584 -16.8708234786 -12.9935423444
3.60444220901 -16.867298601 -12.9942312319
3.60253401939 -16.8774236255 -12.9916130139
3.60006968332 -16.8993574711 -12.9771572205
3.71891101697 -16.9747338016 -12.7458092837
3.60045534851 -16.8801479642 -12.9898307917
3.60010714038 -16.8918648701 -12.9835920528
3.63499103826 -16.93913353 -12.9069737901
3.60703643368 -16.9228101919 -12.9443478554
3.60100107252 -16.8613401165 -12.9946959336
3.60061712171 -16.9055436209 -12.970454047
3.60085746777 -16.8844710126 -12.9876860642
3.60402241151 -16.867782128 -12.9941532424
3.601202726 -16.8650382584 -12.9944100814
3.70474799516 -16.9635605123 -12.8111806786
3.60077866094 -16.8823261341 -12.9895005724
3.60082259947 -16.8995560917 -12.9770491793
3.6000898235 -16.891932308 -12.9835506671
3.60435365361 -16.8709871892 -12.9935421077
3.6107935442 -16.9215549128 -12.9470666309
3.6295349469 -16.9420870495 -12.8987268451
3.60095696523 -16.8630784366 -12.9945782022
3.6034453536 -16.8750778773 -12.9924213689
3.60043468971 -16.8604439716 -12.9947073725
3.64529723876 -16.9610933499 -12.8126723239
3.61922291542 -16.9299394788 -12.9302018378
3.6067084982 -16.9133739623 -12.9602980287
3.60025797233 -16.8882108131 -12.9861725035
3.60000831079 -16.895830715 -12.9804437993
3.60054005415 -16.8917206906 -12.9835281291
3.60143062768 -16.8682564191 -12.9939859958
3.60318216772 -16.8627971969 -12.9946741637
3.60025122751 -16.8796186869 -12.9906295347
3.60365491379 -16.8721861135 -12.9932533504
3.77186815191 -16.9756837574 -12.7301313315
3.60036263996 -16.9019486129 -12.9745695685
3.64444666473 -16.9500823553 -12.8725062851
3.60696917411 -16.9218170405 -12.9463145271
3.60122575426 -16.8837698647 -12.9887517568
3.60303125988 -16.8649043495 -12.9945000698
3.60732688894 -16.8729196395 -12.9929595254