0.00122584221994 60.278681105
0.0450845230615 28.9896703715
0.00912233875949 43.7062399222
0.110071821763 13.7013759529
0.0169101075827 38.4752202874
0.00389604985501 29.6026416521
0.00395146028524 29.5330508038
0.00397173440419 29.5094650598
4.65398166915e-05 36.5143030641
0.034412566871 21.9491299456
0.00625605484019 31.2926742126
6.29624039086e-05 3.93102075947
0.000225840978125 3.91619451261
2.00919745741e-08 3.98498339959
9.70733311869e-05 3.92755505299
7.16125884477e-05 3.93010195264
6.4790402992e-05 3.93082433138
0.000329380241428 3.91000467254
0.000289597669132 10.1466548316
4.70496738028e-05 10.3850300316
0.000246768719704 10.1767279929
4.97511059458e-05 22.2021960835
0.00433262615998 14.8296897719
5.29122363214e-06 12.1732454611
0.000306384345654 12.0325779423
0.000183770235997 12.0486342889
0.000144634098832 12.0611739098
0.000441440604497 12.0237385422
1.67442741868e-05 28.4569846976
0.00296232364133 22.2239603327
0.0032644529986 21.9664828863
0.00352166456973 21.8982880179
1.97854479891e-05 16.1458591585
0.000418444412449 16.0293572146
0.000302195847469 16.0480181076
5.65549538769e-05 6.32042849119
1.86023034532e-06 6.327581831
5.3394858494e-07 6.33008450843
1.81656773118e-05 11.058081334
3.75185326745e-05 11.0450546534
1.16540079756e-05 11.0777256031
4.92955119473e-05 11.0419954187
0.000247351390068 10.8801528514
1.38621426432e-05 10.932191957
0.000299642229479 10.8744355732
1.95142583179e-05 10.9282781027
9.11234926124e-06 10.9400024299
0.000104092008926 18.0437378808
0.00010637476123 18.3086514619
0.00539921519825 14.4647512951
0.00937252174072 13.9634685704
0.0201899468245 6.69991484002
0.00134558364382 32.8640857287
0.154655717689 19.9463103632
0.158785965379 19.6774660071
0.010859501442 39.7466362523
0.00149133668376 52.9271770283
0.000275394364932 38.7988618134
0.000892193359403 37.2345561796
0.0241022437779 15.7499176905
0.0244173149456 15.7033287969
5.64172427691e-06 22.7917289739
0.000103884329267 22.6872002545
3.48924583e-05 22.7373843282
6.61900702887e-05 22.7067599399
0.000114993971998 16.4071092929
0.00334199082371 16.239168932
0.111230429016 18.321918016
0.112450193299 20.6186685557
0.0377431561509 37.0471242423
0.107816480592 21.9416586176
0.11112621651 19.2001465198
0.000256323894889 55.8648952728
0.0238663125992 41.0038139299
0.000352637485371 70.8089624575
0.00644460920774 54.5359284704
0.0472364594997 14.5744714816
0.0756616584397 19.586423437
0.000759887025028 26.8811340344
0.000753619378189 26.8825472066
0.000751077063646 26.8836333239
0.000624770043275 27.1291240649
0.000506611372617 25.5071955512
0.000293574872445 47.136243117
0.000193069056225 47.1987269862
0.000293885054701 47.143926222
0.000260554294049 47.1605703869
0.000293653531513 47.1381855595
0.000293591495062 47.1366532684
0.000113084882526 11.4396507067
0.000152861800399 11.4294011495
0.000277379424173 11.4240009778
0.000149306456016 11.4319819785
0.000383508035223 22.375174932
0.0196783939141 16.9015561226
3.56835287511e-05 7.41536460751
0.00024573062098 7.38132300571
0.000122315140534 7.38926009241
1.60166576779e-05 7.42577999596
0.00018193553927 7.38406325957
0.00386603635515 11.6509345214
3.91304896431e-05 11.9342257178
6.30586461413e-05 11.8781996722
0.000626863981388 11.7621508152
0.00688181994205 29.3466264937
0.00826678375876 28.3499500593
0.00687114070098 29.9027838983
0.00800584944751 28.4962455337
0.00302478439029 22.1111077827
0.0032516395293 21.8877308595
0.0328128353201 16.8953964643
0.0340549631632 16.0831118024
0.0447651785272 16.1937349831
0.000155664898261 8.54865378391
0.000350015538921 8.30310415742
0.000549743253356 8.26550795965
0.000812100058228 8.21410744591
0.00114124953763 8.22338394199
0.000661216692098 8.25168751193