110.31254374 -109.870701432
16.4585987785 -14.919644838
196.232284211 -196.378279821
14.2324375739 -10.9356878488
11.1424182915 -3.58343014147
217.610807237 -216.274974403
213.032454274 -213.069781484
10.339094205 -0.0719495151052
220.523287459 -216.931462761
219.772293356 -217.272999037
175.721035927 -175.816650444
216.301626273 -215.68834469
108.333814748 -108.575701567
11.0842584716 -3.21451689159
13.8073200885 -10.8739257436
215.864237412 -215.359894072
24.5643193155 -24.814276451
10.8127476732 -3.16729035465
159.175940866 -159.422372797
40.7180214558 -40.9679779157
16.915273753 -15.8116798137
13.6193337363 -10.3406361853
217.645444954 -216.457340773
214.375148375 -214.142090427
222.04887535 -217.517147973
220.935262581 -217.387736061
189.945318719 -190.099084832
215.154765819 -214.697312774
20.4975289566 -20.3925595192
213.160137597 -213.270666086
110.440445589 -110.587960358
13.1648917752 -9.46879311486
10.7899931489 -2.09802831153
10.5401493373 -0.56782404475
10.233774357 0.205925582004
52.2831218676 -52.4293398977
112.165599231 -112.392117621
18.662583596 -17.4067298205
13.3920262453 -9.89364701803
11.3965235932 -4.6919325017
213.839322055 -213.647874453
216.368760343 -214.840182803
219.686688673 -215.872133328
10.2678400929 0.255774782278
19.9772670969 -19.7001048125
11.3869552058 -5.00186419225
12.360129205 -7.8248056478
36.255552072 -35.6247107514
164.162775218 -164.042033355
216.83570387 -215.295458266
223.93577354 -217.251905656
211.023149637 -210.852235572
220.229330242 -216.834397635
17.0608964495 -16.0797564308
216.376902323 -215.195622806
102.185212237 -102.393199163
191.651713557 -191.901197047
210.82663798 -211.052089406
10.7763840703 -2.71587069555
10.6114449845 -1.29619325603
15.7044783194 -14.0726499221
112.058006022 -112.157528228
32.5567763487 -32.5232184566
217.720851759 -216.207934349
16.9484554472 -15.9496757021
220.472116135 -217.359655846
197.360436445 -197.594075149
10.7091233954 -2.0311162279
12.1366720531 -7.08315070692
11.7670122685 -6.18393730461
105.202132253 -105.450973203
15.4702957172 -13.5731394576
21.445999158 -21.4228189241
221.73536336 -217.573991813
10.7371589707 -2.55470652554
217.538843127 -216.072177657
203.259536096 -203.506565337
214.797669426 -214.560882192
112.758933816 -113.008120655
220.648910139 -217.368775318
10.6166437304 -1.11331005849
210.529109789 -210.602887422
27.9640905411 -27.3783810109
11.5065471013 -4.62649333915
12.639220226 -7.23522682805
215.18800391 -214.872345916
21.6357124308 -21.6931087344
220.89200746 -217.07659673
212.253548171 -212.502571687
100.621248671 -100.846975886
10.8997386928 -3.39295890011
16.9211220674 -15.6760188497
13.152413154 -9.60963044794
217.552932217 -216.150080639
163.346433677 -163.297395852
112.206194449 -112.455478414
17.1545702259 -16.1412428653
14.7049329918 -12.2561122622
219.227964789 -216.355969854
216.514336136 -215.793639065
10.2368864516 0.306383100329
208.825485338 -209.027957609
25.2192407342 -25.4691977326
11.0959095922 -3.07871690655
112.100628163 -112.346008024
19.3580653911 -19.0311433472
14.313656352 -11.1304383301
219.273438428 -216.99811795
11.4105799755 -4.82550787778
27.4902759713 -27.4760232719
209.883873161 -210.132494345
220.828379593 -217.445258916
177.68426248 -177.881260413
20.9048669399 -20.847699404
213.977796782 -213.912503049
111.096144322 -111.296784284
216.686553933 -215.642780665
16.937795251 -15.6548783526
12.0939622062 -6.7698007679
10.3440829736 0.28543615921
105.76600474 -106.014440323
19.5068915823 -19.067269112
222.531742244 -217.500245859
15.1639772405 -13.2328556563
214.893412901 -214.721189429
10.1231659237 1.78409806093
11.4059452719 -4.9103651768
192.422535163 -192.603897727
112.342050948 -112.586590865
215.934047858 -215.369645376
213.557516218 -213.705888293
221.178564675 -217.559571913
16.353588344 -15.0500016302
24.1008285115 -24.3454828268
10.6398351183 -2.44446982144
193.681561039 -193.499470268
220.529899465 -217.235919444
18.5875784327 -18.1312792341
218.307833193 -216.620021205
154.311700305 -154.544655186
89.9063894689 -90.1487928034
214.058234997 -214.056135928
11.2775363189 -4.89426222548
219.14935113 -216.945681147
13.4139945984 -9.80567016085
10.8696957041 -2.7821177581
106.272016189 -106.518062488
24.6087203319 -24.8586850015
14.0124107137 -11.1177906416
10.7253410974 -0.726647328373
12.1041634487 -6.71942106485
218.47385185 -216.537893505
195.123526534 -195.320111859
211.396157864 -211.638688766
10.5781442758 -1.20003799438
12.7366703625 -8.54599826099
118.612479852 -118.812437796
11.2117635883 -3.98298815078
225.503568631 -216.09564127
208.784173261 -208.631232808
216.525274551 -213.645287834
41.292691796 -41.4985455928
18.8282207429 -18.3113002889
10.416342206 0.541195706794
108.118720145 -108.314519832
17.3310192869 -16.2304342426
45.5260639542 -45.7601064008
12.6451152308 -8.48838184714
215.986414261 -215.504905241
11.8792065761 -5.96868173795
220.140926167 -216.553837144
10.3465062074 -0.49580007349
17.0762438155 -16.1034474251
32.823417349 -32.6889621388
11.2581464315 -4.48326831762
12.6648352866 -8.30490848525
218.018980133 -216.206628388
115.355086694 -115.511057459
214.087947272 -214.149059897
10.6819781727 -2.43310926923
122.943045071 -123.12191382
52.3385721197 -52.4148813965
11.0513370881 -4.02150455866
13.2455277245 -9.79294766439
18.5179485678 -18.0328959434
217.598064354 -216.418334087
218.082350694 -216.513783319
110.78913865 -111.0387037
197.486193511 -197.595244652
213.390361252 -213.526807242
10.7703247384 -2.19305015986
26.769041256 -26.730591368
11.6078238605 -5.67808526578
217.231369133 -215.812747709
16.0550695954 -14.5724609461
220.137835335 -216.272754938
98.0741469873 -98.3075637303
17.2229009662 -16.1156396943
23.3715157767 -23.3666993097
12.9434331874 -7.21471807227
215.493082742 -214.997517188
217.697714303 -215.349910188
198.23153045 -198.47861325
10.4780027595 1.73094549679
10.2430408829 0.607212607866
114.143111109 -114.29549741
17.2349546876 -16.0318053963
44.7390097977 -44.9889849336
218.666676358 -216.856337096
12.4169541646 -8.01710928136
10.9045651773 -3.460424788
214.748067168 -214.436302947
222.379654124 -217.505129373
12.9887061901 -9.28641870314
133.479863605 -133.350576247
10.5019558515 -1.64409355858
19.9981474496 -19.8426508972
69.8190438811 -69.6126505376
10.5432734438 -1.59810980231
212.342519984 -212.586055234
220.949308789 -216.233871604
113.317315069 -113.566612737
221.007332246 -217.0311301
217.59457954 -216.424042168
13.4258875709 -9.14850089409
19.7453553807 -19.4584869422
32.2228642196 -32.4640996767
214.542658804 -214.544505492
214.746679752 -214.565905901
23.32039929 -23.3614483259
217.711882954 -216.207204537
182.923099986 -182.982328087
119.478755125 -119.685687855
12.9520700286 -9.17016698708
10.6335576659 -2.28451051643
10.2791460592 0.897670577373
219.402800037 -217.186588566
119.081562429 -119.319894057
164.522191469 -164.722606261
12.8514227766 -7.20583642883
16.8850247034 -15.789933946
212.734404388 -212.953440897
216.775761733 -215.975222803
10.2811459016 0.202902486873
11.7510305507 -6.30833033248
19.6026241743 -19.2505209642
150.169945438 -150.222481018
13.16274672 -9.61919705973
64.5098012577 -64.6976542929
224.401092089 -217.237286202
209.747602473 -209.978819472