0.860900416149 0.00486410964198 4.31217983509
0.827672248614 0.00210122860399 4.34797612805
0.840709395873 0.00549136355257 4.32638728746
0.848362090741 0.00704733417951 4.3192868688
0.00315152277449 0.000340499642664 5.99709647554
0.850758181672 0.000499031483074 4.31043171024
0.835677232369 0.000176766556786 4.32902649337
0.00333295909069 0.0025492415723 5.99917284573
0.849553932844 0.00417703971995 4.31514168669
0.845606520357 0.00302064906502 4.31754440519
0.825371159729 0.000175809511799 4.3517566306
0.0071938080319 0.00180522897219 5.99415476651
0.837889680066 0.00117330114982 4.32617935726
0.00259129195143 0.0315099176627 6.03807603038
0.85144366677 0.000363715107182 4.30985038391
0.830675435618 0.0010811305464 4.34000188903
0.00366991109856 0.00342859088484 5.99974254106
0.839903216836 0.000326197583534 4.32213036718
0.00657825508986 0.00123978353424 5.99426843326
0.853508262227 3.35193599111e-05 4.30839979626
0.829486568609 0.000867169409761 4.34244620572
0.852135103773 9.39944322206e-05 4.30916773024
0.00305329445749 0.0127342141598 6.01111772592
0.844052960674 0.000214369172852 4.31641287728
0.856807792583 0.000409788254178 4.30767983248
0.840296745657 0.000190104615023 4.32140593188
0.844996358878 0.00183971903844 4.31697868759
0.00771189046784 0.000667192028486 5.9923994681
0.843549501298 0.000501012682979 4.31731155505
0.83071252079 0.000258766609789 4.33908775976
0.00288602410009 0.0237881061838 6.02611226162
0.852539705538 0.000602563325896 4.30945594068
0.855778913387 0.000581555218413 4.30810414549
0.0287274994465 0.00244744013486 5.96609309126
0.85388029974 0.000176135481964 4.30837634925
0.849256426208 9.22751675202e-05 4.3111248281
0.81989490283 0.00253236374287 4.36937029306
9.62891964432e-05 0.00259888072262 6.00256615443
0.848107271963 0.000120641924955 4.3121145468
0.851419051092 4.3412975669e-06 4.30950510814
0.851416141147 3.80615442001e-06 4.30950639003
0.835180466424 5.62319743541e-05 4.32982188355
0.842598776671 0.000354362858542 4.31836861736
0.00255060982237 0.00720656388458 6.00508374151
0.00396663284396 0.0062378033446 6.00248942262
0.842244504035 0.000406580480561 4.31888781922
0.835179385441 0.000980228979688 4.33075692013
0.854945678532 3.64842814607e-06 4.30778700854
0.00812968861868 0.00369607311621 5.99507281835
8.31578144886e-05 0.0660348850923 6.10444720348
0.853532619155 5.67942986751e-06 4.30836072523
0.837676350689 0.000163846978961 4.32551303323
0.835249416104 0.000519779632729 4.3301596837
0.0106082245493 0.00496987176295 5.99353550469
0.850720620996 0.000442766024647 4.3104003785
0.00401740107202 0.044420919118 6.0583100606
0.852238518839 0.000281057766823 4.309297066
0.839112920127 0.000733832926129 4.32375763664
0.840981429654 0.000449794463648 4.32067266431
0.00218187510895 0.00801777653239 6.00639633015
0.831838001015 0.00196301093076 4.33840593184
0.855529457058 2.4106426865e-05 4.30761684212
0.851034237401 6.35217874521e-05 4.30981032934
0.0142999217772 0.0280859449233 6.01921254065
0.0171726134405 0.0161644887859 5.99867773112
0.00331300628244 0.0741236440671 6.11837949069
0.0392201838184 0.00335915689401 5.95007578914
0.835146147308 0.000850919506575 4.33068733969
0.848718771044 0.000165308851464 4.31163509052
0.0029727318691 0.0179916066466 6.01797177975
0.852534188932 0.00021910949568 4.30907248169
0.849574307461 0.000332213002301 4.31111784933
0.0110764106862 0.00522615066851 5.99325285408
0.854879682037 0.000221437923224 4.30802848768
0.845131015207 9.11936950398e-08 4.31495699919
0.834519180551 0.00341082610328 4.33453421114
0.0041432446442 0.00315867674335 5.99894770236
0.855290859046 0.000499817687996 4.30816959419
0.831575896467 0.00251032535092 4.33953198728
0.851952704663 0.00135140452093 4.31054728132
0.0144399599231 0.0105443842499 5.99519146247
0.841898279438 0.000615272322528 4.31956376271
0.0280114531342 0.00111826724838 5.96580913122
0.00262304315516 0.0775005281279 6.1265199499
0.860376696737 3.07071836456e-05 4.30707253237
0.844542402218 0.0005742080921 4.3162008623
0.848833056495 0.0011325201491 4.31251935999
0.832699203934 0.000804707360619 4.33542727399
0.00061038711028 0.0106285754032 6.01107758247
0.00944766452526 0.00105065175781 5.9907732617
0.00483534256381 0.00470875961974 5.99986203847
0.836867095721 0.000519819574505 4.32725226597
0.85161242816 0.000249560326559 4.30963163723
0.845264693454 0.00117758367036 4.31599986371
0.854661931556 3.0031688998e-05 4.30791568055
0.00895552210468 0.0152326210742 6.00770146872
0.00242330669807 0.0377162029362 6.04836385165
0.855103085326 0.000187926887486 4.30791759478
0.849691215836 1.66793826106e-05 4.31071208399
0.830763222508 0.00016289584592 4.33888041015
0.00453668765836 0.00600063451306 6.00160921245
0.844042889295 0.000736778904776 4.31695198476
0.850646672753 5.74075048693e-05 4.31006359541
0.853048481683 1.42443081957e-05 4.30860100595
0.827409995916 0.0025650160113 4.34909602741
0.00305386415602 0.0580794833597 6.08516561726
0.0141323571394 0.0203840336024 6.00826692105
0.0276455789159 0.00390589106691 5.96928213835
0.8543350685 5.44320030924e-05 4.30806572122
0.836078158781 0.00124030585262 4.32937823297
0.841066972669 0.000529928249842 4.32063178214
0.8504237092 0.000295842826965 4.31045733194
0.00157727118407 0.0089212627655 6.0080697701
0.84932352951 1.92520914338e-05 4.31099875118
0.834144488757 0.000427584030761 4.33216470547
0.858305821101 0.00036100905168 4.30741372674
0.84462266249 0.000305542421133 4.31583750629
0.00357937013233 0.0523412638415 6.07342680956
0.0176171700203 0.0206345450513 6.00409335483
0.0324798817206 0.00107712718516 5.9588201347
0.8523837358 0.000479474942499 4.3094163203
0.831368630086 1.21497838146e-05 4.33741741481
0.849781642167 0.000455880827763 4.31108497785
0.84160511923 0.000518129244274 4.3198666468
0.00321133418327 0.000228512933244 5.99692049113
0.85593125621 0.000101380731781 4.30757849501
0.829496839809 0.000575955503952 4.3421275887
0.844669500356 3.85438508511e-05 4.31551591095
0.849659914117 0.000120376391726 4.31083969252
0.000718805147702 0.00497902770079 6.00448891425
0.00342003517672 0.00162165793124 5.99811618768
0.849122720182 8.51485624237e-06 4.31114758632
0.835695004907 0.000437389583022 4.32925618796
0.844246809362 0.000283739105354 4.31625283186
0.00445495155928 0.00466720843991 6.00023049428
0.863131306055 0.000107698155315 4.30765995154
0.832697983317 0.00020536599391 4.33482472564
0.841944529895 0.000609173680745 4.31949491649
7.49383702496e-05 0.041609133377 6.05743642108
0.845650135045 0.000292833146807 4.3146846668
0.0277013952891 0.00350628190571 5.96877034945
0.856309519876 0.000286170562316 4.3076665761
0.84827220923 0.000186761422899 4.31203661025
0.828137243178 0.000424631875001 4.34514468919
0.00693769999041 0.0064894460858 5.99949509628
0.842144130714 0.000318639160956 4.31893321523
0.00470694351528 0.0143288796359 6.01134238438
0.854762045818 0.000157503059408 4.30800657119
0.840978543396 0.00016578632178 4.32039112622
0.00242469736872 0.02931817033 6.03483648858
0.829376689706 0.00154544736107 4.34339116806
0.0193198715653 0.00562533049426 5.9831050987
0.851470870403 0.000326479403823 4.30979600288
0.856140834751 0.000277255786941 4.30769965748
0.000252468412059 0.0382311940131 6.05145745689
0.845760096927 0.00068167260777 4.31495986543
0.835742765003 0.0011334930574 4.32987554612
0.00818223023461 0.021837731603 6.01748803323
0.849659995208 0.000548226401201 4.31127017689
0.851873638184 9.85700534546e-06 4.30923484786
0.835167177794 0.000428312678827 4.33022042439
0.856653836449 0.000438895769955 4.30774144567
0.0169455755269 0.0117417749662 5.99339807779
0.00903098698415 0.0275315513632 6.02479677647
0.00440488179473 0.0713772330429 6.11126550524
0.841856952284 0.000526054354 4.31952972798