-188.724093696 59.1216457092
-77.7081661554 28.9034803975
-70.8139973799 27.7861632409
-34.2590400504 26.1768041363
-199.556797503 77.4150035821
-85.3471096426 26.1254673095
-84.9274182528 26.9272653489
-217.100685435 71.5308598623
-83.5443184136 26.7311286815
-212.041436452 67.2746512201
-181.267081402 55.7623345882
5.16610789047 24.5039346422
-204.286883875 50.7167872087
-212.782067667 53.2028860595
5.19312304014 24.5167373883
-27.9027914391 24.7362378198
-212.334584114 48.4134974161
-51.9818778194 24.6637313524
-84.7684575219 26.9567726135
-58.1611710535 24.952208242
-206.227060322 66.6525722946
-181.641862345 55.0631728139
-64.0468651099 25.2880594944
-74.9439522702 25.8640374726
-206.422452512 53.1121072425
-75.1418364345 25.9934223218
-208.432104533 56.5032448213
-211.835966624 58.3004381717
-46.1459279055 25.4173719946
-35.0584764784 24.5995866031
-35.023857178 24.6007296521
-54.6540802836 24.5977988232
-75.7605437428 26.585951739
-210.850111977 53.8783002495
-195.506384445 50.6994407398
-69.4312833057 28.4456452867
-77.1190043587 28.9573493501
-212.421566407 56.195146869
-81.7223376018 29.4254147277
-219.009559269 57.5482814119
-219.571672034 58.5720512867
-52.2742795547 24.4815148905
-55.2341663865 24.6421797671
-204.862017502 53.9515667011
-203.724140822 53.6333195453
-28.2267948062 23.9471772139
-212.545900393 60.2185814401
-41.7750879264 24.8834438755
-208.374727812 57.2221261198
-47.5170961576 25.7120089396
-212.300995779 51.7500307777
-24.6480516637 24.4276354038
-211.901239964 51.0934279183
-211.910866462 51.0290297983
-218.805662194 61.1666543219
-19.8937795915 24.5175179418
-23.7434156031 24.9543998466
-200.727780802 50.5963787755
-199.367274487 50.2077735345
-215.04168996 58.1897800055
-217.435936485 57.2621132878
-71.8806275063 26.5007223941
-217.580387767 57.2982934128
-218.038544502 57.5350930896
-218.595324613 57.5822651617
-217.730940688 70.9363334469
-215.29762639 65.1178998771
-181.164386628 55.5311166107
-47.5440238311 25.7748253217
-52.042157016 26.2008436339
-210.403430188 50.3985379153
-6.24933999817 23.9612205827
-18.364514431 25.0804421754
-218.266173268 56.7388924146
-71.7020553603 25.8608434546
-216.136945499 55.0261820603
-82.1207199465 27.0081363091
-214.767633768 54.7043434397
-45.2525628425 24.7799721114
-47.2348093468 24.8560732175
-214.328621748 56.2825440052
-215.764248078 56.9405249408
-219.193303823 61.1487395545
-217.097389159 58.9879148396
-8.90593795907 24.7364536335
-218.632990741 59.888013018
-78.7331970439 28.7332412504
-215.112805147 58.4552183775
-62.3356720588 26.8905035198
-1.75962725832 41.5876839794
-94.2753837971 48.5102932463
16.8926199997 41.7103499908
-160.689198734 59.7845621634
-65.0999864868 27.2305461123
-79.2648098413 28.7350618789
-83.5095892686 29.4064804399
-209.491649902 54.6586535526
-87.3027918015 30.4259721031
-22.2534074945 24.0496145965
-218.584271577 55.528386166
-84.3944512362 25.9401900973
-208.224572652 58.4452630762
-86.1384164652 26.133877596
-85.6464150779 26.0215347275
-197.594599641 60.3639221211
-76.5414232933 28.623517333
-213.049436633 65.2382979643
-67.693506093 27.8961343172
-213.032590086 65.2140806654
-212.590676246 65.0171846733
-72.2936741122 28.1342595977
-211.807054035 55.2795648613
-62.1539088542 24.9957599658
-65.1390334077 25.2795833513
-215.250619882 57.7081757561
-61.341527419 24.9512328387
-76.4887077917 26.0939922184
-216.174543939 54.4823824847
-217.845924217 55.3996200227
-14.70142287 24.0471866228
-57.655858556 26.8921464003
-46.6192131968 25.5274291001
-204.488666456 52.0746647143
10.8824689278 32.7396985773
-146.965240499 55.0380505748
10.7234778669 33.4816526813
11.4441527054 32.9125875561
-193.417896103 63.4688995366
-172.367636898 58.773151661
-11.8383007145 26.5465392696
-213.239264058 56.0970135437
-19.0663565035 27.116781508
-32.1371493211 28.9129038569
-51.1976814099 24.7817966655
-56.3406441176 25.2490896574
-54.1933672924 24.9729601377
-198.707849046 53.906661447
-209.172028316 57.4823285167
-210.879797443 58.7249630407