0.82326726029 1.40292236966
0.466041300989 1.8318854565
0.121636462141 2.41358369387
0.141256982794 2.36791091024
0.00389383740987 3.17660678989
0.956240571041 1.34381522656
0.175209810637 2.38752089869
0.965404071423 1.63092228
0.0760067925735 3.2172714017
0.375109039906 2.32918255261
0.952238291471 1.64667851354
0.0385991701348 3.46705068415
0.00754056257518 4.05758122545
0.0908853741782 3.16469067987
0.732759102802 1.74801415042
0.0370990572174 3.51515333811
0.151242051473 2.77594257143
0.254891057394 2.52678968494
0.00550881268808 4.05651646391
0.098547642734 3.04084130896
0.00323325516963 4.14329791126
0.778812182972 1.49093063145
0.00705820818299 3.42533467887
0.412266112124 2.06126414318
0.102340395526 2.73276515594
0.886953351248 1.42435142485
0.205403675541 2.41527079924
0.390306519339 1.79559536414
0.0916423724357 2.38948315953
0.0168887166385 2.86273441845
0.136635633885 2.28005048824
0.256394107865 1.99491761079
0.0549505687007 2.61807204752
0.0290597562577 2.76073726272
0.00340470573918 3.06818353412
0.0541707411031 2.59587748216
0.405550512627 1.75632789576
0.261675996642 2.02995569561
0.00616708411992 2.97536816045
0.0787844048646 2.50518724605
0.539702339765 1.59241460723
0.515041893689 1.60091974883
0.0828269857277 2.50348636256
0.321187243739 1.92699826785
0.00556114151706 2.95018260948
0.0432384658683 2.74503692315
0.163371712235 2.25319377931
0.488157460169 1.63364067822
0.012896875575 2.60643951494
0.522410215704 1.47638805249
0.12417142171 2.18139674504
0.00878247696211 2.65256465605
0.031685705645 2.51809464526
0.217645773805 1.98217691367
0.00752411167712 2.66511642234
0.00160587857897 2.82924890186
0.542147724538 2.01951810417
0.0350880567259 3.37472710094
0.826374979143 1.60861134209
0.172936758608 2.72657355208
0.0181691159121 3.53628674728
0.975014730145 1.50422271328
0.000297761902657 4.46477540779
0.842843860343 1.94788041948
0.0297493949486 3.43658316612
0.335491091342 2.33442885285
0.167583346345 2.61056035602
0.0123704187615 3.78862835874
0.00508937017134 3.96420940281
0.637998672843 1.64452199247
0.155545768493 2.72145095437
0.196511552095 2.59508558708
0.00294758123795 3.67277817303
0.0161074865499 3.45865020666
0.440448702942 1.96096097142
0.0972718908196 2.94878506312
0.486986099593 1.80134358053
0.00105019346619 3.21712540146
0.185145503924 2.34808595794
0.00513939257196 3.05979616402
0.0465045252422 2.84984516875
0.350313244953 2.01876255297
0.0023702671708 3.1824142714
0.000914406843291 3.73148550936
0.858266205049 1.6047403656
0.00678883572505 3.47596205478
0.0394366797572 3.13345590855
0.0236903688438 3.26077487991
0.204408132724 2.58166057928
0.540369604773 1.95489760243
0.113053703829 2.76026117692
0.00177735075532 4.46554636953
0.176996982281 2.80416208683
0.0257895917744 3.67993523267
0.0164639379941 3.90388678037
0.0586690671681 3.43257711438
0.595369083161 2.11813345648
0.779814586733 1.89195463087
0.933995174952 1.65518938599
0.018004975539 3.39229669665
0.0593809409229 3.05929529261
0.151054557914 2.78802537174
0.00924403146509 3.51041226299
0.661398325561 1.86381730679
0.353814463908 2.3459511449
0.0174717933568 3.51299983504
0.342286540485 2.35741084884
0.00365347756497 3.846916358
0.99818483201 1.57719979688
0.164450710105 2.73012372851
0.0308940938671 3.34710137516
0.192818989485 2.64674348518
0.645070508562 1.74699241815
0.169469670438 2.68637644847
0.0478840413602 3.07120572051
0.00228775168022 3.70787787264
0.0131810566108 3.45991112522
0.444130443096 2.07669259971
0.643888238868 1.74803144582
0.94329395087 1.73215253423
0.413821034101 2.35799331148
0.256878724198 2.6499923639
0.0202558719835 3.55774439217
0.0619665917463 3.34172859006
0.555764653548 2.14623720097
0.00174592348953 3.97958786738
0.556357679022 2.03321265518
0.124152004567 2.89693551211
0.0115390943052 3.66715082977
0.0412070044538 3.28879196414
0.502306393065 2.09178761844
0.0315797410934 3.33045848039
0.734181310558 1.87648821675
0.285923547299 2.45185420322
0.000583766092709 4.09835710948
0.00992426783528 3.78483124214
0.0780191324391 3.06595740123
0.40391824269 2.23581674652
0.0402684746328 3.36683416305
0.00149303398992 3.39312312189
0.012601612619 2.98835594502
0.0900179450081 2.51941259529
0.0340892616924 2.77631716351
0.183625912778 2.19877470344
0.330311282701 1.95749713885
0.648794405991 1.5736765261
0.674362644804 1.79710529775
0.123268035963 2.97041699795
0.230347706865 2.39455241312
0.0399193987415 3.54190038491
0.0031613392922 4.13778794189
0.560987407939 1.88453602677
0.0101918854064 3.97072441356
0.642282490796 1.84046731014
0.14770388943 2.49498566067
0.00441035680408 3.46816032006
0.294958644654 2.1536116031
0.00330497807345 3.49427565287
0.695419574739 1.62195341883
0.419217370373 2.00273425787
0.0466667315594 3.09581647299
0.191497911086 2.50101136689
0.0164231632953 3.34488966987
0.00346123502656 3.56492413875
0.643826300042 1.66344194114
0.973950019917 1.46423061979
0.375797172125 2.22285576236
0.200229329807 2.59693583558
0.0827290465382 3.03401868476
0.0177480085091 3.42096701898
0.575769380575 1.87311396324
0.00211559428576 3.91228224498
0.157786932083 2.73526104079
0.881511829093 1.95567137999
0.000244336546054 4.16715682679
0.244378712356 2.62681008952
0.0176935396279 3.4842080904
0.0655563105623 3.04830544084
0.0855802467983 2.99501997637
0.042346936958 3.21383815831
0.587398473764 2.15332155605
0.687448604233 1.85361850793
0.598424739946 1.95958788503
0.25890701613 2.48049317483
0.0107532604687 3.72275453549
0.0981068812277 2.89278044102
0.00293843214432 3.91540329294
0.153012629322 2.86195509395
0.00743063935521 3.65515925716
0.427974096074 2.13168530703
0.737662113265 1.68416498234
0.0301171252006 3.39727341008
0.00237897748375 3.8776950538
0.0017653409307 4.01982036622
0.0100320664453 3.69596143446
0.198578275707 2.57636132466
0.0789785098837 3.22652953647
0.414912956593 2.18394781574
0.81577593648 1.84433686156
0.277269840086 2.71225349259
0.050098122704 3.58433590981
0.0401353414884 3.69819554388
0.00170422110344 4.33536176266
0.411071786761 2.42511117652
0.129522976555 3.19623384084