0.899394153795 1.18601625982 445.937458301
26.4774329254 697.330968307 6.83288113829
919.792425075 6.67656247257 2.60926112344
847.904661619 12.1011170056 30.107830337
0.107284147054 7.04496496445 654.378634557
68.2867725264 857.000156178 1.82978087943
706.219000828 98.1811120789 14.8953351389
3.48091822177 645.430245138 87.9283247315
646.070718925 18.2971345995 92.2514314752
35.2642423234 49.1057382413 451.866096993
804.331187839 9.38893941856 12.0229220057
6.14968428578 8.00451043861 680.51903775
2.35177519016 655.88291139 15.3315491489
147.091472216 500.121394126 5.39848366221
78.0858499477 2.20568245543 527.358925742
91.1781494664 266.530186217 210.995601751
1.39958586187 414.623849699 199.282893056
17.8736602548 926.639188459 2.28051347409
743.89813112 16.5440984401 5.20399688159
5.08033488987 2.53439825289 483.439148109
219.616634734 217.97053709 156.606458599
275.444601708 138.495572067 170.642775862
786.357029066 138.698217181 14.2970524393
0.011032936676 0.00351406960619 591.335406468
40.1809605153 738.589950139 7.21067731355
1047.02945046 18.1543972062 22.7978672207
45.5453593845 23.7568576166 334.497846704
1.21439367785 8.15631326928 470.65646513
54.5247883297 443.331155065 87.4335398172
816.174498495 13.1315635938 13.3583046365
4.28372558943 920.631659041 12.5644151822
758.355441671 12.0995131311 11.2750286984
1.32670263151 4.09257796347 542.252021886
74.8467417655 421.324408177 69.1343053716
80.4593837173 75.3402929608 336.540100986
82.8280472173 584.80092282 30.7924932276
1.06920385861 8.24102299568 374.279440613
810.250050855 15.1314899596 14.0360920536
36.1327411864 754.832428128 6.15018632025
631.294402453 100.34115125 4.54808278634
16.8676202209 598.887251232 79.7065457883
5.29717472889 0.903626065448 798.734271324
33.6209629177 857.990270546 17.1834369561
207.98215119 72.114236184 306.832726111
486.144350676 7.10450731641 16.9021480491
143.029669552 192.847137055 182.979152892
728.499942473 7.6309497085 3.60021323626
72.3478230395 247.045406269 38.1915298417
10.2812456606 3.14707755551 601.413792464
23.4074408177 620.915037323 18.4781514785
2.57723834685 8.15214802092 514.825667456
910.741659121 19.3270118362 4.58625920069
386.22645138 205.387331505 65.1721392064
648.126955808 93.2468776505 5.09927944856
6.881192196 21.5721765426 143.765613257
50.8460310168 837.647311609 11.2434705942
17.7519895493 549.570056996 84.2803384161
2.15395655162 6.85278799548 694.304910832
30.5596993801 705.055228346 19.8224850665
74.4855588736 40.3099920763 492.878803841
639.189260186 70.6194395578 80.6617577576
444.949003234 227.509538424 6.42817928815
939.190573531 33.0799664271 32.0171602375
597.765106317 3.35861409923 18.1279916803
38.874279117 1019.78229075 1.06762768187
11.3511234469 535.914428838 84.3602849417
7.25160725953 337.915010927 169.630977924
21.3932574112 11.1390230301 673.05236583
13.5740154255 80.4969241573 541.489250531
3.58959212965 3.63191794011 779.723588386
991.577780206 16.7088314351 22.8568404824
8.68479205617 24.2300408152 469.598227335
0.873858966936 5.3796596289 515.483947745
123.997427656 636.704840213 8.56537870592
746.989252516 12.3403703801 73.6634548197
27.2119773578 886.363072926 9.6870818485
2.31093120853 0.904036671083 565.710465068
13.7037342604 4.33825899455 552.879797921
203.358585995 201.386900674 150.620434265
6.82435193077 921.682013844 26.6563054468
781.768394552 3.26545298508 2.21891255793
2.79475340799 3.71165779586 296.447740538
13.8915369854 433.083715847 50.2928112703
454.135230601 12.1173154317 64.2022694399
0.722603054532 1.98375435039 786.034242875
15.6152467549 48.2522575142 585.553816415
390.453016939 13.0532639833 73.3596005196
27.3185025525 691.114506998 1.82438097084
68.9237207554 451.974746554 16.3378891237
8.5837855953 12.0516825923 621.277857703
542.854694997 1.55456275435 32.3523312954
2.78869609772 1.98832280856 692.6749506
72.0833156757 585.958343585 4.72845273653
18.6853373196 770.905182256 1.11863754099
348.160558852 65.4733475504 7.86372144418
4.14500828556 2.10667204938 328.423340428
30.4005822623 15.4574408643 228.175112067
0.0777869123452 439.93907165 69.7883936591
0.76592343937 895.041890424 10.8742415796
351.303357801 7.88439504087 55.6121893803
1.03651530689 3.88089237621 725.06132955
77.007309593 454.293381466 131.991152131
18.6485180432 852.149711489 4.85019346344
18.719387435 775.162721469 24.4507625393
1.41154103821 3.96408565286 626.403020542
8.95487116493 548.215583945 88.9999894952
767.294664732 10.1029705258 8.43560465162
117.05760983 594.559662404 1.74480221276
769.609971455 22.6655717833 12.3688948481
508.691039389 96.4037258976 59.3907137197
127.342108852 18.344673356 367.814839094
100.238631421 542.477552081 88.9304004861
889.521396357 16.4841226421 9.02409219311
72.5716567952 830.533939978 8.36990766712
760.489775104 28.7102446611 24.4148193256
7.82490897302 1.27006064509 651.917244078
3.76961863298 1.30094383494 665.392625369
28.7442207231 757.908488155 1.66019653961
106.555133744 387.134894546 48.0079138873
0.198113059925 0.145154104139 530.082115776
560.719835429 105.513080609 4.90872919946
977.23135397 0.884897297941 20.7322703696
4.44494156284 6.836864062 684.684304807
917.871384341 3.02726337394 14.4002109539
323.346907312 101.108756514 111.559985283
8.51312703583 724.130121547 14.1127206692
535.641697332 83.6959596418 5.2941316464
665.928469918 9.73850551418 4.33395218705
0.888069706424 5.3367600043 614.195105977
114.171177321 115.861477714 325.829974872
11.0315616651 1081.05016642 8.98894029876
37.525523249 503.438265175 85.0772259795
620.562361746 5.89217878335 34.4852888941
8.19929552033 4.25863894865 527.988911096
267.807612316 41.6135243289 143.790301418
3.48332454688 1207.21929355 55.2135808561
104.321712339 722.139917465 5.40219446915
785.713760102 34.0240849392 8.10557382541
531.0847557 1.56717269108 67.7638584422
5.31368184725 852.482633948 22.7977081816
207.70850892 70.281254082 333.830863042
687.971852716 103.615239749 21.8462079571
1.26741739479 1.39610529302 587.018744314
45.5757364587 453.2807975 155.602309135
952.709411072 21.3729828538 25.0860993509
959.650681067 0.359787314333 28.3327982303
7.73771715498 1064.98170642 4.94223282094
272.330317903 203.514783279 110.725355573
547.415418932 82.7073361686 82.6896392706
10.495370199 5.32917584416 334.001087872
167.944514727 502.428124565 12.6806714499
4.84566428213 12.7267250136 519.679032245
0.117192807902 0.670660241873 662.862385746
9.61816479768 569.310736875 3.50626338793
841.803724968 5.44380652864 21.0913360097
460.852289753 170.194165418 21.1667031981