1.0377689438 5.64585700868e-37 4.12512440651e-22
1.0377689443 5.64585700962e-37 4.1251244072e-22
1.03776894337 5.64585700428e-37 4.12512440552e-22
1.03776894417 5.64585700863e-37 4.12512440118e-22
1.03776894357 5.64585700513e-37 4.12512441056e-22
1.03776894419 5.64585700886e-37 4.12512441135e-22
1.03776894435 5.6458570088e-37 4.12512441588e-22
1.03776894322 5.64585700325e-37 4.12512440441e-22
1.03776894396 5.6458570069e-37 4.12512440863e-22
1.03776894391 5.64585700756e-37 4.12512441183e-22
1.01867004158 7.24382823263e-32 1.60681533363e-32
1.01867004144 7.24382823201e-32 1.60681535086e-32
1.0186700413 7.24382823064e-32 1.60681534302e-32
1.0186700414 7.24382823137e-32 1.60681534843e-32
1.01867004161 7.24382823292e-32 1.60681535064e-32
1.01867004136 7.24382823087e-32 1.60681533509e-32
1.0186700416 7.24382823254e-32 1.60681534148e-32
1.01867004129 7.2438282305e-32 1.6068153478e-32
1.01867004144 7.24382823171e-32 1.60681535416e-32
1.09255474454 4.48507216935e-28 2.6337468291e-32
1.08759754318 5.55777681496e-38 3.10720015244e-20
0.193657817348 4.38954285333e-54 2.03537377673
0.0681794472123 1.75119464918 8.04908339863e-27
0.107650263023 1.59906892178 3.1658385789e-26
1.00229107408 5.33934100207e-29 1.71629605513e-30
1.00230432128 4.16932723755e-29 5.36571263909e-31
0.271347909538 2.81266800337e-24 2.14162623774
0.0958153680375 1.49515914708 2.33094055188e-21
1.11117150021 7.60972787081e-23 1.14650381078e-46
0.0422176358807 1.62083976612 3.92886521668e-13
0.568503004449 9.6998157629e-31 1.67169512831
0.0376193142788 1.6376403604 2.78440514098e-18
1.00217822866 4.51269301069e-31 9.28873820362e-31
1.00217216554 4.22432177032e-31 9.28975145169e-31
0.0705795268035 0.00741358024896 1.81891174804
1.00219987638 4.43903457768e-31 9.40399060677e-31
1.00218742393 4.29507702347e-31 9.47070371483e-31
0.328268456309 1.76267857349 2.62540866277e-16
1.00219490866 4.64222288108e-31 1.07260230222e-30
1.00217118713 4.73209645277e-31 1.12492641882e-30
1.0044358144 2.24651870546e-31 8.53587247577e-33
0.15271150502 9.12553643682e-57 1.44187655427
1.00426329729 7.64932549739e-31 9.92736088211e-32
1.00487213029 6.48000002624e-30 1.33393881514e-30
1.02080884065 5.04517256249e-28 6.87357797034e-27
0.200185600706 6.02007008392e-09 1.53488605252
0.175099276529 1.93526141104 1.15485464093e-20
1.02094889666 1.43062930022e-30 2.36622397532e-27
1.0887726746 1.46250935017e-38 2.57844532872e-28
1.08877267608 1.46250623423e-38 2.57844533563e-28
1.0887726764 1.46250556771e-38 2.57844533924e-28
1.08877267582 1.46250679698e-38 2.57844533141e-28
1.08877267643 1.46250551044e-38 2.57844533246e-28
1.08877267616 1.46250608078e-38 2.57844533286e-28
1.08877267649 1.46250538934e-38 2.57844533581e-28
1.08877267601 1.46250639247e-38 2.57844533294e-28
1.08877267628 1.46250581341e-38 2.57844533381e-28
1.08877267622 1.46250594496e-38 2.57844533111e-28
1.00654035244 3.41030903084e-31 4.42042166252e-27
1.00654035355 3.41030903387e-31 4.42042166737e-27
1.00654035384 3.41030903309e-31 4.4204216687e-27
1.00654035297 3.41030903174e-31 4.42042166527e-27
1.00654035373 3.41030903419e-31 4.42042166802e-27
1.00654035327 3.41030903293e-31 4.42042166621e-27
1.00654035305 3.41030903187e-31 4.42042166536e-27
1.00654035365 3.41030903226e-31 4.4204216676e-27
1.00654035383 3.4103090345e-31 4.42042166879e-27
1.00664314417 7.50111974535e-29 7.18579360755e-32
0.0190054365983 1.64305536132 5.70554867745e-11
0.101892605949 1.96946328145e-13 1.58925336051
0.271086660596 3.20582441819e-62 2.32365057899
1.06440776034 9.28315381324e-31 4.51755753191e-41
0.0168480884949 1.6070128806 8.5151316745e-41
0.0798863869124 1.41957066309 4.87762503985e-30
1.0045671256 1.94077667013e-30 5.49171352555e-30
0.0168726136641 1.49696374707 1.6133240605e-13
1.0046323363 1.53518651614e-28 1.46853786163e-30
0.0106400523739 5.65458261389e-19 1.46190369217
1.01625161592 1.12412353779e-29 1.0262029378e-28
1.02798511204 1.32256639239e-34 5.60900270185e-28
0.0960188330225 1.69698244245 3.41272813292e-06
1.0030477258 1.80025449377e-28 3.33324304056e-31
0.00981533324955 2.62477769097e-28 1.75927683443
1.0394133097 1.81489705333e-40 2.5030612122e-32
1.03941332204 1.81486939077e-40 2.50306122432e-32
1.03941331981 1.81487436945e-40 2.50306125672e-32
1.03941331809 1.8148782237e-40 2.5030612297e-32
1.03941330997 1.81489644913e-40 2.50306120824e-32
1.03941331176 1.81489242079e-40 2.50306123086e-32
1.03941331819 1.81487801044e-40 2.50306123344e-32
1.03941331398 1.81488745845e-40 2.50306121651e-32
1.03941331305 1.81488953384e-40 2.50306121748e-32
1.03941331809 1.81487823524e-40 2.50306123832e-32
1.02887183665 2.971603179e-26 8.64069123132e-27
0.225953489132 1.91869048894 5.24111251148e-21
0.0908601189966 3.69914232615e-37 1.63014716558
0.0347319948349 2.35925271998e-50 2.02276679598
1.02421997919 1.26667521354e-32 1.56848472863e-30
1.02421997915 1.26667521639e-32 1.56848472452e-30
1.02421997903 1.26667520002e-32 1.56848474608e-30
1.024219979 1.26667522068e-32 1.56848472898e-30
1.0242199792 1.26667521846e-32 1.56848470566e-30
1.02421997918 1.26667520149e-32 1.56848472095e-30
1.02421997916 1.26667521323e-32 1.56848472825e-30
1.0242199789 1.26667519717e-32 1.56848472568e-30
1.02421997915 1.26667521624e-32 1.56848472945e-30
1.0242199789 1.26667522118e-32 1.56848472618e-30
0.109920542767 1.66353582331 1.52777431644e-51
1.07388149875 3.46925628175e-22 2.22865842581e-24
0.0314043253756 1.47046319854e-31 1.34280864924
0.0466158801735 2.03297137926 2.39293035038e-50
0.0803954845879 8.29362573404e-16 1.66419916862
1.00212776134 1.92214887826e-30 1.70979703542e-30
1.00220063541 1.14326337585e-30 5.88757128482e-31
1.00218375969 1.04541916759e-30 7.69922370144e-31
0.175450680507 3.70997552559e-16 1.4214907176
0.00536503447533 1.67247049717 4.35410512974e-22
1.00941593871 2.34283998333e-32 6.50450145621e-29
1.00948136887 1.46454026561e-32 4.32708632175e-29
1.01566968226 4.33007275018e-31 1.21937002586e-29
1.01566968232 4.33007275947e-31 1.21937002596e-29
1.01566968231 4.33007275906e-31 1.21937002591e-29
1.01566968226 4.33007272908e-31 1.2193700258e-29
1.01566968225 4.3300727654e-31 1.21937002585e-29
1.01566968223 4.33007274818e-31 1.2193700258e-29
1.01566968232 4.33007274814e-31 1.2193700259e-29
1.01566968229 4.33007276233e-31 1.21937002588e-29
1.04079581916 3.48700209793e-27 2.06460692344e-32
1.04079581912 3.48700209732e-27 2.06460692282e-32
1.04079581888 3.48700209837e-27 2.06460692178e-32
1.04079581872 3.48700208739e-27 2.06460692401e-32
1.04079581842 3.48700209174e-27 2.06460692188e-32
1.04079581898 3.48700209603e-27 2.06460692332e-32
1.04079581852 3.4870020912e-27 2.06460692255e-32
1.04079581839 3.48700209184e-27 2.06460692287e-32
1.0407958188 3.48700208884e-27 2.06460692304e-32
1.00732509339 1.15031148002e-29 8.39727971121e-33
0.0237157779282 1.73981070687 1.27581740949e-44
0.072453919305 3.41471982273e-23 1.84258185711
1.02385093285 8.22898332694e-36 7.05493658649e-33
0.0249855592329 1.73307595454 9.45094048563e-17
1.04314259359 4.32239311727e-31 1.09078315243e-33
1.04314259568 4.32239311822e-31 1.0907831538e-33
1.04314260163 4.3223931364e-31 1.0907831597e-33
1.04314259972 4.32239314838e-31 1.09078315831e-33
1.04314260256 4.32239313647e-31 1.09078316133e-33
1.04314260219 4.32239316339e-31 1.09078316093e-33
1.04314259677 4.3223931193e-31 1.09078315525e-33
1.04314259702 4.32239311947e-31 1.09078315504e-33
0.0300569767061 2.96759563226e-37 1.42810139172
1.00482075416 6.36861893256e-31 9.11282341433e-29
0.0299311011657 2.88830194544e-48 1.33695169844
1.02760758032 1.49267020824e-35 5.04491533038e-30
1.03376626349 2.43430670661e-39 2.72628626101e-25
0.0158819906856 2.20322919169e-45 1.36516482597
0.00286708228832 1.99522745115 1.32076295131e-13
1.07389138031 2.07947807788e-24 2.39198897868e-25
0.174442172894 3.41744095414e-124 2.35129030982
0.026831139986 2.9911483426e-26 2.22552255369
1.06575325825 3.63241287392e-24 1.47898342215e-25
0.205445703448 6.63186224981e-44 1.34770118726
0.338612021155 1.99170409355 1.10508693924e-26