1.17977896354 5.75064098576e-30 2.69343253751e-29
0.048349930635 2.724657738e-23 1.53054566707
0.0401761223386 1.69169110502 1.79248977947e-69
0.0735409318366 3.31993795733e-87 1.76080412175
1.21961903999 6.74145279256e-57 8.74049875259e-16
0.170972408999 1.57433119753 7.54105464441e-26
1.204786916 4.06724783116e-24 1.16937583863e-35
0.0458513695936 1.90447135263e-71 1.84364482654
0.00404541472328 2.12856340844 4.69867548532e-33
0.0260230248088 1.07455429042e-57 1.86194999662
1.22306432914 1.4226924914e-48 4.38191623731e-41
1.18477385395 7.10845985992e-28 4.06123866994e-39
0.0313427268251 2.02110038671 1.72959896116e-118
0.137173536308 1.72095112395 1.46718825401e-22
0.0150716299351 1.27615203649e-19 2.06542279607
1.2046762468 1.02673094014e-46 6.09144261276e-31
0.167508445052 2.56864904853e-10 1.75579872148
0.00254114902617 2.09037448899 6.74656330894e-44
0.0454871430494 1.91969375737 1.99929200207e-19
1.25393210393 6.21900032185e-22 7.68642525904e-30
1.28444486958 3.58071008058e-25 1.44561069166e-19
0.0137208977842 1.255071417e-42 1.77368430713
0.0639047465684 1.65700902695 5.30659127499e-06
1.20534443591 5.49937658643e-32 7.19071027906e-33
0.118117521323 3.99412025344e-16 1.94713379829
0.0645856573687 2.06688275246 3.88848948403e-25
0.0716620438319 1.77426135298e-83 2.08481710466
1.24017725111 2.17787502977e-19 1.03473690509e-10
1.24443218731 9.38724555884e-30 1.52962127448e-53
0.00536172166055 2.09219667674 2.30213073186e-19
0.0405151187633 0.000135742061446 2.20899598997
0.143480201442 3.65806576646e-27 1.89275252966
0.0416406206957 7.69293797116e-57 1.78177036174
1.23253803328 2.69876657893e-08 3.24689980005e-20
1.2702104738 3.59686058587e-17 1.21391386562e-30
0.0179483932026 1.90496218273 4.91022034713e-45
0.025568764842 1.12956873476e-35 1.80166384
1.14129214837 1.33859099597e-33 1.86351946279e-31
0.08053783733 1.9136170389 0.000168558319455
0.0714490228616 6.63875749361e-28 1.69999710099
0.0158301723169 9.95222697809e-07 2.09391958122
1.19568338553 1.55059706006e-59 1.13086445407e-55
1.18105297688 1.89018288316e-39 1.68136070794e-25
0.00923601183427 2.08364190362 3.1568603724e-23
0.163648934299 5.22508603687e-08 1.67943824241
0.0605046822028 4.34500407573e-39 2.03049213296
0.103036189872 1.87966897868 5.73316125954e-31
1.22647356264 8.28628498139e-48 3.2757367093e-29
1.22943784637 1.3772565653e-52 4.04339761164e-16
0.00968129372068 4.52383817453e-07 2.38296572942
0.000643353789146 1.75535655544 9.48406300482e-35
1.18908986935 8.91385908012e-36 3.4500881149e-21
0.0313977779593 6.90049742261e-24 1.85352457594
1.14520565532 5.52233544911e-38 8.14829152751e-26
0.0989893085538 1.77108399312e-23 1.75459417298
1.15054573827 4.04772579156e-25 1.71506701492e-30
0.0842841052936 1.57805093844 5.31211408237e-28
0.0162880332366 1.85066116759 1.13574743455e-43
1.21241729027 1.51719553464e-40 2.65911023372e-39
1.22500302463 2.17574789367e-28 3.15536046747e-45
0.00444775928611 1.58484425362 7.98029128018e-40
0.0239328731571 6.2562879663e-09 1.88909241189
0.000895102675758 3.30969651769e-48 1.76967155256
1.21960776398 1.85037303976e-23 2.72931030038e-11
1.16973045489 2.20023943613e-32 4.24069299028e-15
0.140888530696 1.67842786269 5.42691421845e-22
0.0807915987965 2.00292463705 9.87513536431e-50
0.0133984722913 3.49253955235e-30 1.73965569422
0.0876728370352 3.67086034472e-37 1.5095294266
1.18278744485 1.81059223829e-15 1.30438657847e-29
1.23420629521 1.72615843059e-19 3.55796276967e-18
0.128955904377 1.78456807278 2.07498132257e-35
0.0155883267797 2.06826334263 6.8115029946e-40
0.0655149352966 6.815904241e-09 2.09534572626
1.24383334614 3.3450157346e-60 9.52704197594e-43
0.0469249610074 1.90883668185 9.56197872573e-14
0.0750675376034 1.1998266684e-18 2.05816317817
0.0433655557462 6.88986219145e-81 1.90439405738
1.27738561565 1.01200124346e-24 9.7320865962e-63
0.258622189247 1.37603654826e-37 1.53203440765
0.0473998161701 1.65875588492 2.81448767957e-34
1.17596212111 8.15622573263e-35 7.01927637573e-46
1.18445785945 1.5634302037e-28 3.76908576195e-26
1.22091831473 1.16088707708e-34 3.45684964676e-26
0.00222873216062 4.70888653264e-29 1.93809779085
0.00315651961314 1.90763185569 5.95253541046e-27
0.136449062679 6.56563217123e-27 1.9136824258
1.15920385363 1.4364872169e-28 3.4840160909e-30
0.175599940811 1.4880002452 1.05991390328e-29
0.0701775381713 0.000185087126423 2.16066433007
0.038281823925 2.00617991605 2.4908505949e-30
0.0330712124491 1.14528859502e-64 1.80838554079
1.19281568572 7.18627177594e-38 3.10931763249e-31
1.19755701904 2.7220293688e-15 2.10781176975e-26
0.019551956329 2.26735121458 1.03752981143e-82
0.0433201451971 2.37740579972 6.17361360295e-34
0.0660368072048 3.76122623011e-33 1.6743084116
1.18051820855 2.97336471479e-25 5.79923367369e-70
0.0801248279656 1.90492509713 6.71998438236e-75
0.0123932838609 1.70565818715e-71 1.80741221174
1.24163398426 9.3255270312e-45 1.84700404523e-32
0.118898346973 1.77978629594 2.19986937899e-30
0.0137129127321 2.2231209506 1.36268724714e-22
1.10198730597 4.85945369332e-19 7.93334068401e-46
0.00445050403911 1.2282542594e-74 1.9992809157
0.0011761383811 2.05840513015 2.57901615976e-116
0.0175567515759 1.97681730928 2.55138978248e-95
0.0523012121193 1.77603764931 5.24008187035e-66
1.17612417552 7.98384670576e-25 5.0080359641e-28
1.21745986514 4.06398403649e-14 2.06112761278e-25
0.0703283941293 7.08360821625e-20 2.05907320312
0.063248458612 2.08573103021 2.0842343093e-25
0.127469432002 3.70337928795e-52 1.611803471
1.16736415165 8.58003745002e-36 2.15861179343e-39
0.208890363223 1.54590842737 8.26911207468e-17
0.0233896157591 3.00712844956e-27 2.24588082755
0.0975023922359 1.08697714146e-106 2.53702737852
1.19447644242 7.41906470393e-30 1.01525232626e-26
0.0590261838814 1.89231179283 1.28036378741e-45
0.239476522497 2.27420491177e-33 1.64627105405
1.2263537052 1.01489544385e-28 8.37158876439e-19
0.266599787239 2.73390136982e-21 1.56514609644
1.23512128001 5.10072163661e-30 3.9943760581e-35
1.23231732353 1.40691866861e-96 1.14883637372e-29
0.0451128475002 1.75249581659 2.89827386761e-50
0.0127265546129 1.36071543262e-46 2.03793019781
1.15726574713 7.77627788791e-33 8.54671408261e-41
0.0347894356005 3.9833716703e-58 1.7913785479
0.0699538892646 1.6798945434 6.74104756334e-60
0.0315074365035 1.83365617083 2.86143582516e-35
0.0853122500633 1.7710219881 7.82863439344e-17
1.21444658747 2.39582981442e-36 8.07427992692e-22
0.0139243950593 3.56318429444e-27 2.07727617143