0.011950435361 1.89568584225 0.00429444350479
0.0578120650688 0.087364744896 1.40631584556
0.0134343763044 0.00398951110192 1.66561777201
0.00128830169218 0.00217251220303 1.72530513333
1.88260203385 0.0974493534024 0.0192073826358
1.677415317 0.12148382585 0.135057785668
1.7001302318 0.100360354894 0.11388834235
0.0691003633117 0.130407544839 1.32242797679
0.0070916527377 0.00507668899956 1.59987549559
0.0685528387275 1.74392419149 0.075141714428
0.0360069940866 0.0442334375706 1.45304807266
2.08785538012 0.00380689962074 0.0132785021071
0.0143731035843 2.02865341491 0.0857353003851
0.0021103378168 0.00155001892074 1.46687353022
0.20643436104 1.66988824546 0.0724613133114
0.118040715812 0.117099539998 1.28940243068
0.0455513461617 1.87306882813 0.00670912293038
1.80834059932 0.0353784627684 0.0582037989292
0.0513981426816 1.93331884895 0.0446703320693
0.0628035465252 2.08294541888 0.0200348319836
2.34435936391 0.0155520558761 0.0234589631461
0.039751997901 0.0244122825228 1.48716603973
0.020731570496 0.0126227255775 1.53488483245
1.80892200353 0.250148441838 0.0138972176976
0.0613938061298 1.89045622488 0.0694506090032
1.72733030609 0.00830397653332 0.22840448115
0.000932164463949 0.00118216016491 1.65054608983
0.0061245405333 0.0103678839322 1.61023967546
0.0208197417992 0.016882420652 1.52324299665
2.10768463205 0.0126704481629 0.0231276829657
0.139345479345 0.136614678721 1.28596651568
0.108708852303 1.55675761129 0.122966892826
1.83383150264 0.136593509249 0.0304850826183
0.0745010156157 1.97074708493 0.014379352994
0.0126003845236 1.72162642668 0.118550404669
2.26187112331 0.00241198245705 0.0271594737602
0.0815491547146 1.70783632184 0.0138851044947
0.0264315261757 0.0409931890762 1.49985630901
1.84430451923 0.108605681995 0.0274605366272
0.013654545507 0.00296953809458 1.65957477047
0.0137355012695 2.11463381806 0.0020284717796
1.6492023698 0.0255205850442 0.176292771937
1.89398933584 0.0261206825832 0.0583580500812
1.53151699865 0.0986656711452 0.195306770766
0.0215173195559 0.0229927500584 1.43565275952
0.00241776675517 0.0033967138757 1.56632260203
0.0181139288436 1.83757316801 0.0181711529768
0.00451247494745 2.18699845194 0.0110028323662
0.00124894972971 0.00056790567257 1.61913405574
0.0930643712452 1.94957487349 0.0485021790799
0.078621837004 0.0697266253009 1.46344856934
1.85641761879 0.00274056987915 0.0431804159925
0.00462691008316 0.013074668849 1.52082296349
0.233713022082 1.54700158749 0.0148561449096
0.097877588606 0.0830949179432 1.35613804313
0.0624726699435 1.79885317609 0.0466006676133
1.95732443452 0.108740510463 0.00445851231409
0.03537780439 2.21160128508 0.0169726315317
0.131446718587 1.58028102217 0.242673906645
2.0360596546 0.0236904673719 0.0352375293135
0.0133255800031 0.00629065116568 1.51370452254
1.82956288395 0.0671583330876 0.0715623970592
0.0819695702774 0.0957890067415 1.348607189
2.07502480228 0.0749948049804 0.00652266262281
0.00593987098957 0.0167950527673 1.61006301163
0.0985247993561 1.47643170111 0.252117695066
0.0286662412185 2.2121653412 0.0226705540913
1.74107692051 0.000672048147941 0.210816813349
0.268245917397 1.59121387047 0.0308544734062
0.0443027252112 0.132884646289 1.44754143424
1.69443432358 0.213640063642 0.0570181519694
0.0278996371795 2.02915932336 0.00798151113067
0.0223255364062 0.015672608566 1.50947966679
0.248620675775 0.13257948144 1.21367075978
0.00761731345738 0.0179769064091 1.54425114876
1.86549912739 0.000893312888103 0.0860251132798
0.0334987289954 1.82410985386 0.128047263709
0.010157461852 1.9734767519 0.0622738341928
0.0197298981923 0.050078284894 1.47264306387
0.00895562778163 0.00448210071993 1.73449362718
1.86183316332 0.0118394953017 0.0186190244402
0.0434825583922 0.0249780859357 1.48386912049
0.0883249755801 1.70957705589 0.0374710209548
1.628054224 0.124765726004 0.0177963956464
2.22113020736 0.0198644197183 0.0236193414464
1.64656874335 0.212562456765 0.00144366777005
0.01142998896 0.0130987591178 1.47327604564
0.127442047487 1.55850515617 0.0826032662698
0.0426669530844 1.88386709932 0.00531361808342
0.0245031955494 2.0361816114 0.0660676869808
0.0618653138324 1.86998752827 0.0999843491083
2.02360530801 0.0150351823193 0.0767570502375
0.0221448578133 0.0205579138327 1.49533309504
2.10840532904 0.0481618745124 0.0233894517067
1.79229085905 0.171018037825 0.0316544763662
0.0188339655948 2.14680136829 0.0135038396139
0.054242289804 1.92925280905 0.0396414325402
1.97890647391 0.00454789379257 0.0842283343677
0.00502424248115 0.00698220705092 1.58590962493
1.44842992396 0.330973526485 0.00578735121568
0.00478960506388 0.00752027242567 1.61429108272
0.0337798381596 0.0270919831933 1.51004705781
0.106291980771 0.0964555664924 1.36507811913
0.0568577129278 1.9077357883 0.0416619331005
0.00364209608468 2.18721519551 0.0231422137587
1.86360803944 0.125419891129 0.0549599484599
2.14777896705 0.049861361431 0.000793317802748
1.69696654518 0.101388603479 0.17712037338
2.06835811909 0.0127144152286 0.0146398938276
1.89940583212 0.0651338381239 0.0115252900693
0.0279106419509 0.0276895532503 1.5343346463
0.130630909992 1.73067752236 0.0138828863635
0.0665283629367 1.90893124824 0.0121126263019
0.0937669745248 0.133426039076 1.34837672014
0.00135138878724 0.000844478209504 1.75128206754
0.0459344840102 2.16573354564 0.00319349700093
0.0156276889376 0.0190606606248 1.47662044086
1.96575455777 0.0379299820647 0.00803581826937
0.0682815455864 1.80304295381 0.0782347292144
1.78044560729 0.0693597227481 0.077218199976
0.0260025024353 1.8275372963 0.102701570433
0.00894962993823 0.00649877326456 1.53541084482
1.80014544247 0.052540024551 0.0688589121776
0.0120059788029 0.00585764291894 1.53233967863
0.0263591278782 1.94410675052 0.0589318835023
1.96761130072 0.0587760624405 0.0182474406305
0.0106750420904 0.0500834497843 1.59268454547
0.214671896273 0.201326242534 1.27159984427
1.8755840241 0.0446663836461 0.0525600349434
0.000859574734623 0.00104453362792 1.68889148926
0.0824189877422 1.88384481725 0.0628942514651
0.115965417237 1.78035642048 0.108137785525
0.0799356518788 1.93819677689 0.0385617229609
0.166311930692 1.7615530177 0.0450270766792
0.00420879842872 0.00250371436542 1.6899174327
0.0171572846696 0.00963814635862 1.61367588178
0.00776835678239 0.00785380279655 1.65324741955
1.83807768679 0.0205342597077 0.0275404648763
0.000567570443037 2.28640209874 0.00346725108871
0.0801989184326 1.70168510999 0.139163672295
2.11075437883 0.0175885886055 0.0305678915797
0.00868733154797 0.00722899985786 1.52575270187
1.8773928847 0.0506448952809 0.0944737623654
0.106230809353 1.81921612125 0.0228833020383
0.0558649950123 1.94829364506 0.0181474664613
0.00723250825545 2.05057969976 0.00298203673301
0.00979708460653 0.00300305604272 1.52123594836
0.0132244984856 0.0154394433794 1.48930784294
2.13645820965 0.0153261563254 0.000964576205765
0.000559242454052 1.94451626494 0.0334036451704
1.63356972655 0.340154533066 0.0512000355519
0.017386213509 0.0204800752737 1.49278243773
2.10900213705 0.0206555171703 0.0164730020374
0.0124894434036 2.16816938421 0.0164414683642
1.84029271553 0.0211055935862 0.069270448832
0.00575022106203 2.00104571099 0.011134717753
0.00729208944504 0.00789422224327 1.63859532253
1.83185949136 0.105041104713 0.0631694603262
2.02003849031 0.0419816202014 0.000558251334934
0.155680756226 0.124811307858 1.35803645563
0.146976869981 1.75491096606 0.00939568219318
0.0454157086343 1.98298175879 0.052650863932
0.0854630094542 1.73534919988 0.114309191125
0.0128010991636 0.00837733711384 1.57076598315
0.00230824415699 0.0214421471132 1.56930544785
1.79201876053 0.00040332878674 0.0654339749502
1.88558736027 0.0313188550747 0.0267921005795
0.0452637016788 1.79750875356 0.00413498547946
1.74608956327 0.102163653482 0.00797452308508
0.0295798430417 0.0387078832283 1.41229558711
1.92333944659 0.00339024272911 0.0805170067564
0.0101474827895 0.0238470162166 1.48222046359
2.08190422199 0.073775705058 0.0166791353603
2.14801965233 0.0336524735965 0.019816676331
0.0118122938538 2.15150321069 0.0602907223934
1.63665414772 0.167263361126 0.172109849183
0.155312657773 1.83311397798 0.062965375039
7.30493522399e-05 5.42985331847e-05 1.56857830455
1.82937872697 0.0302608222187 0.132447144739
2.11483133596 0.0554762689314 0.0238733918462
0.0734945972091 0.109123871662 1.39538327307
0.0103090314359 2.02354147099 0.0468537603317