0.129732824485 63.5188275564
0.0138675387339 76.6688165992
0.00356757058718 87.8227266135
0.00986700031829 81.5455490888
0.124795227549 58.5807541671
0.0787735433618 60.1861471919
0.0244434253141 76.2847693319
0.00244571046084 92.510686917
0.397450769328 53.4310406912
0.00717996067219 68.0972592271
0.0885697776972 68.3539911457
0.000635447970455 77.3446961084
0.435178512561 52.0016955137
0.000943698468896 99.7762426025
0.0289272402837 66.5689192342
0.354375742501 53.0399069276
0.00362126780277 96.6309899754
0.027868122848 88.1263196352
0.0278090283082 56.074640673
0.0100323455461 71.3595209267
0.0908824191204 50.6069276765
0.0178174158381 78.1784761271
0.00487332903332 90.8339664844
0.00802653969028 86.116128358
0.286503422895 47.0827025543
0.000592551963881 67.0259219844
0.0109886989594 71.2221418218
0.134651576064 59.4776103844
0.00249858391551 80.9348531468
0.0473877809532 50.4803979923
0.00263961438591 79.2958875043
0.0197334966825 60.8618497026
0.00431311802774 80.347982399
0.18333757596 51.5722179626
0.0126941398945 80.2428758278
0.48420211778 50.8105589933
0.000548024334428 75.0696209295
0.206997181734 61.1188948038
0.0552996930509 64.7530997205
0.00924626642185 75.049316537
0.00373371096054 81.9588302359
0.622258231007 44.3978812829
0.00104151824051 76.9275176277
0.121274009911 57.314545273
0.00013135494599 93.2211467235
0.0820123572774 39.4053296983
0.0333022476575 64.5213306215
0.00058832987114 110.450189115
0.0270757792221 81.3271003889
0.142647557692 62.6635927112
0.037301370265 68.4122721385
0.789660597831 49.807604989
0.00214746715991 92.6678885585
0.18440178469 58.4954534347
0.0184404007113 66.6872729021
0.00659179225519 80.6614186235
0.000242507287538 98.6822366958
0.0267134436406 71.2242989094
0.454979773234 59.3103337752
0.072127283889 68.5236507132
0.00396341113457 91.8853484139
0.0410207072764 76.3477272771
0.11993623169 69.0742531438
0.00284593313951 105.192088661
0.0316441168612 80.6515331206
0.202861305079 66.6370453375
0.00717799707334 98.5853491638
0.00189663808967 106.391531575
0.0139519720073 77.0580712837
0.0817719277579 57.6685466156
0.69211599965 44.0933115987
0.000574749054366 119.690651397
0.0180389941075 81.3058766937
0.111646942525 67.1848558541
0.068240594793 71.5866169672
0.035044077536 69.5825418138
0.00291527643236 74.4577233135
0.426116674939 54.349490772
0.00339490820678 63.0778509316
0.000644544209989 69.3272208382
0.00591694012317 67.7429854159
0.404385233144 56.8344901569
0.728275485399 40.3500387886
0.00270017238521 91.5654345132
0.0255577212263 79.3392054634
0.0700440457573 70.3032724737
0.225317696241 56.6638020416