-1.90509784995 -8.2810830067 8.69408812747
-5.09849641354 -7.11039956965 8.61515771929
-7.81614113113 9.04675980911 1.28773320938
-6.8498390639 -5.04439923228 8.41532143138
-8.26103658612 8.24976649631 1.46808892809
11.5933006341 1.42237261399 1.81878790591
11.3402632905 1.48145235929 1.35847413276
-3.56053675903 -7.91149820008 8.55761139828
-5.44227915355 -6.93842441246 8.66386088965
-6.58689578186 -5.86441753878 8.72432458821
-8.19277094187 8.60573187234 1.24060950315
-2.09281152488 -8.50396748942 8.58431361715
11.1550393249 1.74635957716 1.62181433442
-6.89404750763 -5.34455629377 8.59446803434
-2.44810813975 -8.58404150989 8.7347587243
-7.97468885299 8.53996711692 1.28511796103
-5.80778641438 -6.35401411328 8.79788033921
-6.6356760985 9.16983463395 1.23933912508
-4.14656839024 -7.58370302908 8.59298924731
-8.15369541713 8.91248166809 1.57802840048
-6.99323797085 -4.70719612059 8.95145864001
-5.26650157753 -6.94364474511 8.62281772865
-2.46879511174 -8.28949114672 8.72527390348
11.2525495462 1.22041479618 1.73371977082
-7.95828122561 8.52064528719 1.34665001147
-6.60158008263 -5.65539585659 8.56259767299
-1.89200641407 -8.43415229596 8.5546664905
-3.26783543757 -7.91068691849 8.47189155061
10.9360282634 1.78106749253 1.27089495552
-5.05793283688 -6.80276061772 9.05139338751
-6.95966561079 -5.30395610025 8.62767162829
-8.1197410434 8.25803034671 1.52598166426
-1.55299086086 -8.3985951509 8.52627512939
-4.52146901308 -7.2788590757 8.62862245891
11.3566143479 1.23955206461 1.3950299004
-5.83783451093 -6.48507081202 8.85972508083
-7.57190633731 8.53255774959 1.42237370976
11.0315096664 1.44600565295 1.71906915241
-4.48080422488 -7.26179312712 8.71857432439
-2.97132275559 -8.16706864077 8.56212452388
-7.70294938813 8.20831562417 1.28162972641
-6.94668021941 -5.12474129586 8.673034631
-5.358679189 -6.60438597562 8.96493178005
11.3120923564 1.40579876021 1.48331785712
-1.99972409203 -8.45752029238 8.72289983816
-5.77523834445 -6.55526225836 8.572905734
-6.92551857481 9.15921730191 1.30486897961
-7.07083915007 9.48371695189 1.31522295456
11.2990276232 1.59885765564 1.53957707399
-6.1356501425 -6.12235975168 8.70796219579
-3.06991408109 -8.17210934534 8.77690797945
-4.44803560585 -7.31276468809 8.74566077328
-8.17450159805 8.55567559812 1.70570812964
-7.58287862397 8.55758474638 1.48265357362
-6.75720429758 8.87661177948 1.33872261648
11.4173004394 1.404339268 1.33867577332
-1.31551275827 -8.4967904723 8.59721398218
-4.61392621706 -7.68001962474 8.7387681223
-7.827957149 8.23597891177 1.297687713
-7.46217763599 -4.30026123772 8.66278206269
-7.88909947913 8.42716820673 1.26970320768
11.2316284786 1.6411848317 1.65122183206
-7.28221859445 -5.04690944346 8.71229057009
-3.97950354132 -7.78104278745 8.66711596434
-1.09238109428 -8.69906623538 8.63985959355
-7.27240188053 9.23513228552 1.49888454981
-8.15955673329 8.29207216921 1.71879054888
-5.76464886425 9.92951514488 1.26083706686
-2.72453321462 -8.46400385611 8.69604092601
-7.04534916201 -4.92279843209 8.50004835903
-7.54833369503 8.51081966759 1.4594565129
-5.9029699589 -6.18037436179 8.73897861418
-7.80324053555 8.59692874198 1.59159168965
11.083044168 1.8563873595 1.43021382677
11.10487094 1.27963580346 1.61536144279
-6.0770733197 -6.01290679273 8.52895249554
-1.2736086454 -8.52069268011 8.72496087399
-8.07589016629 8.28110612399 1.3509108015
-3.87667481079 -7.77906752917 8.77523480934
-6.6077605763 -5.25010185103 8.37624485407
-8.23484453693 8.68456376847 1.34585001824
11.5115967509 1.28786493597 1.64636187486
-3.93887648483 -7.55709174048 8.51862790326
-8.11783843532 8.52680402864 1.62277074526
-6.03178668233 -6.46649992035 8.66708926819
-7.07756469247 9.40747925876 1.27419135675
-6.37330558333 8.77320144128 1.25925965549
-1.30894907912 -8.45925558431 8.96929635401
11.2975398485 1.50035033691 1.6490083724
-3.36507747203 -8.26786277743 8.82435715675
-6.36325163858 -5.5753386791 9.15699933315
-7.78201277334 8.43684584605 1.46801654092
-5.47103064228 -6.5214405595 8.57528594576
11.0472193336 1.3678557881 1.39916322531
-5.07853321458 -7.02876762725 8.79460654381
-1.94976902654 -8.62587019299 8.75778005786
-7.22160505105 9.14107574427 1.24749477312
-8.37688809177 8.26440910436 1.52049670616
-1.28995740081 -8.52723745651 8.80240953527
-6.67880523775 -5.40543061654 8.45239167649
-3.30155595142 -8.22591901458 8.67254517116
-6.56099287503 -5.72228436444 8.66768424634
-4.24128001059 -7.62827281328 8.6664231996
-7.5568504703 8.23270046191 1.28967465794
11.4196288628 1.77949919799 1.37551687453
-8.12342678934 8.55004112095 1.56448119657
10.5597467506 1.89994709305 1.48483012995
-6.58354442537 -5.51848670679 8.54490208116
-5.85403323997 -6.2753119491 8.5128176097
-0.890192985295 -8.84980252711 8.86736680463
-7.10356213904 8.15024480638 1.2376527435
-3.72935827508 -7.78343556964 8.54991964968
10.8188347993 1.33753159708 1.56378067279
-2.27182030568 -8.38490529276 8.7611257569
-7.68908486951 8.40798172723 1.32307758785
-5.95777792256 -6.26256208656 8.50376367344
-7.79795140474 8.97922887792 1.30581372804
11.1367347557 1.52455283086 1.23446825851
-8.09113444035 -3.38823693648 8.70142483411
-7.63219373949 9.07437159718 1.55039901407
-1.55929779193 -8.5484631254 8.80588392179
-6.80083203691 9.63325157898 1.29673584974
-6.3107209924 -5.82752226099 8.44462299112
-3.34966123566 -7.95827781605 9.07720694465
-5.04567141373 -6.91916281389 8.51299406134
11.2996153869 1.80975859046 1.35217897519
-1.61113521393 -8.38786180201 8.71615534746
-7.47552125272 -4.49980565329 8.65067384102
-5.61705324366 -6.32283558441 8.48228080077
-7.78494147089 8.76043074181 1.23733410108
-4.96493668699 -6.90096522136 8.58353702835
11.0214118036 1.54937708312 1.34082454999
-5.60668507975 -6.38100974292 8.45172422204
-2.97325824179 -8.2430067328 8.7731517478
-7.42436643058 -4.60084268776 8.68774698369
-8.09242045985 8.63383837122 1.36302242074
-7.65011331351 8.44748607426 1.24109079718
11.2518869224 1.88152305116 1.29596590349
-6.50918995844 -5.51759213322 8.53427163928
-6.70388763796 -5.23030423124 8.65857297096
-3.37949430461 -8.09904040639 8.93868225711
-2.97298830331 -8.13258231471 8.53022156816
-8.26151875409 8.18440162005 1.44262723224
-7.53941617085 8.73041139661 1.34860178379
11.2048951926 1.34446118664 1.64847373848
-3.98681590161 -7.85802201075 8.73868757523
-7.09540403682 -4.56909141108 8.399627766
-7.77142519502 8.75661952465 1.42419227203
-2.57196205835 -7.91816424235 8.30520586348
-5.64987534173 -6.51954973998 8.57965157239
10.8048670491 1.3756716665 1.23494356343
-2.94433409405 -8.23599065654 8.7146033887
-5.69414597195 -6.29048606349 8.66127181101
-8.33063215973 8.52882970236 1.62789396489
-6.63767230085 -5.31970845854 8.53359063307
-6.11406536139 9.64410376105 1.24042321968
11.0059282395 1.85018340004 1.2824364963
-6.58535960474 -5.49799262448 8.6147711888
-8.32695913215 8.53177388866 1.35491024419
-2.59179989951 -8.05554180809 8.39669881871
-2.87776144347 -8.07291589591 8.72385217071
-4.57854949933 -7.25652782864 8.49452144939
-6.30292860806 -5.75596175571 9.10595803412
-1.20512866288 -8.41126657201 8.43848682691
-6.59049533462 -5.38775751133 8.65859825554
-5.13466755884 -6.67758602552 8.54145598626
-5.9868583483 -6.07064854252 8.53516424771
-7.97141847075 8.18585286161 1.35783536577
-3.10647535938 -7.89252317959 8.88573783713
10.7692384653 1.37268431547 1.59335878002
10.8835877376 1.40196080778 1.44816271841
-4.84862458965 -7.09736500595 8.76053211256
-3.12201598533 -8.17126269843 8.65827030461
-6.64884061746 -5.40779484049 8.61967188446
-7.334359473 9.29311257696 1.50178618824
-8.00906984843 8.08444895025 1.73137079322
10.9236134514 1.86766370957 1.46321488855
-2.57727787451 -8.03322529347 8.82815155571
-5.16239587074 -7.13368097123 8.67565420036
-7.70586044541 8.52133536915 1.26046415556
-7.5562082964 -4.28866597896 8.53169969737
-8.03407817914 8.0611866026 1.49095760079
11.2791027256 1.57962147096 1.54576541066
-5.09846870091 -6.92670472902 8.58545471187
-6.28933282948 -6.02036143408 8.83789797177
-2.09864922378 -8.22505156983 8.53876095911
-3.20689103352 -7.91616376637 8.57205029029
-8.17947295375 8.480854995 1.42660785313
-6.84651277962 9.46391622535 1.24324458302