109.852696025 -110.095364477
21.782335166 -21.8231816737
201.580533771 -201.713597957
220.679184207 -217.445095133
15.4365986275 -13.6605560383
12.0288452243 -6.960005921
214.254139639 -214.112686505
10.2409762892 2.20437162472
219.028618885 -216.938240709
107.948442015 -108.197601661
192.743034138 -192.355471947
23.6115303193 -23.8029455308
222.46231212 -217.692558234
12.2737683546 -7.6187029648
15.2819879669 -13.4016693818
215.680399175 -215.323250958
10.452303048 0.105457217471
110.538744229 -110.761492279
26.7325197747 -26.9522509339
15.3859718857 -13.5927425564
221.242995514 -217.499317741
213.474550813 -213.584176186
10.7892506066 -2.96168016203
10.1771666985 1.45285730033
215.277818967 -214.822822708
11.7291807801 -5.96413085862
111.629641147 -111.878771894
22.2991832383 -22.434392174
214.430195204 -214.462072949
10.9907842591 -3.5753692664
10.6979867776 -2.38544993925
219.61129593 -216.96194837
17.023972827 -15.9262118942
13.1956545383 -9.70961391271
110.667853396 -110.91057475
25.6619485304 -25.9118911925
12.1308976086 -7.32620928828
10.3846011836 -0.864228222683
217.934340812 -216.586807159
15.8668931986 -14.1535835687
214.082688494 -214.163250371
10.928173227 -2.59205893673
16.4728872639 -15.1413794481
111.158725804 -111.37964383
34.8967438828 -35.1018541734
218.394803466 -216.817057779
10.3118557487 2.15805712987
205.870623844 -206.039515257
221.390214732 -217.386533486
12.8045915806 -8.68491820265
213.606885824 -213.749790682
182.411949357 -182.315034302
220.298706331 -217.366102808
11.8357122539 -6.48388997705
14.3272191477 -11.8363539968
108.063579946 -108.303182401
10.8365237099 -3.02157143125
20.7407232967 -20.559936449
110.364842234 -110.611036834
13.3701544882 -10.0440466187
32.8248983324 -33.0736867838
18.0238657313 -17.1525448551
212.516984717 -212.751379448
10.3553671886 0.0465967522072
10.8108111285 -3.15435365726
217.517493803 -216.136984826
221.673028093 -217.403634213
110.672750899 -110.920006762
26.4875359557 -26.684028688
19.1440511059 -18.8264097297
221.101523781 -217.151074854
10.1986580929 0.559818721688
213.118240465 -213.176062613
12.8654121608 -8.90285952001
215.401798456 -214.979397825
11.2333138856 -3.89438872975
214.554114076 -214.436482065
10.6062110631 -1.93804939942
115.18942765 -115.435043959
29.3323101854 -29.5805910564
219.131119335 -216.785806445
16.0822019857 -14.6479294816
221.260285824 -217.439197704
12.3586207344 -7.60068405488
10.256544047 2.16141625693
212.246022128 -212.313650056
10.1973362422 1.00679606843
214.455658792 -214.352328112
19.2656733797 -18.9155596215
112.49427452 -112.716672908
27.9439700047 -28.1260567189
219.841487938 -216.91343179
13.8415683624 -10.7969043174
11.7928645238 -6.08510082761
209.272790746 -209.489948766
113.685350076 -113.926205805
23.6757834065 -23.8775903489
217.255600668 -216.155557894
10.6556256478 -1.91540137231
13.3944299003 -9.86384693543
16.9138601768 -15.724227232
221.077041288 -217.381642351
209.548269816 -209.794638434
10.854540876 -2.90224290685
10.2805824125 2.01389781196
17.085753392 -15.8125294114
35.8626420066 -36.1116343815
111.845874554 -112.089843234
217.846942696 -216.333917786
223.869282865 -217.389403447
14.4345512352 -11.9945091774
11.3322388969 -5.07896480635
213.319236165 -213.47448332
10.285673173 -0.0484197043073
38.064636915 -38.2729618921
11.0134417714 -3.82775241086
114.296447394 -114.534835817
16.2356677662 -14.8184790071
205.175819511 -205.40248142
218.685850874 -216.853733473
12.9673004816 -9.04734400835
221.921971505 -217.599106867
220.94315168 -217.537982053
109.093224274 -109.302518856
189.687347307 -189.640275259
22.3670299996 -22.3223342582
10.8729312797 -2.93467620064
10.2257511095 0.425765386352
12.6199822922 -8.48327152864
211.439457823 -211.68738146
219.082773389 -217.008099044
105.615666272 -105.820726346
175.847731182 -176.075311769
223.029487464 -217.553239844
10.3634001056 -0.412184007196
18.3896177464 -17.8582119792
212.845022861 -213.066480821
216.65983721 -215.967900242
13.2282034844 -9.65266092527
10.7890748845 -2.69601660834
109.747708386 -109.997700769
24.0924564016 -24.3200314981
190.286258708 -190.535151481
11.1355777771 -4.42238147666
221.297704791 -217.378510363
214.443431414 -214.000887223
10.4274474897 -0.422604541911
220.696905489 -217.139554003
15.7054942937 -13.8791064806
111.256398738 -111.500640593
25.9503543238 -25.970838323
18.807838436 -18.3685659104
222.37380563 -217.674573714
213.934024082 -213.975563452
12.9284642793 -9.06484105687
11.2088826761 -4.53069121719
10.203951349 1.40387632391
107.851111295 -108.096228133
21.4353184872 -21.487140054
194.98408633 -195.144769313
10.6041965605 -1.66483360097
217.946200179 -216.183927997
215.468388467 -215.009777878
212.949862567 -213.17113247
11.9754898741 -6.5601862551
224.187862992 -217.522774299
15.2410902977 -13.2163360318
107.423331423 -107.669856855
18.1990640063 -17.5502813072
21.3054451066 -21.3243544662
218.845821709 -216.727328234
12.4464266772 -7.99023266441
208.837368474 -209.084251763
10.2258409175 2.84139592309
215.667133728 -215.352635389
10.8437196729 -2.31004284821
223.14601758 -217.727848174
215.027750949 -214.865714792
22.3157271899 -22.4521947713
175.366511538 -175.445877272
10.9128461854 -2.78729205446
218.935912827 -216.711239083
12.6004949922 -8.27945212214
107.74138611 -107.988840386
217.94668735 -216.630198055
19.9171846494 -19.7539917761
191.885782842 -191.928225549
107.065113943 -107.315103166
11.4600609315 -5.30862176159
13.8790058428 -10.9295411305
224.772980847 -217.56304366
212.906143319 -213.069861831
10.3182907375 1.22546089789
222.120270085 -217.407905177
184.6167658 -184.71668112
218.036000701 -216.643338617
10.4672693417 -1.36491633019
109.158609411 -109.403754061
12.8929687966 -9.00118351922
213.876598263 -213.993840836
23.0797643625 -23.252548321
10.1422477591 2.20204269428
30.4887158347 -30.5387880556
112.058035773 -112.294639176
18.9321483817 -18.5528329581
216.835419212 -216.000999851
222.140429244 -217.487450815
205.681073912 -205.927878127
11.2592487694 -4.6747372943
15.3155018689 -13.4005359869
221.974447063 -216.667407647
21.8739437014 -21.9544509125
216.560712904 -215.869331101
91.4121811608 -91.6463196797
169.006119168 -169.227836547
212.052001957 -212.29478181
11.2566051535 -4.78065612902
14.8295272427 -12.5939965066
10.2756322133 0.49847741552
107.69352705 -107.93994532
23.6256831881 -23.7869708865
191.388539636 -191.636236132
16.45456664 -15.2434179468
221.481302451 -217.617240239
11.1951515315 -4.61570183715
216.012901629 -215.469257146
10.2314806976 2.24217490308
213.792918715 -213.936839405
105.008462053 -105.256742358
186.698531542 -186.378711612
13.5153661877 -10.3003681618
19.2944086243 -19.0062117159
218.764360987 -216.907681384
11.2657642734 -4.6100072508
10.67439729 -1.43907204663
108.712107046 -108.961737293
22.2357780281 -22.1473592371
199.818770061 -199.994869564
220.546373095 -217.458227792
10.4632497615 -1.41321954478
12.0256736868 -6.9461141166
15.1896515961 -13.3083114478
210.426675771 -210.676669309
112.651615009 -112.895133185
34.5651459166 -34.8147195003
15.873278653 -14.263437047
11.8782305882 -6.53955364423
217.539079834 -216.228060358
10.6681833777 -2.48484821695
10.4537700635 -1.18011811844
214.459732494 -214.468501866
221.899282016 -217.6081994
211.106175657 -211.235577522
10.1437400022 2.02894521066
216.490624484 -215.882826123
112.054382287 -112.300249913
37.4842094122 -37.7141964071
16.938514749 -15.9243243976
218.824694457 -216.851573419
11.9259917273 -6.7630139597
220.881079697 -217.49845494
12.8072916471 -8.7785238588
213.403552625 -213.56190406