11.504189313 750.266995367 38.9071278612
244.496332258 170.584444654 148.555908728
8.59665518632 2.76524435541 686.464197993
1020.13765001 18.7251432521 1.54754319883
83.5029453153 484.847244545 90.3838561168
13.7496646794 6.25049488169 833.412884737
44.7358396101 30.4062369545 603.302456647
794.849784741 19.1262919553 70.0572288092
1072.67234267 3.93258277547 19.4544955524
510.155817613 91.8527399765 143.628569506
31.6357759351 858.407600582 81.3490369264
9.65472675898 1.92833037864 940.25170319
75.5692634455 873.393571516 0.804652704865
89.8504950989 28.2813151735 615.222304916
1255.10719682 4.11182630904 7.95249297279
618.036161162 7.99971087886 111.73872895
287.488852698 298.047618138 77.9031074492
19.7181481806 111.943705345 660.775521993
109.703837564 1068.95661909 7.56645154856
0.61446551249 0.424308952419 743.785252555
949.671519778 51.1123722397 17.2350562924
15.9947344252 8.43957781942 696.53861487
102.092138368 674.309653323 126.099184705
757.19929509 2.99231619826 107.699906428
1111.88321077 6.78591161013 32.3317363492
17.4935149703 12.4364896402 628.802067153
693.536642102 3.19155357113 100.712357452
129.129366326 597.871327712 108.320802199
2.39484557164 1.15641411265 757.421000041
105.795369273 804.112432545 15.1521821732
3.58380483657 1188.1513606 105.986738547
12.1646517546 1110.59866553 43.5885275555
0.842825517354 5.02719760508 825.065870369
717.887003097 90.9117106627 113.216202673
118.573754362 5.84157524664 607.025891199
123.737440018 843.796133745 7.74623649307
1321.91584661 28.9058148766 23.4731598782
1.42362006717 1.29813140846 764.351799676
785.403552627 4.72149611405 133.993051094
0.134693674321 641.991718951 8.49193144992
3.84357866027 2.76727286632 776.680155385
24.6622431456 74.1724158099 564.647190991
529.043713187 187.895745393 8.50044569045
1139.75895553 60.2928748602 7.3986402538
15.4833559074 2.29685081886 807.3467871
253.628695583 1.31684286469 505.475999523
3.62387238423 884.877849518 6.59809694203
1.0409355121 0.941051075008 875.429970112
231.939727405 488.402644595 86.0146923687
903.666240822 113.457086713 32.6485278289
32.4104577316 100.303551516 625.2174508
827.00705645 31.180751871 7.64277435043
2.3429280839 3.08415254282 768.446688185
339.513656817 459.019150294 97.1750626799
10.5399225153 1085.90236594 15.6617538348
19.6861332228 970.44362188 25.9299554492
10.0671966102 3.49492998007 661.242646872
88.3528800007 478.475571476 155.475860538
931.307974289 5.76192676725 49.1271971148
523.815232747 165.292255572 81.8074160853
1065.31030596 9.47515508805 15.2010896857
30.1701028238 21.8181956025 252.550547197
5.00659213513 754.945621694 20.4188083469
296.053950569 89.786141483 154.851857379
1160.6524931 35.1754392463 12.8117569265
2.91060835465 2.8226793971 601.670476165
909.387094302 81.8139275334 23.8032350478
72.8374891341 537.483720976 6.74419600333
996.441136922 28.8240021911 20.8436204401
2.18645591766 1.87869505075 695.868888879
432.616279611 73.5933395599 148.032647117
68.4217684585 836.54424552 45.6461756269
51.7484519892 1050.98289918 10.0533942854
0.525440138783 15.426044055 756.205203536
77.8570680962 423.097564343 212.226510068
571.948049982 25.6251049786 187.325097928
14.5029233085 821.707008766 109.36421849
705.552708037 17.5582402314 102.952317722
9.10549193751 1361.15405323 0.288399781316
0.950108497028 2.68872989425 617.944406765
31.8466543792 1151.55241712 6.38906741265
1211.18335309 14.7266719712 31.7428218838
7.60670671346 10.9001892938 758.664375537
803.720569686 218.046308392 19.2640220434
216.686958993 657.666858067 79.8645854292
956.840022796 130.866615361 8.46636171451
4.01849672214 2.8804750361 678.836816247
32.0125384742 851.304128733 83.013282165
1060.4013177 24.3490532997 11.0213193395
30.1917315207 15.8741369435 489.822318054
155.576001885 525.124890153 10.268177328
742.196206555 114.375266459 9.35081229745
1223.62260394 21.8464842184 31.1788161502
0.979929927409 2.10962720997 802.155279908
72.8293360827 456.616126727 141.656745224
462.993653485 78.0293355307 151.619983798
56.7984598559 2.74332849785 703.774094183
738.14264449 10.4079652447 21.7020691699
57.2753909308 74.8965353848 601.305753336
9.42817650419 769.71302528 8.11563638401
11.8392275141 6.40903808164 735.942739447
22.3902365719 999.694072182 31.7107204597
1.21120227282 1.2194937275 565.582960366
930.508713552 58.5179526885 17.7784123628
313.481641164 608.128411056 15.7292788946
901.082847513 38.6753295668 38.569975718
4.68170718793 0.589846262893 714.802309115
11.1114429884 12.1341800178 720.582769785
778.948677126 8.3298767674 86.4458153005
114.460780084 650.669074824 119.019321232
6.24591971182 1128.45680878 10.2387598086
87.242765693 544.344213757 179.453418383
8.34057399715 7.62863363683 755.17111001
973.260806055 14.5812526805 11.5481354933
0.597746642213 33.2250443041 715.065920635
589.287162888 54.5634401022 102.163131995
3.45317176849 942.346254089 107.134662238
24.9571557759 163.363105896 237.852716516
19.0347955079 8.2832148218 818.109337897
10.0243138311 747.259414623 26.1788641767
9.25572732669 12.1492069522 818.282416529
999.363748834 87.7201250487 2.05293676318
565.111120786 87.1088041568 65.2189421463
7.2929176465 9.04875607092 684.785099726
43.0303718822 1096.39060943 3.05009097371
119.075112268 86.3010537823 439.393898641
14.4079182808 5.04337431456 665.871700826
1000.23136332 81.7165887329 0.871202172239
79.3086897829 941.235037824 9.6050927907
0.64817743436 1.98504470218 740.658542852
289.78700777 375.45155733 156.732034933
58.7240879746 2.34248289479 475.049759348
1231.81630472 60.2598212033 2.65860023533
9.22718392152 1252.87429285 4.67255574999
6.98475071375 1117.79686195 35.6911967799
0.400068611 3.19184863451 881.876621173
115.624492 118.231386846 305.455629224
75.1939526961 475.914752834 0.155638716268
2.47194374974 0.28201401457 773.802857575
1245.94937718 129.021907523 3.1829514874
6.00354183247 8.66763805791 628.944938258
98.3088618849 845.621757585 0.0681632183999
273.975867442 47.0951175897 280.659959237
1153.8402816 0.758808123474 24.6420503071
908.134787577 89.5580923869 13.3408820726
35.3666761305 1026.11977929 8.27165891602
543.231608029 10.0500725745 10.7403356022
1.01026923605 7.63888796231 637.318856191
1.37369568913 632.496729373 96.1560539014
0.397833974874 2.99683726203 567.626069876
738.409640495 13.1970061444 32.8062310069
13.0819856415 787.522921803 7.75181062889
863.110366883 9.11131952573 5.00135076066
384.278538887 394.311645775 8.14944577465
71.2379178295 10.4517591204 509.493969414
107.483835354 210.831502697 304.472107661
0.102884091024 0.0290936236998 719.224883745
37.9601159238 1009.32076424 50.1228355568
37.8749512874 1076.55202919 30.4081789318
964.770474995 4.18475232334 63.0746376414
46.1473312564 1246.93638562 33.8793671451
1.72330206797 8.33580034316 514.392524615
1260.75155293 48.7080921513 2.39700293546
56.9008551415 475.099887081 240.046019403