0.389533579259 0.0287798858795
0.359773619931 0.0329369128318
0.0405589673353 0.28948285393
0.109431421761 0.207630903615
0.335747625721 0.0442244617334
0.0277893986603 0.352817710715
0.0145383101163 0.365290280993
0.0241663120096 0.312431903423
0.355272535419 0.0400416842727
0.0884470033943 0.244873126327
0.0 0.371071320226
0.308807079066 0.0414446943005
0.114232901407 0.20917616675
0.346735704391 0.0360681731329
0.442900092093 0.0154435144361
0.112416937004 0.16151332811
0.376844223493 0.0283217261335
0.0799922914472 0.196937092663
0.0568415576806 0.291057188108
0.0776704275416 0.203843628442
0.0674316988499 0.293824393282
0.329430201515 0.0392494120533
0.305937783223 0.0517103644495
0.101333480174 0.227920529248
0.0147700910851 0.51670001856
0.411688816673 0.0234215147043
0.198837594243 0.13568066752
0.0488908038692 0.23046785989
0.369878582611 0.0248517225731
0.435983899944 0.0134701964991
0.393284011543 0.0353297227619
0.0500603457829 0.289512696946
0.453767118123 0.0184574339419
0.0953857428284 0.198271522331
0.145297703809 0.175076242576
0.0577067258162 0.310613704057
0.36974908616 0.0373063998407
0.47849887393 0.016518421639
0.0683098001605 0.283715686485
0.148824263828 0.20017915578
0.112635512871 0.231652799184
0.0312052171004 0.278419468105
0.110321654922 0.166450456539
0.447830516892 0.013715953071
0.0504933645458 0.248285723722
0.297744511226 0.047450045512
0.0264007580939 0.309032927659
0.338476397851 0.0340521787792
0.140674969801 0.162498123954
0.0592266725117 0.236304041838
0.438953136426 0.00217359031112
0.420013363584 0.00471972639272
0.0414472988095 0.351872240434
0.420028086919 0.00491071084508
0.0285581486377 0.258248985116
0.0306615539456 0.258526324704
0.402716440207 0.0154085229774
0.35626669877 0.0296693267763
0.0128849881754 0.331750995742
0.396093245725 0.0146523574936
0.328529250646 0.0409426771536
0.0627287273764 0.219060427582
0.0790720170657 0.20442997812
0.364453408911 0.0253313267044
0.0385591262274 0.207366152875
0.42649868777 0.0338887318559
0.0406784200195 0.256391490386
0.403766321917 0.0421575082549
0.0677254432099 0.205812608123
0.36053345386 0.0318088640963
0.0346774290138 0.245002959946
0.0259109970879 0.213804364259
0.0306451937954 0.232131348967
0.322479384159 0.0113195489507
0.0368015358959 0.217721213877
0.0418098505786 0.188728612204
0.397535887485 0.0281258475214
0.0456715541456 0.183465477176
0.457804388792 0.00540738679402
0.0478661085914 0.203502796773
0.0438846139636 0.20916912722
0.453321589747 0.00822753985023
0.0286104357646 0.346924261863
0.449859210119 0.0200161297276
0.0404184646532 0.20324680607
0.0358682485151 0.206378174138
0.0714061418319 0.1878712066
0.0367232296869 0.206700329212
0.0315478983093 0.224237779754
0.441701751652 0.0214543819373
0.436712039491 0.0114125214556
0.372210777382 0.0279873291354
0.0370130203948 0.253205983171
0.137077600408 0.173271708895
0.467220358693 0.00669886932128
0.0451335583965 0.227306733838
0.113306650667 0.168246675301
0.0375439400796 0.284823260329
0.0183885265933 0.246584742268
0.344924505843 0.0150383215501
0.346839754769 0.0158730457707
0.390538961307 0.00856039160069
0.309116363748 0.015368371846
0.29287161729 0.0278708367557
0.314601627499 0.0151626171966
0.0866841886186 0.208230405217
0.051323166549 0.317147008431
0.0748765519325 0.228454009383
0.387863416472 0.0162690240943
0.0643138402456 0.247790199504
0.0664104531897 0.243986144978
0.368212401216 0.0214556874586
0.0326708176927 0.483135032429
0.0242530923873 0.25860324941
0.34853721203 0.021159075776
0.351858099628 0.020075605022
0.0358630145881 0.208587765938
0.0458395928591 0.202251230976
0.382880469801 0.0152291150424
0.44190452908 0.011815326935
0.442525609622 0.0124957841281
0.00765438757365 0.202602045147
0.00544723873105 0.210183970002
0.442827931161 0.012493831515
0.367692836526 0.0163629549345
0.0195190393654 0.232578119407
0.345822107291 0.0212901479245
0.353525966823 0.0186690720065
0.0240502524354 0.229205949528
0.0185945644617 0.2381450983
0.390459572808 0.0110097524694
0.0217973246962 0.224961692179
0.312807092584 0.0386549584109
0.0169380249276 0.235717312986
0.0202816153892 0.22716265658
0.383466029093 0.00931443369128
0.0223661209568 0.238676938494
0.396563118191 0.00829867492233
0.399677318854 0.0060428089421
0.397519076058 0.008849032199
0.307715545002 0.0139352260697
0.026550005397 0.187707374278
0.322546175086 0.00828473260587
0.326491946578 0.00695588579749