0.331066406342 0.165070940632
0.0290661440224 0.358401376837
0.521083016267 0.0873314766861
0.129374470823 0.258868176337
0.000350950530929 0.46544789947
0.177687894571 0.238197442313
0.0100009589354 0.464435557167
0.73862626554 0.128902300936
0.0364431777893 0.364624088646
0.234232288574 0.278232644777
0.669064392976 0.141753036687
0.409223752862 0.207378585177
0.0411982841049 0.387569217749
0.200116760985 0.287785437856
0.0262397182135 0.427084584826
0.0111686266456 0.463712331547
0.684087932277 0.131086146929
0.425156188467 0.200238020918
0.0029896210071 0.496152205902
0.0423371215663 0.405886195761
0.000911377816099 0.375472381181
0.0535606250749 0.275767381412
0.219798212448 0.160274289112
0.0988162071396 0.2355931796
0.881567611908 0.0
0.506394210852 0.0692290223431
0.880752091855 0.0757772643072
0.265400239149 0.21344142325
0.858434716221 0.0797947180297
0.023878226648 0.397542125621
0.0812207489006 0.325549441289
0.000449002163916 0.506740348298
0.653728747667 0.0643723969229
0.189954057617 0.240297796744
0.00422130095259 0.556852099707
0.0342685005545 0.433229138702
0.0935787780116 0.337545380193
0.738688268142 0.0548937236784
0.0095341453596 0.502405206725
0.0294200708589 0.421015706812
0.345880074186 0.19475653975
0.833547405975 0.0661910573121
0.106014199941 0.347955523732
0.0204381745696 0.419734151581
0.0779880210729 0.310014822301
0.000361994414356 0.518221280352
0.533349641499 0.133237674865
0.836357736359 0.100630850805
0.935642805831 0.0325029287953
0.032003653534 0.391256529426
0.00813639007434 0.452695150187
0.348765765021 0.16949788579
0.191549988806 0.238095326162
0.257202090714 0.275937222438
0.00352944071789 0.440237536071
0.0532952091872 0.373898241304
0.5401547143 0.169738636376
0.989098724338 0.0869897521851
0.473207172048 0.142894725312
0.164100625792 0.265316881447
0.0202011012179 0.370738497867
0.974587836208 0.0954820660367
0.00603303707903 0.428594117506
0.673348089988 0.121064952959
0.165340459445 0.299973487757
0.517059521248 0.128379851731
0.00474224329439 0.489203926855
0.0164037074631 0.455761154633
0.69930931858 0.0811984385518
0.437275344387 0.159825035152
0.0409136912277 0.363900889312
0.0134042701919 0.437200932758
0.323327066104 0.210208368347
0.0948305301338 0.322668663272
0.135718250947 0.292774427888
0.00844417696812 0.456449812647
0.595146458541 0.131080209464
0.730612623563 0.105569450464
0.459574740147 0.172988489086
0.114707783048 0.312443467977
0.991179635375 0.0693521753559
0.00605668134545 0.462358594197
0.10894649995 0.289757197054
0.529808268218 0.119549785143
0.000299313388388 0.514260292562
0.036297365465 0.372214648959
0.188927371026 0.24835347483
0.946269228075 0.0162654879044
0.379001562838 0.136258640767
0.0509507557071 0.370094477232
0.204152638759 0.220185143211
0.0230269753904 0.444138357852
0.00170354293597 0.516218620791
0.997233893024 0.0741818060109
0.0517899632009 0.368708646961
0.673521821592 0.11692501938
0.170575598636 0.31504520746
0.0163903419764 0.480488958862
0.00157754426922 0.541732229883
0.103523972553 0.329165914559
0.504365890306 0.147639259817
0.0154183152269 0.442750790279
0.858779199104 0.104035524922
0.412157046737 0.119766258211
0.034817114094 0.296147610773
0.0080568405777 0.40865136804
0.660448542501 0.0712515551619
0.339994533709 0.172048150057
0.0202000659198 0.364540200775
0.959783274501 0.054765213622
0.0712925322314 0.324096055968
0.000204089581485 0.452063136729
0.803619204078 0.0691709869393
0.432581063442 0.159295726591
0.926795143681 0.116546732121
0.375861833183 0.171315819278
0.00617390994852 0.401241148905
0.232460816777 0.22464327659
0.0417221634172 0.357705482017
0.0121152605697 0.391633550916
0.325915580817 0.197492929296
0.0426595710887 0.327521636184
0.0102299621607 0.42781234418
0.777757731554 0.0526729340534
0.376561803946 0.181918947499
0.865712482805 0.0550683666558
0.258034885888 0.189789043058
0.0556633262912 0.30097314942
0.00370901748116 0.43953659707
0.425833341152 0.128680397187
0.359581841949 0.154899917767
0.0345137581392 0.349507209588
0.0954515074947 0.290605448267
0.00398879564684 0.482682509046
0.77130738377 0.0336254966143
0.170681038813 0.242887388265
0.991988968681 0.0348270471988
0.206792748071 0.238284073075
0.309285081605 0.188242005923
0.0244566322534 0.407822593416
0.00092695466298 0.535343253324
0.0605361566243 0.33413344911
0.730434355061 0.0741503698752
0.0123583253562 0.43755423269
0.00548867852772 0.447942025036
0.183884895403 0.287626226279
0.232094840134 0.262975468094
0.661514580723 0.103481770952
0.0908246107481 0.354058301448
0.522075039107 0.136335562558
0.847711307142 0.0813836259462
0.736395304786 0.10339894485
0.316621041594 0.20681003264
0.0362640147958 0.39094630664
0.273232294809 0.228350927686
0.067252177727 0.338831834386
0.000609530073728 0.533782088042
0.14613697779 0.301198609658
0.745360664693 0.107011122173
0.0384941049169 0.378712469861
0.0674418937037 0.350267284413
0.00293370031785 0.513407218993
0.442395477434 0.182961436044
0.00693508710183 0.486039963221
0.103426014585 0.329200442009
0.940795453423 0.075198672287
0.0070582349182 0.493719542541
0.00154030468033 0.513943036398
0.0561829666612 0.394363556207
0.447928914755 0.194568858349
0.722870248587 0.120086861303
0.00373277645645 0.389341115494
0.837578655565 0.107222628445
0.394318063751 0.1970725392
0.323892167857 0.221118613004
0.0470181817637 0.360345970898