0.0201635693697 0.0658167878339
0.02859652664 0.0278732809916
0.0285965245542 0.0278732813501
0.0285965245546 0.027873281343
0.028596525255 0.0278732811344
0.0285965246159 0.0278732813242
0.0285965245412 0.0278732813281
0.0285965246188 0.0278732813306
0.0285965246666 0.0278732813129
0.0231920648583 0.0593230093509
0.0231920648592 0.0593230093483
0.0231920648584 0.0593230093502
0.0231920648589 0.0593230093487
0.0231920648591 0.0593230093484
0.0231920648592 0.0593230093482
0.0394232899812 0.0283378498132
0.00864982324223 0.0142132608843
0.00864982325562 0.0142132608837
0.0086498232548 0.0142132608847
0.00864982319944 0.0142132611285
0.0086498232529 0.0142132608886
0.00864982324815 0.0142132608846
0.00864982330148 0.0142132608594
0.00864982328388 0.0142132608452
0.00864982324506 0.0142132608841
0.00864982328738 0.0142132608703
0.0154368889516 0.00485262334688
0.0149950589037 0.00540189305101
0.0152093592058 0.00496939896305
0.0166732566642 0.00473633738495
0.00161223400013 0.0995956418073
0.00800891954171 0.029511286644
0.00801051978437 0.0295089694036
0.0080082277796 0.0295183136729
0.00801147425661 0.0295067998741
0.00801232337739 0.0295061732118
0.00801203780274 0.0295061358908
0.00801223005664 0.0295059356659
0.00801152369189 0.0295065851348
0.00801204522636 0.0295060361966
0.0104526989585 0.0388412043266
0.0151383812605 0.034637572862
0.0137605173757 0.0345728711184
0.0118964002179 0.0364891241791
0.011597827629 0.0372003438396
0.0468461812319 0.0286890122721
0.0481633147547 0.0285277859113
0.0141133267957 0.0349694680676
0.0116722227816 0.0354509864354
0.00967657627596 0.0512299156493
0.00572583811898 0.0329405445954
0.00599012950344 0.0327402141349
0.00582629406068 0.0327955221309
0.00600317627337 0.0327375641357
0.0057433184894 0.0329254061299
0.00574888053631 0.0328976513627
0.00573761654973 0.0329207614474
0.0320772462932 0.00554301469738
0.0311580303165 0.00824045060968
0.0116725385125 0.0438471396517
0.0442794279101 0.00124924975553
0.00308784340826 0.06614570937
0.0303459479334 0.00601234741828
0.0237198284704 0.00997970410883
0.022989258687 0.0100789530824
0.0224260796038 0.0103734688396
0.0046625059955 0.0895654576368
0.0219167201455 0.011350499471
0.027083428384 0.0340330440511
0.0270841540933 0.0340329175313
0.0270821633129 0.0340349908841
0.0270807164001 0.0340379449961
0.0270802527567 0.0340517885624
0.040391228374 0.0129617069918
0.040483374514 0.0128196259386
0.0108835272051 0.0503310953457
0.0400550415136 0.0135235156856
0.0243804591234 0.167726525609
0.00563186138756 0.360224499968
0.0550938844273 0.0821661708562
0.0782982571907 0.0766138043522
0.0452309723948 0.0993439552403
0.00790754452288 0.0383764474043
0.0100046905714 0.029553542312
0.00974455852405 0.0297566589915
0.0118037348345 0.0292456718579
0.00908903414187 0.0318150322973
0.0107778956869 0.029230939577
0.0054197395255 0.0665314096632
0.00359291714151 0.0636948226676
0.00359291714151 0.0636948226681
0.00359291714151 0.063694822668
0.00359291714151 0.0636948226679
7.16236257646e-05 0.0289972468422
0.000237508799999 0.0284538111536
0.000145631953648 0.0285615220945
0.000215436717572 0.028445723825
0.000146244182901 0.0285519237299
0.0311430648433 0.0166307194676
0.0309808343302 0.0166950395626
0.0307546619007 0.0169723638002
0.0163658574242 0.0936675519511
0.0296976261978 0.00517708368644
0.0296969931454 0.00517923679054
0.0296962055943 0.00518534903392
0.0296971987379 0.00517715366831
0.0296974959835 0.0051776279977
0.0296975430164 0.00517804199441
0.0296966805012 0.00518028433692
0.0296965409412 0.0051795539127
0.0101572438327 0.206915694101
0.0304531513149 0.018063824646
0.012723917712 0.0281118143486
0.0127283707853 0.0281004119844
0.0127275658534 0.0281008344825
0.0127264102174 0.0281030773531
0.0127266855344 0.02810184851
0.00721849697037 0.0630252384902
0.00721397925297 0.0630261446506
0.00721271775579 0.0630269830944
0.00721166240738 0.0630291170362
0.00721157285434 0.0630286788975
0.00721174078721 0.0630284655848
0.0072125715297 0.0630267522787
0.00168522140777 0.209150604083
0.0192785351216 0.0814099428377
0.000571481625645 0.0564837331444
0.0128370134683 0.0575333934984
0.0128370134683 0.0575333934986
0.0128370134683 0.0575333934985
0.0128370134683 0.0575333934987
0.0123495854773 0.0432790453367
0.0122033644573 0.0434988552471
0.0124130740305 0.0432636990249
0.0124616758313 0.0432406940531
0.0103498413701 0.0521125416112
0.0115544210801 0.0236617916618
0.0115544210597 0.0236617921229
0.0115544258902 0.0236617907827
0.0115544209762 0.0236617929767
0.0115544209387 0.0236617921037
0.0115544216599 0.0236617918519
0.0115544222392 0.0236617914724
0.0115544210438 0.0236617919739
0.0115544212288 0.023661792537
0.0203193245395 0.0469875917042
0.0203193245431 0.0469875917016
0.0203193245404 0.0469875917025
0.0203193245611 0.0469875916982
0.0203193245497 0.0469875916995
0.0203193245397 0.0469875917039
0.00733119041666 0.0502219376433