0.695269569596 0.07901579361
0.00242400879527 0.284469413258
0.125909535318 0.150880931923
0.012313779899 0.259858957548
0.225757829307 0.120247068898
0.0361438015375 0.162205552917
0.0843065117347 0.133073689982
0.0133035929448 0.183629491006
0.00423694966597 0.206092289981
0.126096209403 0.114366422427
0.00720547569846 0.197763783008
0.432546397055 0.0699220985421
0.103899052319 0.212392374702
0.20952787436 0.143371792062
0.00413017359707 0.321452740574
0.704734321184 0.0707009473621
0.0306905141603 0.260153214521
0.422100869968 0.10040028813
0.107724318927 0.173502251943
0.294194300906 0.102065765687
0.00703137753753 0.286490378835
0.0324458819978 0.229387231933
0.450723363694 0.05988347428
0.00869161673529 0.22330208833
0.32747775962 0.0622857220251
0.0332946597606 0.193166859066
0.155669068911 0.124846148832
7.52878990695e-05 0.351778884073
0.0380905847801 0.237057137531
0.0122605458636 0.288442604659
0.142230297531 0.178655700017
0.386482933022 0.11636313985
0.281897902336 0.139478726048
0.717565716715 0.0
0.0112575374727 0.221473763528
0.199655474323 0.0951709847794
0.00423277502775 0.255077327087
0.000870544847549 0.280172226759
0.0494267112998 0.198075934821
0.109084485627 0.164236667749
0.0198742774446 0.230736623237
0.565534680347 0.0413463845903
0.390811956063 0.101201153688
0.306389356241 0.116194059012
0.0402234362735 0.208283195672
0.00480138661245 0.254961973742
0.0023307939199 0.277036998059
0.0193509273095 0.25723108498
0.296323694614 0.112239255378
0.122606052372 0.193023612721
0.00221436692253 0.333031657121
0.00718402265975 0.296564846652
0.000746862160913 0.336677646902
0.154811590621 0.158357876765
0.0202401127409 0.284113734164
0.0271598573317 0.270975679707
0.436078527852 0.0994733318413
0.0923098679 0.20827844298
0.00696400250937 0.262626719637
0.453206495867 0.0967552412059
0.208989045054 0.136321464365
0.0941290635801 0.197878330769
0.397152190405 0.0875635230455
0.00552672684953 0.242119708094
0.228704671303 0.106725638259
0.0161427180625 0.241125636792
0.181036092374 0.136807728274
0.00277029489594 0.317221527336
0.398878342664 0.112240816455
0.0186907731349 0.215162833988
0.0212669315387 0.210408162386
0.00328198574371 0.253215444178
0.0945208773619 0.15107271336
0.553280670225 0.0399376690207
0.0277882312275 0.20411726188
0.324803866412 0.0678431420814
0.384464371678 0.116906634936
0.0128264280389 0.306559036867
0.0535542525827 0.256910477962
0.278960354227 0.165385134336
0.48710024457 0.115376102555
0.0138652974711 0.195158812371
0.00672997791369 0.225430596011
0.226598213386 0.102591775247
0.148676536132 0.11575005277
0.0681860166716 0.155746596829
0.0669164079711 0.163872391326
0.219471597774 0.10834024746
0.0298867962412 0.196833940751
0.00896213111025 0.224210351122
0.290203763725 0.100457851038
0.000137950868818 0.292524824469
0.733908050207 0.0450098945052
0.00548567903597 0.276278479487
0.327905673756 0.109838534684
0.0047463199988 0.280587714228
0.00889415304215 0.265515501579
0.0601911190581 0.211421027842
0.0909458208823 0.194632824157
0.0365295927762 0.19351077398
0.0114824569 0.21650819044
0.31193019591 0.0821746244803
0.0045677333667 0.260750607487
0.591822219935 0.0538204738812
0.68934146826 0.080411102634
0.123917307656 0.220901360608
0.55304269898 0.0974894697934
0.231998269351 0.172612356271
0.0193276812036 0.303248425597
0.0110495378965 0.320023346631
0.0373259315016 0.285239036116
0.00155440051183 0.386247262461
0.32180478725 0.108527506562
0.022907520581 0.248035531845
0.05024933869 0.220188774616
0.000154189194059 0.328515476517
0.103948851552 0.189790508105
0.00939763380856 0.274502935056
0.201107108276 0.148886851569
0.0306376799366 0.220807088585
0.00377109594375 0.279300809026
0.447107826748 0.0875818670597
0.240036445578 0.131476974681
0.0794379638021 0.186474709664
0.00649154759649 0.269534614866
0.160349005597 0.16467906901
0.0180768528807 0.263539152443
0.00280232695285 0.328453751689
0.475311714338 0.0775146378157
0.20038981319 0.120468273789
0.00217236699295 0.318758899515
0.323066537375 0.0765585404237
0.0434107612602 0.218269821288
0.00162556169527 0.322356124866
0.00651135807061 0.336398345779
0.0313519453927 0.279565856635
0.00350231452995 0.358265002594
0.391018791622 0.126507195412
0.553940950677 0.103368880487
0.104096414689 0.205857449542
0.250204366853 0.155488522395
0.0074577216024 0.211445518638
0.0800425372938 0.162480048093
0.390267350618 0.0593234506803
0.219291237641 0.0999928604264
0.107025410774 0.157039960241
0.23249488929 0.111788709381
0.0125892829591 0.244939377725
0.0249299437452 0.221475676169
0.0765924089897 0.17834504889
0.212463489412 0.115643808734
0.00157391317533 0.299436528928
0.00271789224799 0.287884776364
0.282479522919 0.0911651634076
0.0186057194223 0.215169717493
0.0479297379811 0.190042060375
0.495065188572 0.0400547899358
0.0164184267214 0.222276641401
0.453213150911 0.0922725213291
0.223274253813 0.150613756088
0.0724565795909 0.243224484376
0.0149796738322 0.291142198426
0.00448781983566 0.309674973616