0.00398033169153 0.242903932076
0.0717878009229 0.165119454948
0.0296191834648 0.200442264603
0.422470441999 0.00657861428232
0.356046559424 0.0311225321173
0.339176125465 0.016955871672
0.0159020267679 0.213478290168
0.387312027352 0.0119941213618
0.344537570011 0.0178256532527
0.424787511231 0.0
0.0294988161581 0.186340097439
0.0335903014658 0.179562183348
0.304846479539 0.0332260995189
0.0198355209641 0.258351499306
0.33867491858 0.0134959659292
0.0794775809673 0.172714062589
0.0643880172204 0.189989746989
0.444902918968 0.0119428769591
0.0274431155833 0.183960211084
0.42194768192 0.0152118845142
0.0166770275064 0.226828943667
0.376354953879 0.0268718325451
0.0122394872823 0.210617250447
0.00539005061327 0.265342723519
0.374259453472 0.00963328397167
0.310402217513 0.0372861592897
0.0364149410001 0.198458572005
0.0255144479234 0.256338299228
0.46398602607 0.0110341121675
0.021751523686 0.217838549188
0.32100705166 0.0367820368875
0.0101268180384 0.252049887154
0.384892558222 0.0174473175846
0.318660303012 0.0272422674188
0.0334114608239 0.178993075578
0.264858823166 0.0475230043007
0.0059526277342 0.212518894988
0.012706493851 0.260402300983
0.0465883771593 0.191876184783
0.429163896168 0.0108235901513
0.0592727850572 0.181334320222
0.356537860819 0.0299926318385
0.0197782090149 0.223788272176
0.366541279271 0.0172598684111
0.0440657130597 0.174007859603
0.0295759564499 0.191434179688
0.0577657218069 0.165452812602
0.0328879408551 0.177252714655
0.40712852369 0.0101654874206
0.0198005009632 0.21742238008
0.290644044361 0.0394919216831
0.0473794068155 0.209721287875
0.00626668086829 0.289208395538
0.353058997469 0.0201461221584
0.0159695012327 0.25740846072
0.0395383541409 0.216891374735
0.393038165357 0.014501749367
0.436933772322 0.00549935782719
0.0182388538696 0.19333938621
0.308976364236 0.0395535969483
0.427495395026 0.00748042485635
0.394968906099 0.0150472628199
0.0247240747738 0.173284235495
0.282152117804 0.0466644172108
0.0130137045571 0.215353109332
0.348832033449 0.0202849456451
0.0086014918797 0.219227892957
0.428266840252 0.0187119537446
0.0129623442185 0.278272013492
0.450287452105 0.0177956515954
0.380583985394 0.0367408627524
0.038482965383 0.176410866954
0.342008219584 0.0412737878817
0.0191992099573 0.227738787178
0.415045496694 0.0167685387346
0.0388270619447 0.201444374624
0.024341316986 0.218282105866
0.063898256491 0.180311977091
0.0552747486805 0.185244988048
0.274345479491 0.0581306922904
0.0306840097889 0.1971259956
0.00654455516703 0.287446500492
0.479812364282 0.0128312228672
0.450351375673 0.00347096445534
0.0790336404355 0.160005876332
0.0308541238416 0.197826716539
0.0242060157479 0.217024484239
0.052904221651 0.175469254239
0.431123078801 0.0062343332913
0.0383507217814 0.187282591277
0.0330361409633 0.174027412941
0.353546694875 0.0326232718607
0.0317424246004 0.18013038325
0.44380443034 0.0118382904761
0.409401673517 0.0191348839166
0.0194142637529 0.228641270696
0.339036141072 0.037344080961
0.0425624939047 0.201998091729
0.0118609228173 0.262735142059
0.409586620527 0.00948702472682
0.0282285784026 0.185027252665
0.0479288466902 0.166082282453
0.35965319192 0.0223005302259
0.0159998766626 0.268347498084
0.327722211186 0.0118141353561
0.0259939707282 0.198896427166
0.0444100459254 0.171258570068
0.0174275623911 0.225483850681
0.001459544152 0.243629357341
0.0183055066343 0.209464816022
0.352706522612 0.02255576267
0.0444632180111 0.187898285719
0.0190740194944 0.222033075295
0.0273250890656 0.183252972501
0.0253939874808 0.18744796353
0.35425418088 0.0110334579759
0.356278476426 0.017975642205
0.341992084328 0.022698286795
0.0400948209537 0.194251881548
0.0151391024347 0.243084347454
0.0110196216004 0.237437104426
0.0167293573093 0.197760868233
0.322656954927 0.0496391091089
0.436391958572 0.00881956246833
0.0304044140494 0.182616286071
0.444317287619 0.00695398728788
0.392136084402 0.0103956606675
0.0267960347159 0.196895009454
0.366425602551 0.0150071704664
0.350814081814 0.0199958893046
0.326478219092 0.0255426463014
0.0472296710558 0.175420457952
0.010609179982 0.25910274801
0.439532199508 0.00522650263163