0.867200451364 0.0551752668376
0.0243301553793 0.356366454952
0.399989351035 0.167574636351
0.00169537057284 0.467199819209
0.160627873455 0.280371448045
0.00320137398328 0.485591168494
0.136580167093 0.282328080192
0.424026990175 0.166341209923
0.0159227460359 0.414229314605
0.0533198840748 0.35035414899
0.997625419616 0.0244943180932
0.7454518152 0.0791428287416
0.651356052181 0.0556739445271
0.3075881101 0.191503458752
0.0811427450541 0.306475211628
0.00343274168304 0.475646882566
0.158323537171 0.243303014658
0.0432819936438 0.364590922983
0.0118575745303 0.425290972364
0.103797780164 0.279067664083
0.698487370609 0.0871382402963
0.834618479976 0.0675143247563
0.0117494814701 0.416253714657
0.277437628374 0.186031634045
0.950372858259 0.0928614030001
0.0568637029341 0.335825549042
0.55789685942 0.124970497206
0.152936783994 0.270507888661
0.0101472060679 0.38420497707
0.287890231737 0.197456994159
0.104947215947 0.297282615536
0.00141714230646 0.428690129706
0.867773524857 0.0682113383414
0.596315564537 0.120221836102
0.0630342366226 0.256135278164
0.000532490681355 0.505023547298
0.533784078481 0.0830567448591
0.00579674494866 0.472240217663
0.87458898553 0.0709599501757
0.0135111061018 0.347041266641
0.279825466023 0.174540799909
0.504096352021 0.127005821217
0.730094276227 0.0947812137244
0.480379644586 0.132664081293
0.0138578858018 0.431555907653
0.0322944912758 0.374367419721
0.235974912267 0.237866016039
0.13471904991 0.294068721536
0.956110034285 0.0425965691754
0.00849829994967 0.443788139514
0.457419680768 0.121386486354
0.0990413698616 0.315123229628
0.252280674477 0.213795809033
0.0206315824636 0.420224007554
0.0580424192145 0.347652740834
0.152155283827 0.283512933208
0.0110492129428 0.429320674264
0.766386915109 0.0760182021831
0.277048753905 0.210092266585
0.989844292695 0.0322896876132
0.072761108083 0.35935209595
0.00335780801921 0.487392948447
0.108520259747 0.238096286084
0.171801929783 0.199719986029
0.0195665433781 0.395439507024
0.954869293848 0.0489119533704
0.940840984527 0.0506978531338
0.915406263996 0.079997256955
0.000562763763029 0.510552068954
0.44068412177 0.148464289021
0.0278523257065 0.411011320374
0.188804270865 0.28522901928
0.0112714714357 0.455869080231
0.0605420829096 0.377940986056
0.94164593703 0.0650511630331
0.569998049529 0.116318390412
0.196533562721 0.231256012959
0.0867363439928 0.31574732571
0.0222462041187 0.43097783765
0.00214519643091 0.533299171497
0.164573889211 0.275417572011
0.021107124084 0.354468079794
0.542411174221 0.125340079193
0.924873477438 0.0529237972364
0.20110392267 0.228136759057
0.0453679579347 0.358099192535
0.0191816888837 0.42830470585
0.0374325154993 0.37390966713
0.968479901114 0.0407315197002
0.000365048591899 0.582049248607
0.529173591385 0.135571386972
0.974854785854 0.0
0.0329998018928 0.319045357687
0.54437571363 0.127668201687
0.304533170102 0.204790297357
0.0126843963973 0.405491853073
0.881616529625 0.0423620991462
0.0171970466196 0.381122784325
0.146785869961 0.267421748395
0.442597370619 0.123103212787
0.0714283096147 0.315790559915
0.652405170802 0.05901586279
0.00971585970401 0.392266779598
0.146012230242 0.273506864164
0.899819684729 0.053143535177
0.308779665506 0.177358583462
0.134624975348 0.277152949826
0.00672244921625 0.436951411709
0.0639153579197 0.336600420492
0.666120514553 0.0804782297884
0.014847940983 0.432057648459
0.148744550711 0.235747864768
0.000546393945201 0.487278444534
0.936575870133 0.0330720035788
0.99404377067 0.00144086986504
0.190640941182 0.270760111141
0.557817870211 0.102084206931
0.00795021514125 0.417854049457
0.00213491983789 0.434374439074
0.15208495552 0.290771729159
0.040743487927 0.364835032968
0.00263395173295 0.437304410537
0.269637989102 0.210118877883
0.868038183073 0.0364275056892
0.0178190934074 0.391300450936
0.322081706439 0.191987987031
0.0952666949005 0.327748296556
0.840629597801 0.0499874160046
0.0139560186971 0.410556556536
0.481932504078 0.115119458922
0.258304488531 0.236232137448
0.00712531982721 0.442849869653
0.949386774028 0.0343957494629
0.0373399184547 0.344598589385
0.00774436276177 0.434817261686
0.147594223037 0.248515133704
0.616750496583 0.0972751967275
0.249532443275 0.167989383191
0.703639584544 0.0716648398605
0.027515373172 0.382603543196
0.00984575638802 0.427686222073
0.0507611967618 0.33466559472
0.272772115738 0.205405912176
0.00507769904133 0.5042606242
0.0839825801199 0.305704916847
0.939993887636 0.0332848312078
0.713346816413 0.071636039447
0.0879845738296 0.30739746198
0.490549982875 0.111395578664
0.0185765850656 0.376650424015
0.00187300110364 0.525173066529
0.00185062699415 0.531070629372
0.0322591038901 0.33470708733
0.504615709532 0.149355173708
0.992464529377 0.0402263828151
0.901449470478 0.0571435941943
0.0176169454513 0.400784047977
0.453810863982 0.0670997428925
0.244228588527 0.211127278787
0.00664257271063 0.466815542034