0.000713362700503 0.98116948464
0.00145991513375 0.978744063657
0.00596566893726 0.975343075212
0.979182298933 0.00848165203207
0.973010483681 0.01235992433
0.000129499624675 0.980811915683
0.972974740635 0.00991086805926
0.00364127991615 0.977168990787
0.000444939540065 0.980645112221
0.978643778191 0.001565356724
0.00113015636428 0.979057976196
0.980016856127 0.000482559132742
0.98199342168 0.000104448014526
0.981621433009 0.0
0.980444154539 0.000373360828171
0.979272598121 0.00105007002951
0.979415819729 0.000931820459592
0.97853225587 0.0016981751546
0.000466437043725 0.980607822952
0.000355027208938 0.980843887028
0.00111623282838 0.979736518894
0.0130125432712 0.97173652777
0.980778579712 0.000209897076424
0.980283987322 0.000749277564982
0.97396598924 0.0081210205809
0.00163874432964 0.978604171404
0.000123268179393 0.981632493177
0.00880436461528 0.974178628137
0.978430757367 0.00209299715859
0.000308246052356 0.981196666845
0.00649479096728 0.974914585156
0.974564101281 0.00702034572139
0.00370171467639 0.976859246367
0.980435096413 0.000525690187503
0.000536327835698 0.980462832749
0.00062015161814 0.979992028215
0.976491761051 0.0040515983409
0.00420912003165 0.976423431418
0.00122479275033 0.97893248078
0.000176006758397 0.9806761172
0.97957366643 0.00145582572782
0.981051707634 0.000854974706336
0.973967694199 0.00876314273195
0.976554118889 0.00397699957072
0.979640815699 0.000869828457985
0.000631750756259 0.983114021995
0.00426171907091 0.978611310241
0.00720802767914 0.97612299967
0.980930161699 0.000149284987247
0.975941611251 0.00516157367022
0.977391968595 0.00333888228465
0.00343919323491 0.978076863997
0.00141202606261 0.982428807781
0.981690631385 0.000184510887284
0.0109980417554 0.972571121437
0.98081392544 0.000659057412182
0.00160709589193 0.97854292101
0.973617998828 0.00938678869024
0.00100785998277 0.979239165958
0.979655124285 0.000853000516445
0.000901351497793 0.979422970227
0.00380648931071 0.976714500529
0.000578686136165 0.979923918682
0.973933977903 0.00816180744271
0.00103197677912 0.979160872626
0.980065503458 0.000457782988069
0.000164706551529 0.980808393024
0.977182981916 0.00309407459519
0.979837727145 0.000585603767418
0.00823367130265 0.97405286117
0.981781047703 7.81428694784e-05
0.000603474854808 0.979984101911
0.000274622960362 0.980641086839
0.00343650823196 0.976984456388
0.9796678178 0.000743510078655
0.975458220778 0.0058133109249
0.980516146127 0.000247875773143
0.00047155792163 0.981749925694
0.00163625812981 0.979585310301
0.00982085436095 0.973427808646
0.981608093718 0.000315079254373
0.980564006072 0.000496595436197
0.0023344863984 0.981703676701
0.97857034505 0.00201178341693
0.975659710288 0.00546032580637
0.00462456729842 0.976547984777
0.980741072191 0.00166304180981
0.000824508929289 0.979798958436
0.974833647021 0.00716912073954
0.000120825442629 0.981905414794
0.00735989246371 0.97435015259
0.00149691598751 0.978673612697
0.000573713777708 0.980149076459
0.00104773651978 0.979154778226
0.981246467469 0.000476501093993
0.979012358897 0.00156705643951
0.973840198579 0.00904840581039
0.00134775613794 0.979224100621
0.00233397096005 0.977975765704
0.971912072896 0.0134967114274
0.982561874178 0.00202764432575
0.976397850899 0.00725717008922
0.981652448133 1.01677275692e-06
0.00181936643257 0.978415010126
0.00862638035801 0.974032325006
0.979679071799 0.00080814163564
0.0 0.981404650955
0.975607754361 0.00544934625388
0.97859070049 0.00183474612903
0.980775296001 0.000202999003197
0.000674168344766 0.979652351657
0.000157560117708 0.980690177056
0.00409470420113 0.976446378617
0.000230537887968 0.980637999722
0.00148208526954 0.978639594904
0.000483601512711 0.980073782078
0.974127005716 0.00778877647023
0.98065310368 0.000253744811773
0.978329510992 0.00191605602477
2.09675370061e-05 0.982031762738
0.979394174179 0.000903043530881
0.980582478621 0.000472768015216
0.979672200617 0.00208845239143
0.979159087397 0.00224854854119
0.000706350873007 0.97984212366
0.975760623591 0.0062720953685
0.0126192305011 0.971731748295
0.978284501673 0.00261483842802
0.981737799313 0.00038419118903
0.00919487695898 0.973329029629
0.00550972956853 0.977263082876
0.00425858135795 0.983618893307
0.981355458375 9.07822751532e-05
0.013442590436 0.971346042107
0.976256644629 0.00487938569548
0.981491598283 0.000487318126809
0.00112709646164 0.981184904765
0.00513502962041 0.976493384034
0.000563555926967 0.983061866467
0.000848283158765 0.981742902868
0.976459375202 0.00494608207208
0.00511460273717 0.976323464078
0.00193206875839 0.978808040818
0.982095169536 0.00023721574013
0.980469634867 0.000380496690565
0.00210544643915 0.983331951133
0.0258204183461 0.96706287699
9.30925754206e-05 0.98120598819
0.00452463062531 0.976140042815
0.973968571491 0.00825746740819
0.00155519259004 0.978598241595
0.980401351249 0.000307959657744
0.000349035505991 0.980208764496
0.98111201439 8.74938260352e-05
0.977621894681 0.00259132043935
0.000136888837018 0.980809996483
0.00333624529129 0.976978047063
0.979733597508 0.00087564863906
0.972829914501 0.0108524704068
0.00103969657999 0.979168001763
0.00129309973974 0.978843792418
0.982371540565 0.000277756949437
0.98218800686 0.000667827960366
0.979856208439 0.00108442320145
0.978995482964 0.00156954211909
0.975623516343 0.00589707189691
0.978197338362 0.0020508627538
0.000461800147965 0.980663128841
0.0100057964752 0.97322693604
0.00206404698416 0.978492420262
0.00089472327688 0.979875772481
0.000359042296107 0.980228540641
0.980527972125 0.000257689409942
0.00169029529558 0.978431578851
0.000134277395371 0.980774279264
0.975363685357 0.00602785782698
0.00880252652599 0.973638606883
0.980037672118 0.000644411544409
0.982057212746 7.65915772662e-05
0.97537257449 0.00643588325898
0.980344416747 0.000373478030803
0.978324849838 0.00221478283029
0.00333135316573 0.976981274061
0.000267836147279 0.981142127338
0.00678705921034 0.974710605881
0.000231544848105 0.981126429057
0.00118760601971 0.979053250565
0.00543284510771 0.975825338522
0.98159233085 0.000129457037362
0.972131295977 0.0115980972788
0.979237693654 0.00168069489483
0.980655990954 0.000350929202466
0.0076378730288 0.974268516104
0.980775812797 0.000635092419848
0.976481154711 0.00412930546394
0.00260585505255 0.977988277491
0.000156755143977 0.981105993537