0.00133360681752 0.855482472308
0.771817841403 0.100316607081
0.0889903726496 0.780266074528
0.859161239697 0.0045056826359
0.85114044299 0.00933853165472
0.00242344099071 0.854417311224
0.766502228243 0.110972139601
0.851286798891 0.00880479604156
0.0923041474905 0.777351416383
0.00174589013197 0.856673211736
0.854123729813 0.00388842114564
0.780142508777 0.090317996283
0.101790773012 0.772578623851
0.00114275731865 0.854773570153
0.85547082291 0.000794965684305
0.100758698147 0.771804182051
0.781272250976 0.0881578936838
0.0117583470585 0.865213107792
0.0146132428464 0.853866108392
0.00248932393637 0.857496842444
0.0841966961685 0.784864645524
0.770658188836 0.102291287891
0.854906080265 0.0015325933131
0.00351062356479 0.855984204601
0.00542497821911 0.855258735346
0.767875266985 0.108091774501
0.106639270468 0.769372363322
0.855176035661 0.00482807897104
0.0017662402638 0.856629021403
0.855790196507 0.00215661755864
0.770038255475 0.103819024371
0.0988120205342 0.77340006489
0.855005917113 0.00253917434319
0.855106514923 0.00222585661318
0.103290653205 0.77153889496
0.777695249702 0.0944115518401
0.00243335549905 0.855944869031
0.853666075791 0.00426191953365
0.00395043870071 0.853596279331
0.783348922309 0.0879807430738
0.097419770739 0.777279155177
0.855859400176 0.00243520428168
0.09991689834 0.77743737524
0.781039495394 0.0882957941024
0.00169966591475 0.856873723735
0.00514749490562 0.854993059192
0.773599649368 0.100362678796
0.100645954775 0.771620440325
0.85812609153 0.0037260149898
0.853798359183 0.00674948056133
0.855767959233 0.0024765453291
0.795315059972 0.0730163443462
0.100604691417 0.776194862566
0.00491730440976 0.85289936663
0.853452510922 0.00413445957822
0.0105885615624 0.849634131682
0.776211814037 0.0942346186309
0.856221465018 0.00195028145155
0.0937236284695 0.780026700643
0.00785564091424 0.854106578099
0.101948081413 0.772099404688
0.856654780551 0.00408885962173
0.770580081295 0.102650650298
0.00600495848918 0.853183347842
0.000166001419074 0.855688401113
0.77300397156 0.0991973792288
0.09224256605 0.77832185509
0.855753706919 0.000598499529957
0.855123858576 0.00170265978526
0.7851568468 0.0847901626103
0.0938040897979 0.778972890956
0.00368313131705 0.856606535753
0.00803849168137 0.851188490104
0.853859780009 0.00278905301769
0.777981484683 0.0949864915809
0.00740285673227 0.852650837597
0.0973448985317 0.774573076752
0.00561634254037 0.858582339717
0.854082492893 0.00895528695371
0.781524415676 0.0878026437322
0.0893590568001 0.78097956483
0.0 0.855657968393
0.857157095212 0.00260825118152
0.8543379872 0.00323057671457
0.775278455572 0.0962361080511
0.00385779087691 0.85532332911
0.00330336562525 0.856465787557
0.102623872087 0.771650017103
0.855696452629 0.00218023417684
0.100784974653 0.771711386787
0.00202594055307 0.856770033517
0.85055988393 0.00897822458887
0.858564029374 0.00410065693417
0.00353375105478 0.855327270875
0.780994137885 0.0920463670069
0.0965188909299 0.775643081331
0.853670238096 0.00751656426483
0.00196965034536 0.855822364207
0.851157166 0.00753981427634
0.767756100863 0.111078349049
0.0639798530743 0.802795698376
0.004248290904 0.853066784393
0.779162167079 0.0905264682276
0.856974052152 0.00281423570856
0.0817496530387 0.787660887382
0.00191519942978 0.855874442902
0.0916337760834 0.782122837345
0.768555849951 0.109224850968
0.854052780068 0.00358990867978
0.00434979261207 0.853527868138
0.0838481966655 0.784031761329
0.785223565491 0.0825437852498
0.854532347238 0.00585494949237
0.849855855369 0.00970016691955
0.00180369679499 0.854590276729
0.776311655917 0.0934871972951
0.855230990384 0.0
0.0856930221012 0.782646187913
0.851981761675 0.00608091378859
0.00567140999535 0.857218925859
0.764209672084 0.119231436374
0.0101319171025 0.851088014756
0.0996287384617 0.772316534051
0.854155105954 0.00272314969838
0.853737742457 0.00603824152614
0.0920382468999 0.778007155315
0.00398909893617 0.853193735654
0.857713867356 0.00370890237399
0.782028870185 0.086711939686
0.85341580352 0.00626249398859
0.787829304991 0.0808714320823
0.00873660409882 0.850737865937
0.850764798385 0.0085498860672
0.0944090511814 0.775590952468
0.00621241520759 0.854153970879
0.00268414532494 0.854211663735
0.0849075670286 0.783268966458
0.777789705016 0.0913989229461
0.848518355791 0.0123153407858
0.85789354458 0.00709947054851
0.853939243752 0.00887294075924