0.855643473107 0.0317481568899
0.256225139788 0.211178089663
0.00209005154531 0.422095413568
0.0793197807493 0.307150907345
0.0422256341122 0.351731237977
0.656339887891 0.0586990634707
0.0119493048324 0.40337771906
0.851869230058 0.0
0.100389594323 0.268264779924
0.0189995869418 0.334604338881
0.268186375886 0.169122406432
0.00314797630913 0.407569864915
0.0342717636927 0.31742462552
0.0198461420047 0.392612819536
0.0557940491371 0.333380596322
0.228090404432 0.204879339128
0.0020863982305 0.475849138536
0.84530109469 0.0248425322043
0.452133149904 0.113430825025
0.0093941766637 0.428552876149
0.848083808805 0.00579789100212
0.00669584047692 0.37942094525
0.0803390592754 0.258567673486
0.454747071091 0.1116129857
0.023430925453 0.322244521521
0.0556601471324 0.286781034649
0.00403661347897 0.439173973816
0.0594725776341 0.322137322927
0.0234447277163 0.351925865854
0.85130275136 0.0330929958467
0.450640448187 0.136819442761
0.0436819659108 0.332791583779
0.239591776315 0.213514248888
0.653338420511 0.0710380844792
0.849833018277 0.0172635771173
0.237041762748 0.182735336264
0.00678620097998 0.366208093631
0.0217258240774 0.324832796808
0.0666208680956 0.270981177952
0.450003058241 0.119475081279
0.0570041808759 0.288147804283
0.00146051397739 0.398579525786
0.0318036612128 0.317501037642
0.850998023212 0.0540112179412
0.0992749135138 0.297030047226
0.0318364078056 0.358915601613
0.021310505254 0.375302719458
0.649571744222 0.0889682905359
0.0773636608124 0.309957254609
0.450760298712 0.135443586797
0.24515550851 0.213137937381
0.0018382207628 0.456045266206
0.852473852309 0.0387429621837
0.00251964755326 0.469939603863
0.0836556795222 0.297203023441
0.229622108449 0.224324911337
0.444861598733 0.139218864057
0.0439772659171 0.342453971995
0.0137735537344 0.376281074854
0.0122327548023 0.406442399943
0.84904268652 0.0465341432884
0.0378875297297 0.342745702282
0.657657094996 0.0805842770475
0.00379998549821 0.418806380389
0.0674189193138 0.306729598344
0.238283584852 0.216740763266
0.846189817783 0.0428735535504
0.0105014052634 0.390970827326
0.453342374538 0.141111427099
0.262873183879 0.207002113841
0.0340206725758 0.32198069625
0.855557894195 0.0417983292248
0.0758108852742 0.319258916891
0.857224109704 0.0403079401569
0.64209985904 0.0756608128197
0.443262732919 0.133625585349
0.011581608121 0.401967056866
0.0333820499016 0.35288470864
0.245289882059 0.195610885508
0.00532738692744 0.435066128464
0.0223765029753 0.360314838817
0.654825248134 0.0888582134445
0.0856802950207 0.291245765565
0.244084165968 0.217632198812
0.448643485411 0.146558013719
0.852608228414 0.0503939401896
0.0349758205549 0.342419790405
0.00228391066976 0.443000797213
0.856430337603 0.0408099831086
0.256598421701 0.205088094183
0.0268248370299 0.33687887389
0.440436434023 0.143263542026
0.0517944192892 0.311056284725
0.647293786336 0.074073344341
0.00353627469264 0.441938222764
0.00716998188246 0.405890611888
0.861797694578 0.0257213414519
0.0152574698948 0.336283746123
0.0411510933909 0.297636150971
0.235801576219 0.18238035632
0.454578743023 0.116068240943
0.00375905128702 0.40165927892
0.0781471876615 0.257175165785
0.656500134821 0.0551160906102
0.00797158441956 0.363155651282
0.85781847304 0.0465286533645
0.0711830538257 0.318975286151
0.862263663326 0.0460457926441
0.263863073984 0.20874451051
0.00276575297233 0.43052185267
0.0418158318692 0.344117994954
0.446267270156 0.145838306529
0.0225349713852 0.372907601478
0.84848510641 0.0345268086975
0.238832472228 0.211603264445
0.0572553893179 0.306011502445
0.0280241457671 0.333393285508
0.00397328544724 0.40524384311
0.463020647261 0.121686553903
0.858065114736 0.0331913160904
0.85782505519 0.0434283217851
0.108911124928 0.29526558536
0.859069445474 0.0432445287255
0.25061095679 0.22288927477
0.0172503902325 0.400351107201
0.0554238690916 0.347763650893
0.0317253015863 0.373083866809
0.461718969814 0.133767731115
0.00467493736941 0.468329364102
0.854004695633 0.0347992327567
0.0874770510417 0.294348766615
0.448509162509 0.134830354772
0.250922604914 0.199566282097
0.0133894980575 0.359695038592
0.00266582872182 0.441715412172
0.0470716257214 0.323676724691
0.651496602298 0.0793085950503
0.244984478733 0.187690328277
0.650372445192 0.0598281375588
0.0541708442996 0.278764650007
0.0262504230036 0.30827465457
0.00781344912692 0.35210461949
0.00894135175213 0.344908706549
0.850071294089 0.0366631281441
0.06986818305 0.281763602049
0.431071794627 0.135808538775
0.240656374706 0.205473507176
0.0218136904812 0.343329503137
0.00340661755849 0.425955401104
0.849577086927 0.0406973529572
0.644908830637 0.0749125738142
0.0103366017134 0.38441842825
0.00204670305061 0.471947367466
0.0460265054598 0.317933593652
0.251414217467 0.194787203225
0.0166412841713 0.370015021248
0.84843604981 0.0321932134408
0.642921725047 0.0801884278573
0.853873278757 0.0443771490285
0.0608872131301 0.294910605642
0.0411790191857 0.323037420296
0.00468932241694 0.414782871751
0.251347259029 0.198837558719
0.00750207418864 0.410993561339
0.0309150423405 0.340785851722
0.446819770845 0.136116390446
0.641047526273 0.0831436939266
0.849675460485 0.0374394107579
0.223919145736 0.227111529556
0.0389512699468 0.310819014119
0.256196535783 0.190640835089
0.259829720952 0.192099153766
0.00422984230673 0.416829624155
0.0125662617209 0.382652960959
0.855672315191 0.0321277640597
0.641324902608 0.079500284673
0.0713015118369 0.292470254369
0.251906786587 0.184047955133
0.00429710500679 0.385160354442
0.860740192883 0.0317506316594
0.0226326273868 0.350447111585
0.646094582662 0.0626561687968
0.259725030919 0.18683080306
0.0119754763399 0.373549256041
0.439589922286 0.121580522752
0.646427440041 0.0652562747509
0.044639307601 0.330180634249
0.856339889171 0.0292346099483
0.0393390947509 0.323704609166
0.00519443581362 0.412196148128
0.00549920350873 0.430799572619
0.0556539629634 0.322071398793
0.432563009206 0.144099705162
0.852757587497 0.0384733193802
0.25979904708 0.20505330781
0.0679767346427 0.321951303344
0.855745229282 0.0363436985612
0.00741991551398 0.428017139218
0.458197480426 0.126295683296
0.238122348902 0.203623445346
0.0568338164531 0.33178469596
0.651162035379 0.0719856647154
0.0214553470059 0.387794608075
0.00526223758811 0.421235518441
0.231647215228 0.208679632151
0.087512917244 0.287763147208
0.0105461215095 0.402671990031
0.659819088953 0.0730909883494
0.065748970229 0.312307644467
0.854416364609 0.0327763656379
0.443026797816 0.13603686256
0.848451784139 0.0236050183459
0.0294786499908 0.328208138389
0.0669128652465 0.30199365361
0.262854908125 0.199035119961
0.00783713902508 0.409948918755
0.431130577413 0.132665510135