0.0485758960593 1.60355639821 0.0152070297837
0.00637090093601 0.00553777641904 1.28947863657
1.73716775182 0.102390902268 0.0835342686776
0.00138651602346 0.00126139824561 1.30891133554
0.0317957379017 0.029503173735 1.24944851105
1.45852108999 0.183633720925 0.194270859323
0.0393135763315 1.8815034321 0.000433290033142
0.0930690630036 1.71207381164 0.0390126168781
0.0238371413758 0.0264612251023 1.24741544162
0.0035490445915 1.85068797344 0.0318750531917
0.000573231082141 0.000508343749063 1.3128363371
0.00355499755724 0.00276692393354 1.29588258586
2.13535043352 0.0162990574376 0.0116904462375
1.44863870759 0.444430704009 0.0316394847347
1.64136036938 0.0136263473257 0.0154504170841
0.0113568520641 1.64069012713 0.0603603185699
0.0407019924361 1.57493017677 0.0488617009732
0.0388982583932 0.0337048647432 1.34776641028
1.58988202858 0.013877567401 0.0273188597793
0.0272741560097 1.63878203474 0.0122399928414
0.0437121397094 1.54580223326 0.0381841010849
0.00284452026569 0.00285802405112 1.31022889936
1.54887024242 0.168627489072 0.00271761835413
1.52162305754 0.0401231428407 0.105755040317
0.00948222096334 0.00791688783099 1.28707677513
0.00969123212397 1.78051691526 0.00145377944524
0.0177111312431 0.0155705197786 1.28081929775
0.152945983603 1.44647625165 0.102441681155
0.0227690140761 1.72676954725 0.0134536793134
1.46639042998 0.271795164922 0.102725623537
0.00354702946686 0.00251016338478 1.33598581916
2.09895492747 0.00596445658156 0.0542051200877
1.90978693876 0.0837130779555 9.11917098672e-05
0.0118289994712 1.6673698237 0.00802224094588
1.65091020835 0.0174270922429 0.00339456642918
0.00292289334717 0.00372709441047 1.65976839565
0.0290328423535 0.0371532326304 1.36364304296
0.0354171938501 0.0571998483784 1.33599070101
1.60828887601 0.0233104370414 0.0289183379964
0.0328692579739 1.64071176002 0.0171927315592
0.0132905061036 1.58023265763 0.0883989577446
0.026463678227 0.0398116325347 1.52783947842
0.142481923513 0.0871247444792 1.26604422398
1.75352011756 0.0106003838224 0.0188835719231
0.0166408964917 1.7792736114 0.00171963744065
0.0044328466011 0.00394454989417 1.70020841154
1.44752816306 0.161966918501 0.104906963404
1.73082137813 0.0162710156163 0.00295559751847
1.65353282799 0.0605480743385 0.0102688090422
0.0378961816254 0.0418011936761 1.45818356596
0.00872209413697 0.00448302757113 1.64738385906
0.0552482340094 0.0559992205958 1.39382967644
0.0647338582531 0.0552270334251 1.38382623218
0.0736114614675 1.56784162698 0.0186995593704
0.0201222096169 1.55623877625 0.079913064672
1.62007892606 0.0376884859711 0.0150587000496
0.000498019609212 0.000357316676633 1.34641014962
1.54628930859 0.0661013170758 0.0418331438887
0.0515058264136 1.66842591612 0.0689035509181
0.0466243321745 1.99093268812 0.00543229018161
1.83692976549 0.00133300555217 0.0204600974366
0.019162749809 0.0330729168503 1.45234703976
1.54605779427 0.0668075915325 0.0361285641166
1.56225651882 0.0612513933764 0.0255638112392
0.00448419553936 0.00564367880591 1.6295038031
0.123428768228 0.0810861034808 1.30366614339
0.0137609682687 1.88123392764 0.0679945024602
0.085899654687 1.59499812086 0.0641071504333
0.14169113838 1.52858929196 0.0348648163321
0.00500707633885 1.82097372721 0.0153232827473
0.0395388467057 1.60061130616 0.0784425090339
0.068007074349 1.54530655825 0.0369563847766
0.00803137750675 0.00916389410158 1.43917537238
0.0872287545559 0.035560955663 1.31778676698
1.65349377553 0.0511791717598 0.0554789637969
1.80602243044 0.0106290536491 0.0248561664311
2.0571424558 0.0210408234501 0.00251612178509
1.58979372701 0.0840923477112 0.102382200598
1.75140982707 0.0985946560983 0.0178081992215
0.000528298266626 0.000591259843844 1.30745862282
0.0151728960543 1.8329712625 0.118310961951
0.022412377039 0.0275601513713 1.26322990708
0.0290218142511 1.74468217331 0.00558040199229
0.00768459654013 0.00850019509904 1.3915324422
0.0773512632236 1.60170422384 0.00100619980544
0.0267227052919 0.0302076674541 1.30585068322
0.00612052627014 1.60371003887 0.0644987350171
1.56905564948 0.0331602190598 0.0216234225807
0.0258386744069 1.65587831388 0.00305013480104
1.54507802851 0.196213059707 0.00436605477694
0.0245717699761 1.573604393 0.0286422081554
0.0574705952874 0.080161639981 1.35133800646
0.00909054206143 0.0100395556123 1.65124654954
1.52428912937 0.0216042099419 0.190479193721
0.0331490094203 0.0865520099411 1.41690863736
0.00910111325008 1.57924238649 0.0410175174873
0.0128074658017 0.0192799287186 1.50942846545
0.0320443920995 1.6532589919 0.00886312227235
0.0877780977518 0.0709112790676 1.39258394192
1.83558909193 0.141868209599 0.0113868606988
1.54299947549 0.0293872868868 0.125196917491
1.63729605611 0.0452995396987 0.0831265600036
5.51385345202e-05 5.90863626518e-05 1.26579352026
0.0476968566006 1.85858807889 0.0664637599088
1.50873172718 0.131337038375 0.0643784847095
1.87061503089 0.0108165345838 0.0245997194243
0.0286406021287 1.75003660933 0.131573186956
0.00419677504775 1.7409560767 0.0249178495409
0.0343720029746 0.0384080035793 1.51736732595
1.78722396828 0.0969278113843 0.00385181697055
0.0882931778417 0.248442567012 1.2515152973
0.0239207931856 1.62961296315 0.0403919429695
0.00373273214571 0.00468757023009 1.73933528481
1.56856701576 0.082561501783 0.119330506323
1.9456957379 0.0249192419225 0.00975140255175
1.5403644861 0.0429482437978 0.0188872154837
1.55136741704 0.0652138355779 0.00882193550514
0.00159513035354 0.00196970376746 1.31723063497
1.56569459122 0.00021420947604 0.0726855857794
0.0391237619778 1.57009875239 0.00378891824957
0.078995488798 1.49948015157 0.0122156584716
0.0128977947996 1.71965437542 0.0431170587959
0.0076083343647 0.0102653178115 1.29816333532
1.66615950351 0.0521637200322 0.025824614521
0.000373646308207 0.000449474313544 1.35821019554
0.0617567471111 1.50048446702 0.141981795317
1.54724449641 0.128521589213 0.0362959943872
0.072399579138 1.51168777526 0.0179287564356
0.00795981547743 0.00824644287593 1.28517785238
0.00362049085862 0.00364940100624 1.29516544246
0.0119541710663 1.62302497341 0.0136480300913
1.90259926288 0.096070191222 0.0351227136787
0.000606443633333 0.000556769741476 1.31192534318
1.45465991197 0.341371168766 0.0424005389984
0.0163832919475 1.59425001673 0.00934000767304
0.000536681439009 0.00165674842435 1.5268040464
0.0365169456579 0.045212241336 1.36351445837
1.68089085077 0.00792311368435 0.0289874640056
1.55340271017 0.0912007393089 0.0290435483752
1.84738271132 0.00131511323789 0.0574965115412
1.46870564597 0.15277311 0.108171664563
0.00497796018034 0.0050165483489 1.27352330515
1.61280430589 0.0415451746166 0.10695895863
0.00298018895891 0.00297450887072 1.29095704422
0.150083480556 1.67536612977 0.0157183734009
0.102507503431 1.57339359233 0.0818478589884
1.64514502731 0.017968030422 0.00712575593232
0.0146514550119 0.0136725879966 1.32430233121
0.0242748784356 1.57015868868 0.00900583509614
0.00532929536732 0.00432307826295 1.36971192516
7.35169659898e-05 6.97746059831e-05 1.28874734646
2.11195991061 0.0137218315041 0.0160710860254
0.0240597651272 1.77339679651 0.047329271942
1.43714571443 0.336668820059 0.0467817550945
1.7512992905 0.0476729194151 0.0158938459302
0.0449642562545 0.0341287962818 1.3700603102
1.79940387678 0.0602344985049 0.00166985903515
0.000429493349578 0.000579862230138 1.64468187605
0.00625148018307 1.70532688249 0.00324558943341
1.74582079294 0.0082818206481 0.0605071029807
0.00497427000697 1.60452043143 0.0469952425823
0.0291371092034 1.7023943729 0.0632158343714
0.00480938637886 0.00546259255712 1.25650002377
0.146758309841 1.48768915705 0.0333660378715
1.70335433348 0.00246753491126 0.0385214729975
4.6616368548e-05 6.25576922567e-05 1.27246876196
0.0174692536742 1.63331145633 0.0154210433591
0.0387898232446 1.62036374871 0.000532539241684
0.00126975276409 0.00160176933752 1.58239511788
1.48707461349 0.196553584861 0.0890994306395
0.0751606601687 0.13320040606 1.26542236881
1.42934833946 0.048604190074 0.276475379657
0.0240077622106 1.63714049737 0.00703464035631
2.1623800597 0.065444920225 0.00831064843927
0.0047179380168 0.00641417669784 1.29402059854
0.0219691846965 0.0197612752763 1.26393001552
1.42335188982 0.201393561603 0.124424210186
1.47264167679 0.0704975608143 0.195156906245
0.0176251880883 1.61205095702 0.0100246194644
0.0955878878255 1.49838811978 0.0313442747702
0.0169030667244 1.67570589366 0.00278289441425
0.000699177676301 0.00306574850521 1.75806652155
1.59257408366 0.0524303251026 0.0278311507269
0.0515955454016 0.0808348900358 1.31377169457
0.032983250351 1.53067194936 0.00469772462443
0.000899777820521 0.00101015854982 1.6433796022
1.49324373002 0.000755129442323 0.165575072924
0.0618496197924 0.0576542895672 1.39973583398
1.73870849208 0.000858675722023 0.0145180710569