0.884605313394 0.0919495837724
0.289688390048 0.249034019097
0.715932072719 0.115929982438
0.0406477935685 0.397049295191
0.0121808266583 0.458821358383
0.0266826796106 0.418598725914
0.446064307396 0.150196132334
0.155014494297 0.264975243878
0.00422377583879 0.512296135764
0.81135573131 0.0610951207299
0.0449223610754 0.401728700593
0.00495942335745 0.440244530489
0.479530623976 0.102743566855
0.0927034296144 0.305122272646
0.0233905228522 0.419452206297
0.174143604982 0.245044316394
0.276219933138 0.183282704946
0.0470848206917 0.332347535457
0.172253827071 0.247507188858
0.287816107513 0.20404460281
0.770964842452 0.0684264825559
0.49367463822 0.14564356647
0.000480306345728 0.544601247422
0.78505489431 0.0666343181141
0.0216745039859 0.407727908348
0.0156166469121 0.450351387668
0.228103253973 0.270558510213
0.837216821928 0.0898499941943
0.379316128102 0.20668196341
0.0894586177373 0.358646496657
0.00329266470591 0.524691546479
0.9806123361 0.0468537343036
0.0872509032799 0.267454912673
0.714269384397 0.0829236844087
0.458672446212 0.129366872936
0.00358362387195 0.357531683233
0.0500495747117 0.288773421052
0.0522495160663 0.377073571435
0.375569976327 0.205965508546
0.52742075603 0.146814052738
0.216201291618 0.267681714864
0.838186073567 0.065609256853
0.00100686041427 0.536204502374
0.0139170102733 0.443984056454
0.981553437764 0.0681312889761
0.160581314579 0.276964690459
0.0298258498297 0.396983437303
0.503104682963 0.167517048553
0.0277164023118 0.400743423187
0.0181324265285 0.4307716684
0.67686957827 0.115708916311
0.0076710089107 0.48283746383
9.24746726382e-05 0.526396517552
0.0322914361705 0.347983839538
0.879551933271 0.084678446484
0.442388841259 0.171829806529
0.0239997857907 0.413022622196
0.199041432564 0.2282380292
0.074980531779 0.325063455289
0.783572658972 0.0812162665098
0.645989204579 0.108827263114
0.00466923768716 0.506577266601
0.0485382351601 0.39240980347
0.214234751647 0.250655431673
0.427258771908 0.150711638689
0.00573634297411 0.443179312262
0.863128718153 0.025368496758
0.244662586623 0.234588755067
0.144010687425 0.257624804432
0.00778422060555 0.407346190515
0.886217925576 0.0665458044535
0.437939501462 0.164703936467
0.11180912318 0.312316590232
0.627603321598 0.0681263021498
0.471287593945 0.125135246905
0.00174554539522 0.44387788808
0.040714552399 0.330601984687
0.116012675606 0.275958094866
0.0108098425231 0.398933852167
0.720396361759 0.050971598243
0.0242749503264 0.409284882311
0.25961536739 0.20649612847
0.0612089795914 0.354512826686
0.0123451419409 0.44666133941
0.405850521599 0.146073887487
0.00260721403202 0.519157258998
0.915194313459 0.0768567052539
0.231614842664 0.26608013977
0.0105861945495 0.474407635196
0.159047405444 0.310738896568
0.00249650714866 0.522480048533
0.785268977158 0.109570800179
0.829706551395 0.0
0.301233583643 0.134708333223
0.0092365234076 0.357809483859
0.240942797181 0.169711459537
0.0751299449335 0.292150949217
0.000365109745404 0.397092258235
0.926219841413 0.0668709928642
0.0737032099657 0.323110412024
0.439109648382 0.136350882988
0.00278960226402 0.430404393585
0.155416669456 0.273825576169
0.937226629571 0.0777358054282
0.524224692893 0.157612409046
0.195434187498 0.292953993556
0.0591999654174 0.396320865635
0.0112510454725 0.506118471791
0.0196600365275 0.474549281652
0.584975705246 0.0532075272341
0.411411395584 0.105242112049
0.0338961633754 0.288918634976
0.0198314930781 0.325627235255
0.738111058529 0.0580330448233
0.37364346125 0.169554627101
0.879907187099 0.0509038695838
0.0870503103307 0.318276143144
0.144722133077 0.278414662533
0.00928362002464 0.454579718751
0.0125854979374 0.441104928149
0.0154267059097 0.43539569279
0.00254633292962 0.452434881045
0.069604167325 0.27660463524
0.0445376669613 0.32140768429
0.896034571188 0.0470733740512
0.823068496384 0.059043347318
0.270993936346 0.194833116945
0.259155236422 0.206504055579
0.0239270619051 0.379984073765
0.652488582769 0.0812933049622
0.962118658552 0.0362861091511
0.00339199626105 0.532905703602
0.160835418815 0.220142527338
0.0204832221838 0.477606737517
0.0641018143268 0.379139425103
0.380165900446 0.173589104316
0.978411499185 0.0458340728056
0.0116390856771 0.5608203296
0.655211345034 0.0976677801678
0.945819454138 0.0168945277775
0.246551041516 0.242570524654
0.114793193937 0.298897226741
0.00374364101488 0.509930902212
0.0101681934008 0.460365009584
0.825635181658 0.032026607265
0.657139761413 0.0866609530031
0.777711409469 0.0653692125759
0.247456103509 0.266935403137
0.0052873349528 0.470059470673
0.123769067891 0.336804724765
0.0439327814454 0.416919201912
0.924824484775 0.0493682320194
0.4071745293 0.153306793412
0.028167307832 0.330265033427
0.203938559523 0.235397635772
0.563011137757 0.105750167998
0.00895306530874 0.377264327639
0.00754219172221 0.450281228458
0.960728952694 0.0517474354256
0.403719978341 0.187932896998
0.0607433354479 0.358799107118
0.00631732817449 0.514183755326
0.794230597916 0.0738996699951
0.20358765426 0.266045970222
0.0340314588396 0.409303977715
0.353706625559 0.172690401782
0.00277386820653 0.550061027294
0.789938823522 0.0584568675385
0.0133562820079 0.44400056966
0.217599867038 0.227903731288
0.0748434528498 0.316363093061
0.0304873126357 0.376415107492
0.0133583063176 0.443476242552
0.129731471558 0.264159028952
0.00258840552612 0.530233189266
0.316499110299 0.196054233551
0.99561902516 0.0801601254866
0.707021022632 0.122828420602
0.958379919389 0.0251349012476
0.137423592905 0.290103815138
0.00525954017948 0.547216470059
0.713541288648 0.0562904542972
0.301714405518 0.208889580246
0.529650954715 0.121794846563
0.0379790739968 0.39806978058