0.00465091899446 0.0035342712949 0.0240658059979
0.00383912134017 0.0051272517399 0.0157408928613
0.000184978430699 0.00847401219315 0.0053049440203
0.000101523503837 0.00892382272186 0.00444127595485
0.000362341054627 0.0136267101264 8.78949583411e-05
0.000223108698199 0.0112466890224 0.00150872241276
0.000126091360554 0.0143653607999 5.97931061702e-06
0.00542870269451 0.00304454560937 0.0276034516562
0.00216888937254 0.00507064872745 0.015833886398
0.000210422382948 0.00911628309938 0.00402417744387
1.67781830425e-05 0.0112813837218 0.00131138427207
2.90923257761e-06 0.0154620015459 1.06904362624e-05
0.000575453749608 0.0124494592581 0.000635266669412
0.00089571686966 0.012854743277 0.000488842815437
0.00011837351787 0.00957791800625 0.00329035292179
0.00336475775705 0.00413000824154 0.020552522084
0.00190345133657 0.0055749843807 0.0135918426447
8.10921832525e-05 0.0120541026079 0.000732918866813
0.000736357816793 0.00799868355056 0.00622177676762
5.32792261907e-05 0.0123852432409 0.000539840437688
0.000163598186248 0.0131749732023 0.000205644460676
6.15203100914e-06 0.0142887358598 2.69330190714e-05
9.07025235642e-05 0.0101414813344 0.00251909761094
0.000170087792788 0.0132748444855 0.000175563691795
4.3072832729e-05 0.0109762420731 0.0016411159206
0.00614300640012 0.00214911462046 0.03825447738
0.000111145600046 0.00919291557606 0.00392299999691
0.00342288623847 0.00458126163672 0.0179795191514
1.28376747702e-05 0.0133838171222 0.000228067073124
2.57951330092e-05 0.0116354240623 0.00101948450081
0.000328013916055 0.00798889714184 0.00633226402384
0.0120664588492 0.00114179822105 0.0483663522202
3.46732658586e-05 0.0139841832662 0.000110833047678
0.00160831375632 0.00603471460933 0.0118348506146
0.000334635346241 0.00837771496926 0.00541741445962
1.4173794786e-05 0.0111055182477 0.00147271491512
5.53761804397e-05 0.0096376652168 0.00322102761443
4.31711631588e-05 0.0112495858843 0.00135939559052
0.0132743047488 0.00145876726652 0.0448927468069
0.0028664439987 0.00532850130881 0.0145886273507
0.00095898740893 0.00728448913288 0.00795508924238
7.64207579243e-05 0.0101724090074 0.00247769108861
0.000172872321036 0.0132537939023 0.000181533606181
0.000166340232539 0.0115482904618 0.00116484394389
0.00015215205735 0.00938411707613 0.00358738957882
0.000130791045934 0.0128066016392 0.000339637308782
6.16700418835e-06 0.0146994411519 2.52106198668e-06
0.00359544696712 0.00308774432632 0.0319353905973
0.000681731601175 0.00752465124032 0.00735177027639
0.00319993284038 0.00489799357347 0.016461983422
6.16106561201e-06 0.0111814152884 0.00139602543123
5.25404395001e-06 0.0124113981698 0.000545893015945
0.00025563134665 0.00919653760175 0.00389145633221
7.09980743656e-05 0.0131954947356 0.000208503832088
1.05998412058e-05 0.0149292257229 3.91770898054e-07
1.62116171862e-05 0.0115267049936 0.00110274225391
0.00725965359349 0.0029132540796 0.0287501732143
0.000569007056882 0.00856021696586 0.00506059661741
0.000981774008741 0.00722607352691 0.00811141857679
0.000150766922376 0.0138858453166 4.84972320913e-05
2.79867889027e-05 0.0115120396205 0.00111787981521
8.31361694322e-05 0.013009065538 0.000266606506705
0.00010448594121 0.00942969208763 0.00352508672274
1.65854228209e-05 0.010407844464 0.00219096850583
0.000274009433024 0.0126281794166 0.000433582315189
0.00834282530824 0.0018926089628 0.0383642666811
0.00104011595465 0.00669370808593 0.00968972155776
0.000371071372013 0.0112565227548 0.00171426838201
0.00113893226365 0.0085737822666 0.00530081782974
0.00337374172566 0.00422809163344 0.0199309570632
0.000395521569962 0.0132704934112 0.000182475511023
0.000619846441904 0.0137873377409 6.47338267304e-05
0.00459820889538 0.00271658496497 0.0332321236813
0.00313834703988 0.00461964005849 0.0177995702793
0.00103645059998 0.00712264018792 0.00839354337335
0.000251609306303 0.0100375615301 0.00271288406003
4.93335057588e-06 0.0138649831343 0.000107181842362
6.98687201044e-05 0.0117990304055 0.000999016115422
0.000375144369968 0.00848613572281 0.00518233241053
4.26878932534e-05 0.0128146979533 0.000450650610855
0.00867840166972 0.00220286027797 0.0349495803216
0.000411596068303 0.00868011969622 0.00480704562332
0.00260243404598 0.00501124294646 0.0159491492571
6.3653398408e-06 0.0135338544513 0.000180189312432
8.2306578614e-05 0.0096379008488 0.00320698842746
0.00102914113364 0.0142006324057 2.02446198647e-05
0.000430339366693 0.0115394941898 0.00142994090845
0.000226929155075 0.0101230695197 0.00259872752003
0.00399526542235 0.00339829449014 0.0256737034467
0.00357484508897 0.00451727812628 0.018307442204
0.00145020466317 0.00631769680136 0.0108485556377
0.000186211509011 0.00927280592566 0.00376432672878
2.28126935266e-05 0.0106040150071 0.00196850802588
0.000297867679223 0.0139482878707 3.49610630673e-05
7.57563575966e-05 0.0122358417622 0.000621141128618
0.000248681086388 0.0131506489466 0.000213395476688
2.00533319142e-05 0.0146057178893 3.29852652056e-06
7.26751917025e-06 0.0116531247613 0.00100592624619
0.00920964818727 0.00205132592161 0.0365411420536
0.00306294935531 0.00532498534527 0.0146574022974
0.00406687235812 0.004126150612 0.0204057076954
2.77763951505e-05 0.0115458558462 0.0010903425538
0.000847101326474 0.0129188733786 0.000428862219968
0.000103922868809 0.00826615515258 0.00599050330259
0.000888466879909 0.00837661317566 0.00551781371848
0.0111682612353 0.000976194812781 0.0533544348307
0.00190339020033 0.00674109336352 0.0096404727974
6.65589017302e-05 0.0123819961736 0.000540494033939
0.000274210166637 0.00886575292436 0.00446178190539
0.00223572461451 0.00532300806758 0.0145951979008
0.00280427441081 0.00427426017741 0.0200586874427
5.96791349382e-05 0.011309401308 0.00131471645646
0.000328298566321 0.012796299611 0.000360289237167
0.000126373985743 0.0143490272825 6.75079878476e-06
8.94187056995e-05 0.00982088676131 0.0029395270682
0.0111612852296 0.00120089062993 0.0475764877832
3.44276594706e-07 0.009308945764 0.00403516885299
0.00447640131838 0.00297276646349 0.0294825811749
0.00088248228748 0.0154744080958 0.000103055661626
0.00539680645338 0.00590322642266 0.0143409628125
0.00755641086561 0.00193639478468 0.0384859486936
0.00383610082866 0.0153099367113 0.000153214929262
0.00400360324963 0.00420530765032 0.0199658025217
3.96361955469e-05 0.0118173270048 0.000887435264967
0.000868918906224 0.006600930023 0.0101258498533
0.000220231265525 0.00958739909031 0.00328922976914
0.000499914915435 0.00880058215678 0.00461057974896
0.00851083569051 0.00152610687216 0.0447488678068
0.000259874486293 0.0087170744635 0.00474495137084
0.00260538514446 0.00554424377213 0.0136978399505
0.00453440327675 0.00407455568259 0.0207514704097
0.000234893494272 0.0122924571635 0.00061613307433
1.02005146538e-06 0.0117956118807 0.000910885937221
0.000411465446784 0.0139289577752 0.00028957279231
1.64480440792e-06 0.0107445780508 0.00181903864042
0.000685976881872 0.00793576375406 0.00635364940079
0.00805856718629 0.00225599177442 0.0343385369982
0.00332322024508 0.00496903765246 0.0161754944371
0.00093323385381 0.00709884712192 0.00847049666083
0.00459024860643 0.00356520939277 0.0238632368973
0.000123625268331 0.00939665757477 0.0035723480898
3.58280176592e-05 0.0133094038005 0.000185398266559
7.20738715368e-05 0.0126316711417 0.000418228574874
1.18384759423e-05 0.0104710292599 0.00211835831325
1.27764669677e-05 0.0120540988635 0.000784551805105
0.000161165336848 0.0141608300679 1.75016267361e-05
0.00954511034858 0.0016535985124 0.0410832235795
0.00221314888407 0.00706902631189 0.00896632313965
0.000125367359299 0.00913236218345 0.00402222070674
0.00572869999135 0.00409830575172 0.0211624597177
1.7840399889e-06 0.0123636847276 0.000575711070415
0.00303856133831 0.00518338673067 0.0152111773924
1.41663628917e-05 0.0142553697336 2.63750208802e-05
0.00932197024205 0.00233549301527 0.0341002256852
0.00177061319894 0.00647118503625 0.0103711995082
0.00242862039777 0.00449588337674 0.0189993713875
0.000275099129475 0.00867428146522 0.0048247339096
2.47691739344e-07 0.0122621571048 0.000633971600732
5.58049091453e-06 0.0136912372773 0.00011381136336
2.54803983689e-05 0.0099551737087 0.00277343035586
0.000218857526715 0.0146924422797 1.60096119766e-06
1.31056713812e-06 0.0132057601094 0.000242058571308
0.010866690699 0.00150848109773 0.042968446789
0.00325848502844 0.00401179722898 0.021448988937
0.00110434146962 0.00685167515111 0.00917317926549
0.000471183163233 0.0109379908476 0.00193170966351
0.000101334539828 0.0131916797477 0.000205048537392
0.000296256686568 0.00958151620309 0.00332363532657
0.000133852579459 0.0141916911042 1.64181136693e-05
0.0125323615071 0.00138199951443 0.0452071036807
0.000325569729722 0.0101990075029 0.00256688403644
0.00466218811933 0.00416111387281 0.0203368208345
0.000257287377366 0.0124833292417 0.000508013957666
7.34354662948e-05 0.00871818029769 0.00493812616653
0.00130447122267 0.0158701610862 0.000139773222001
3.07595634291e-06 0.011530726144 0.00109988274189
0.00485895968871 0.00331981571218 0.0255928478428
0.00183018545433 0.00601255544072 0.0118904204391
1.34454467693e-06 0.0099603945003 0.00282698231266
0.000188508247447 0.0127206487065 0.000378531737399
0.000347366320302 0.00895341221295 0.00431050648159
3.96548734973e-05 0.0138152435284 0.000147154919724
0.000116105597491 0.0149046755287 2.42522941104e-05
0.0104312625088 0.002722387345 0.0322524292686
0.000297998556477 0.00843303946092 0.00531267048889
0.00242100989052 0.00455786043497 0.0185905916447
0.00146648315611 0.00619754988678 0.0112695754745
4.66784064986e-05 0.0102818713427 0.0023398035432
0.000127837918494 0.0138732815174 5.20306824207e-05
4.09230067313e-05 0.0129450431739 0.000298240918774
0.000140130630918 0.0136849719294 8.17912339864e-05
7.83779033601e-05 0.011461487204 0.00118658875477
6.27885377504e-06 0.0126072940778 0.000453137504228
0.00992038323736 0.00140792356157 0.0446846103097
2.374628458e-06 0.013578502965 0.000142154270007
2.68108576792e-05 0.00965212588777 0.00323087504059
0.00238692622978 0.0056222593342 0.0133643342303
0.00308968820499 0.00456920885758 0.0180742426746
0.000585644295908 0.0115717710397 0.00156159389545
0.000684792977747 0.0147767480354 8.51141811497e-06
0.0114116631802 0.00224707894294 0.0363711257185
0.000193878667857 0.00990689296664 0.00284843095403
0.0014948816283 0.00629710649783 0.0109132005645
0.00161927181371 0.00518663728281 0.015810686721
5.80087233006e-05 0.0129291532954 0.000299483541698
0.000198055441672 0.0143784702342 3.47591201561e-06
0.000666883752218 0.00846524402706 0.00526649359327
2.77923444774e-09 0.0111519703532 0.00141927041627
0.0100964733221 0.00183512419819 0.0390101973307
0.00026307757355 0.00920484336666 0.00387899065158
0.000194639947292 0.0104084054043 0.00226160545661
0.00270123364637 0.00510617129284 0.0155011470349
2.1627151411e-05 0.0110084059736 0.00156539213668
9.58479353657e-06 0.0138450374939 0.00011671575587
0.00135915723833 0.00648303462797 0.0103042123885
4.8687485677e-06 0.0147009012939 2.75960563353e-06
0.00655818772868 0.00279420086805 0.0294837761728
0.00111542676522 0.00703378524929 0.00864135191233
0.000290232081019 0.00898233231087 0.00425412473143
6.9961878415e-06 0.0102055723617 0.00245380084787
0.00599464285494 0.0039380538236 0.0220970264232
1.21589570604e-07 0.0121539245073 0.000694046845465
0.00015354266091 0.0129916110714 0.000267659949584
0.000273140020628 0.0145890528368 2.6059624616e-07
0.0128163813615 0.00230375134013 0.0373613973839
0.000873061101405 0.0128017862269 0.000515512039095
0.000113979259394 0.0104241198792 0.00253284196271
0.000980011836466 0.0070389356134 0.00863591436159
5.35503839659e-05 0.00850243075169 0.00554777174742
1.82834588571e-06 0.0138248594316 0.000109170074136
0.000304971203024 0.0111176956422 0.00181544938876
0.00426360443137 0.00426983083567 0.0196679049471
1.69667595378e-05 0.013533557 0.000193321223352
0.00927905022009 0.0012658974274 0.0507674428823
0.000323183464188 0.0133074091501 0.000167046919874
0.00389835154522 0.00448624432534 0.0185088537369
0.000431890439149 0.00753967964151 0.00746093552004
0.000324972876789 0.0108730711637 0.00189154734012
0.000354057504727 0.0130957279657 0.000238950221482
0.000471395234064 0.0145007482569 0.0