0.741236373993 0.00171107904948
0.0311937039438 0.690682070131
0.60435251554 0.125342099126
0.341978416428 0.383057443054
0.738725603896 0.00208697505908
0.727941131707 0.00675049675817
0.00817249519491 0.727434171274
0.72304473685 0.00973083207989
0.00996319228848 0.723685342091
0.000657505370265 0.755430448462
0.00110431485189 0.751443728222
0.365909147507 0.359476532821
0.00658211161277 0.731148367773
0.0269583334576 0.696045799583
0.756223281456 0.00200995039485
0.00444721087404 0.737206717949
0.726859557354 0.00902258501083
0.0973362348773 0.623634362513
0.716332015325 0.0151959141603
0.34802513877 0.377054089744
0.0356825804284 0.685895315442
0.004351907789 0.738132760666
0.00255912045948 0.745557766655
0.0119607104433 0.71982441237
0.726734839284 0.00725413699961
0.736625726067 0.00254269683
0.689406625699 0.0417973845787
0.358664351836 0.366554771142
0.0305614880988 0.691573802126
0.00532347976422 0.735674197061
0.730815558333 0.00504357931399
0.00954712893807 0.724569132603
0.0184147158455 0.710195623759
0.743497809693 0.00213730820686
0.706479003534 0.0247308277995
0.00198501303234 0.750605314151
0.726841838666 0.00734349299576
0.740119130033 0.00146650598526
0.0245025944346 0.699271523552
0.607872469233 0.121573642857
0.354757593313 0.370408643056
0.00139748466127 0.750099766049
0.725391931548 0.00808514904391
0.0339623104736 0.687580985416
0.72260350613 0.0103791331033
0.00639978461175 0.731698625392
0.748845588935 0.000238655056497
0.747682039239 9.90910190127e-05
0.513457085977 0.21445245765
0.341480794119 0.383460933321
0.718866583883 0.0129872719007
0.740921958713 0.00119245185797
0.729834174329 0.00566630197922
0.03022462631 0.692062298004
0.0151078883915 0.713840016545
0.00248079753773 0.748646339009
0.00484493305295 0.737457349351
0.745570434312 0.000321206979221
0.735863531399 0.00281176480265
0.532842055557 0.195451360092
0.346619311104 0.378420824026
0.72698400859 0.00717659756986
0.71920106975 0.0126995689644
0.00486543003494 0.744028051237
0.00149100794947 0.765359815215
0.0108045907972 0.721702285711
0.0361143621181 0.685396188559
0.000676313552514 0.75409846234
0.117984716247 0.603656511267
0.00310562045923 0.741664590666
0.381199945843 0.344402489487
0.0287088089439 0.693906272098
0.751236268485 0.0
0.720930415545 0.0118327980263
0.0105074149731 0.722412120546
0.350657461547 0.374441802121
0.0798835241076 0.640644062444
0.0246901233443 0.700870041393
0.0106490355285 0.722545923363
0.00303355503491 0.751552331722
0.732379905164 0.00585386049153
0.00489114684668 0.737193798659
0.75382547521 0.00190645919813
0.682752656332 0.0482894214476
0.726294517658 0.00925620609304
0.351866122743 0.373267061545
0.0109826566367 0.721887717522
0.0369499806474 0.683978746021
0.669770238284 0.0610353511569
0.715002292106 0.0166200112953
0.738222711566 0.00314453790035
0.00524044140939 0.734728326508
0.72979556659 0.00613178751843
0.00133219125642 0.750372725058
0.351246208227 0.374063579538
0.0114636508794 0.720522222905
0.00466331089146 0.738121286042
0.0280472553923 0.694991779556
0.00165813344694 0.751237650213
0.71261211117 0.0187166828104
0.741474386153 0.00137796916971
0.675329961331 0.0558641941482
0.000399827636273 0.756323325064
0.363749933593 0.361557469171
0.144143389162 0.577637195577
0.0219171781556 0.703225846763
0.00421679769909 0.738075185474
0.00852329935481 0.727565574407
0.727276924796 0.00720521833969
0.725859428598 0.00786825113849
0.365615213343 0.359722755839
0.0505305772675 0.669781138697
0.730803384475 0.00715380070548
0.746344308677 0.00277589178569
0.00221351689093 0.753786429302
0.716477193868 0.0150545388693
0.0280582301089 0.695454693584
0.0157548365516 0.712566701668
0.333349366728 0.391444400568
0.0371426783725 0.683925797624
0.00102346415067 0.75235643642
0.664402578012 0.0659865561353
0.00893132856841 0.725846882298
0.749359126783 0.0011841854909
0.727138119286 0.00753147634308
0.00553992766566 0.733917500773
0.749565892958 0.00031419947294
0.284740655508 0.439451309818
0.515678597546 0.21238726953
0.0352703658867 0.686208429146
0.733422443853 0.0040500452551
0.738366738169 0.00209789674746
0.717180292769 0.0143567785086
0.0104417736884 0.723336803628
0.00175187304915 0.748106317084
0.00205709854018 0.745958986081
0.000847011550534 0.75270483323
0.36399322704 0.361316315764
0.0969936581938 0.623806165894
0.021418389765 0.70366169749
0.00791806964477 0.727984646274
0.00225594186103 0.745141834932
0.741198824148 0.00211409939073
0.724126585553 0.00928488231142
0.717813994336 0.0137433520047
0.351487824541 0.373659400968
0.0275593966097 0.695371218895
0.646229671946 0.0838532815022
0.000637090730964 0.754378689905
0.00175278503492 0.748033243284
0.712626898945 0.0187928954438
0.0114326179901 0.720379751957
0.729387936256 0.00637394109805
0.742864407165 0.0011662665068
0.734425381613 0.00329371948697
0.355209285571 0.369956834145
0.72009962967 0.012209259349
0.741020119282 0.00123303178254
0.587065390381 0.142042959147
0.0461019109997 0.674353299264
0.744422683732 0.000709463744057
0.0143632372095 0.716036043265
0.00543674923744 0.734641288836
0.000946433620478 0.757640575841
0.00111755497001 0.750660910958
0.0263581698676 0.697054144551
0.355030049381 0.370139598583
0.114650220253 0.606455755202
0.00878751195959 0.725987775026
0.733573183004 0.00384825685249
0.722505707398 0.0103972054656
0.00309785643811 0.741909822809
0.744756812725 0.000989465812009
0.714755565657 0.0166341960857
0.244308044687 0.478979168534
0.0336023821033 0.688443919737
0.509652969868 0.218290833785
0.726831565001 0.00734091426395
0.00826886275384 0.727054313644
0.00139064948482 0.749649454836
0.0174396345802 0.710171589766
0.732615693335 0.00419117271115
0.619854353171 0.109847818431
0.719483457093 0.0124327634646
0.34928416633 0.375776433036
0.746443367536 0.000220153450443
0.00571800282471 0.7342390246
0.0479822582803 0.673226024053
0.0177685584595 0.710324964393
0.34605685805 0.378955945639
0.0264749052648 0.6968592765
0.00645185045487 0.735046089319
0.751022200288 0.000717596069512
0.00121311722391 0.75209181411
0.735427719677 0.00337376626215
0.719832791269 0.0126068046301
0.725902987901 0.00775991050993
0.0582377086383 0.661949492177
0.731757533765 0.00461534767099
0.612726017992 0.117866222191
0.0306022991201 0.691394093056
0.747021682685 0.000266583923633
0.346656052408 0.378444249253
0.721908349839 0.0105802708125
0.00598352404336 0.732909090348
0.746322426786 0.000416862790487
0.0248598342479 0.698870319167
0.00199235662474 0.74823676839
0.000328425045502 0.757870654368
0.113299398313 0.60807993652
0.357119101355 0.36807826612
0.0260682605629 0.697543868806
0.00735764166924 0.729203659455
0.00233910805322 0.744640356232
0.72475072988 0.00871645565493
0.691366558875 0.0398266906104
0.74339117378 0.00314046721525
0.745691154485 0.000790807614308
0.588786784847 0.14223543321
0.0109037435597 0.722037845469
0.00426333961312 0.737752135687
0.727058380099 0.00703801616784
0.739811902393 0.00148805798197
0.343052030937 0.382220810209
0.0357528726934 0.686331725877
0.00066884465047 0.754779454502
0.713108529079 0.0180967768623
0.353610244478 0.371529572283
0.736360905915 0.00297893187943
0.0455911164986 0.67495795027
0.699569716866 0.0314906652886
0.00347900557443 0.742421184051
0.0284555173499 0.695346037532
0.0117609630459 0.721660504355
0.000345245099691 0.762312566476
0.744395232315 0.00115943929729
0.365809882298 0.359698693868
0.00313240590148 0.743829104198
0.0438366890118 0.676493159939
0.012052738192 0.720280020119
0.72440706664 0.00871904202991
0.740535415382 0.00276728980461
0.636822138825 0.0930944950724
0.719154778364 0.0129684392448
0.744490601375 0.000548598816522
0.717483398526 0.0141521438841
0.00718598677279 0.731005772549
0.0584782874762 0.661672602821
0.517731571013 0.210250898402
0.345932139893 0.37911436756
0.0223866773241 0.702814410236
0.000587302437716 0.764172743244
0.735977276487 0.00271354646768
0.730924132386 0.00497537282277
0.38165238076 0.344083452772
0.078589684234 0.642928459595
0.0212803627875 0.703980888521
0.754583214872 0.000470686899113
0.734222016932 0.00503198674324
0.690389345769 0.0405833668028
0.00295342812752 0.742211945664
0.00866992721964 0.72616115407
0.00131468447718 0.749540500694
0.36835566581 0.357094900999
0.731168095353 0.00483879452704
0.00519444752136 0.736005594572
0.0454636854161 0.676572670838
0.0300912576282 0.693035503593
0.000552601453142 0.759898842953