0.850932554009 0.00349660142334 4.31342550503
0.000349132313642 0.00154694775736 6.00121921977
0.829645352593 0.00118923146906 4.34241297124
0.84129807546 0.00376524718039 4.32367188371
0.841302012974 0.00491846854955 4.32491391158
0.0057129381249 0.00547499052007 5.99973698556
0.845728555692 0.00709196974149 4.32187298507
0.820099841349 0.00088449255136 4.36706255584
0.00128981130332 0.020870058589 6.02364319959
0.857929469244 0.00477973777857 4.31208441815
0.837508096233 0.000708082718448 4.3263448154
0.00954730673573 0.00175979924039 5.99138375895
7.65652350682e-05 0.027654794397 6.03470479439
0.836509870356 0.000408974561103 4.32776566129
0.00330135323064 0.0012234130329 5.99783346247
0.855748634771 0.00470309504288 4.31243953784
0.000215968498565 0.0250858066083 6.03074528841
0.833630788196 0.000994103611385 4.33374511692
0.847396202877 0.00296790799581 4.31569059689
0.861977046524 0.00272486938743 4.31006035295
0.828975178158 0.00307571307265 4.34591369744
0.853031129138 0.00563277241555 4.31452706665
0.843116075915 0.00653523540648 4.32428642803
0.00621431909498 0.00448784940921 5.99809954043
0.00183160080668 0.0183385118104 6.01962910023
0.840121098032 0.00456885107127 4.32624187058
0.827820624515 0.00312894717843 4.34869702762
0.837367007172 0.00302614139232 4.32898345367
0.00608043925012 0.00665900344307 6.00064794672
0.86962792325 0.00442598397514 4.31573847469
0.85649788442 5.13766704121e-05 4.30738672111
0.835005029767 0.00299355470406 4.33317157806
0.0022826142889 0.00669534920737 6.00478584332
0.00670613341537 0.00234810866309 5.9952703645
0.865207784233 0.00113241720435 4.30947695603
0.842412733076 0.00220918440334 4.32051209432
0.000333786960142 0.00731966666664 6.00748938546
0.837061508334 0.00195290579185 4.32838250679
0.845180585785 0.00354199545533 4.31856219328
0.00761983932405 0.00266030895171 5.99456041335
0.855447494154 0.000472370282664 4.30809235929
0.839554079692 0.00282016991064 4.32522947925
0.0122501400986 0.011827942452 5.99948240369
0.00175804926836 0.0245944128254 6.02845722907
0.838058933377 0.0102847997159 4.33599335171
0.858944263373 0.000815885767685 4.30783471992
0.00200655273882 0.0218576645862 6.0242841458
0.019693420555 0.00209576987862 5.97880947403
0.00586513158034 0.0109399792408 6.00587679209
0.827187604116 0.00386548116907 4.35101827465
0.000341119561604 0.00324366290339 6.00300059259
0.859415122942 0.00384766535484 4.31099153767
0.84349946368 0.00615018338926 4.3233763452
0.851197087134 0.00289808963957 4.31261849677
0.00295672752817 0.00961298804696 6.00744362591
0.825906743066 0.00419966332715 4.35457465698
0.00052298112675 0.0223312355969 6.02647104155
0.851110839408 0.00160894852091 4.31133022802
0.00156164946526 0.0135530519471 6.01369490715
0.857063357998 0.00892390070198 4.31689255902
0.832053214327 0.00313479371302 4.33918152446
8.72782520842e-05 0.0227512051931 6.02750498599
0.848366234361 0.00841482733559 4.32084971993
0.840541055421 0.00556744248275 4.32671598565
0.0100070534334 0.00317056531636 5.99231583101
0.843885890464 0.00641812343502 4.32320450068
0.00142672500636 0.0277589264146 6.03349279227
1.90770921146e-05 0.0360064727056 6.04797312132
0.849617539993 0.00510159445879 4.31609828066
0.836567022434 0.00432800618955 4.33175894037
0.0074384781381 0.009425492329 6.00230215486
0.012486384058 0.000459859648013 5.98650944281
0.000220739729344 0.0560334501797 6.08404725672
0.842089005625 0.00319964780844 4.32198362611
0.00610319180092 0.00358994355709 5.99725732272
0.853177909619 0.00349031203012 4.31212813055
0.000682020733352 0.0168985236994 6.01889209626
0.823121007998 0.000786501528274 4.35836000809
0.856939368819 0.00163701466149 4.30890462289
0.00243398455298 0.007197320412 6.00519534829
0.83282527932 0.00193108106289 4.33632521358
0.000418862059204 0.011649836607 6.01250587106
0.835701635805 0.00130896948091 4.33013001669
0.846534450817 0.00154333938664 4.31504050452
0.00338397191569 0.00550126139284 6.00229448468
0.827713148117 0.00273521838476 4.34854031708
0.00247885732478 0.00913699790847 6.00738608604
0.854073040981 4.10319534239e-06 4.3081220946
0.844338334811 0.00124606122366 4.31712155583
0.818820487057 2.72924176329e-05 4.37003399194
0.00401292927477 0.0112887811632 6.00832291201
0.0103826463948 0.00257300943301 5.99123838825
0.85420039053 0.00273773818981 4.31087382011
0.849486496603 0.00194629139735 4.31283427778
0.834892613901 0.00225548861345 4.33260835691
0.00519979888063 0.00132435221447 5.99588635881
2.25901341331e-05 0.0196337105646 6.02322350546
0.857647052059 0.00154751740418 4.30869530062
0.841871909848 0.000269911371002 4.31925132863
0.00348056359078 0.00153485286846 5.99796233682
0.000245419482173 0.0126754084831 6.01394006338
0.836618263623 0.000362158582199 4.32752778702
0.832764372536 0.00326974399263 4.33785371826
0.853068994388 0.00136160993343 4.30995565415
0.00659721178236 0.000788387188831 5.99378710109
0.850813035685 0.00146842060011 4.31138212784
0.00131767416021 0.0210447264151 6.0238574255
0.836832808438 0.00215719406434 4.32899054332
0.849515381163 0.000872801404046 4.31170993567
0.000566531508342 0.00341454874254 6.00295485816
0.853773070273 0.00371969555896 4.31209682909
0.00162007994359 0.016171272711 6.01698160025
0.827173696687 0.00520989318952 4.35251168227
0.843802424759 0.00545598474412 4.32223567293
0.0132259880309 0.00025566415289 5.98538591246
0.859399848966 0.000976081196401 4.30798942592
0.831061414731 0.00307984457053 4.34123690923
0.0144375492901 0.00794118493213 5.99213895949
0.836912650738 0.00350346464136 4.33026998296
0.000335256540266 0.0280031785697 6.03497206385
0.846598958528 0.0010341076496 4.31445441527
0.831388022871 0.00503277365307 4.34263508426
0.851613382334 0.000712010060835 4.31009769658
0.00386153290073 0.0089618468174 6.00571585646
0.00630439991011 0.00541441722827 5.99901182165
0.853898027273 0.00138250369004 4.3095927816
0.00209988643574 0.00739710050448 6.00577093684
0.844163296471 0.00344494161738 4.31962372899
0.825976550215 0.0016023496926 4.35165808736
0.00674075365309 0.00171788214649 5.99457698813
0.848622455648 0.00232509937884 4.31392622524
0.824482745657 0.00336232845736 4.35737009499
0.00843897592343 0.000970232728969 5.99186963819
0.000800446349214 0.014559847903 6.01574504947
0.834819807176 0.000264482508313 4.33070745167
8.18666453711e-05 0.0246239069435 6.03020540797
0.86279533179 0.00177023045405 4.30925763676
0.0113259016281 0.00922151571715 5.99748937558