0.350625548967 0.371685455861
0.0410396005289 0.676514308436
0.67306830235 0.0553017424447
0.740204098676 0.000976426344955
0.0187329942468 0.704702167028
0.00675402017328 0.727841064686
0.717618707894 0.0124841773275
0.000469282668394 0.759488256395
0.734402012414 0.00272673825242
0.343931693303 0.378238968455
0.642002621692 0.0876180024872
0.0474696084327 0.669677623019
0.746472170485 0.000121866159849
0.00761497678632 0.725566397201
0.018189505069 0.705596175989
0.722632311867 0.00830375535014
0.00121214092897 0.752240110376
0.353037153528 0.369385127861
0.0584405465689 0.658802179341
0.0185550305401 0.704936346191
0.742186014687 0.00078918031947
0.714878288261 0.0143092731752
0.00239658287382 0.741648416159
0.000244978459136 0.756893064548
0.721217157278 0.0100318758558
0.00570063626227 0.731280103383
0.356871886956 0.365526844852
0.0428564308348 0.674403625438
0.718237580446 0.0112776469656
0.00310501629369 0.739529173839
0.00207577120919 0.743638302351
0.736450245487 0.00264486898167
0.0243129503443 0.696878215553
0.0108556017338 0.718345889393
0.353490999561 0.368870303857
0.0546772621813 0.662394836236
0.00711275589206 0.726576460722
0.00097415455422 0.748891511863
0.73055539351 0.00394033785342
0.0202455706871 0.702999603303
0.717016020849 0.0123095659762
0.00288492527147 0.742924822955
0.0223757680159 0.699588464313
0.355216519912 0.367250475451
0.0871395213331 0.630659290771
0.732174017145 0.00314521723879
0.000718438962389 0.759328319325
0.688148876463 0.0403631245808
0.74270352138 0.00117865630191
0.00948093271372 0.721884453951
0.715343473818 0.0137373594043
0.605686673294 0.122290477885
0.738866638457 0.0012492092222
0.00607511692784 0.729485227912
0.014833290702 0.711001653429
0.344336427489 0.377874368251
0.00256275783187 0.741441594641
0.0373781144705 0.680876652044
0.35242585123 0.369904693136
0.0114690059708 0.717190998523
0.0798565459542 0.637663127298
0.0278277854157 0.692643340449
0.711512240872 0.0171851562201
0.000871390877845 0.752036848516
0.00247237266907 0.740983060001
0.729090088096 0.00549370179095
0.743697670169 0.00111960264791
0.35350821532 0.36883773245
0.0575793766224 0.659728426737
0.0317654739666 0.686863010871
0.74168871162 0.00199176165698
0.000320525256917 0.75380914936
0.713625782016 0.0157186049506
0.00969472991876 0.721131840845
0.721652971407 0.00949117762346
0.00395755923466 0.738427509262
0.718673181496 0.0113660195355
0.00175316015915 0.745183303152
0.369385289536 0.35324603001
0.0675793598109 0.649725776353
0.734762323181 0.00325313694697
0.0210024266192 0.70129248683
0.742246793784 0.000996791838791
0.00791325085057 0.725628621601
0.00052400663026 0.759339919342
0.710559750055 0.0186967598097
0.000315878671882 0.755352688756
0.718327090344 0.0116566269768
0.0321930019867 0.686555151041
0.359911256164 0.362633335296
0.0626990503923 0.654748695455
0.737259419089 0.00281241047516
0.0131261254594 0.714591167623
0.00592449809271 0.730862359812
0.700108212802 0.0284478002509
0.364098138699 0.358456475573
0.0476954716261 0.669419853317
0.728169478328 0.00542956372663
0.00192686287708 0.745261513206
0.0115543391795 0.717813279075
0.023925881086 0.697575725809
0.741602650478 0.00119554677545
0.701076580006 0.0273956205157
0.00262609198202 0.741853669839
0.000608506569919 0.758830496363
0.0245301220992 0.697270793369
0.0905348575602 0.627172233666
0.357631993126 0.364797955727
0.730248170644 0.00481363649424
0.751417970277 0.00116874551494
0.0152105856941 0.710455498789
0.0043053015756 0.734336832508
0.714332324416 0.0146880737139
0.000626401670157 0.751708729776
0.0982753354634 0.619708557521
0.00318466224248 0.738657623347
0.36624627504 0.356354703729
0.0215418913009 0.700703531006
0.685706492254 0.0425629828764
0.733197110349 0.00301856567628
0.0100528889195 0.720632894978
0.744572758922 0.000444580200084
0.741132000183 0.000655661498272
0.347955845105 0.374423376383
0.631261236097 0.0969943457993
0.0430949265528 0.674790593164
0.00269073814119 0.741741668488
0.000415762941417 0.753346225219
0.00883199201374 0.722580797038
0.707724505905 0.0208594426787
0.734592376953 0.0024854976309
0.335731493103 0.386446992229
0.582612057844 0.143838007351
0.748465911798 0.000602972025096
0.000899628280259 0.750452548592
0.0291134811186 0.690206471971
0.712665364341 0.0160970219216
0.726075243747 0.00607759875656
0.0109700181645 0.718542564192
0.00239596517348 0.742565827666
0.350256495207 0.37202271631
0.049160165345 0.667891978696
0.633366536362 0.0939040847062
0.0036139961387 0.736604200739
0.742378329366 0.00120636241906
0.718284108524 0.0128702519203
0.00112476838359 0.750416563534
0.740266392732 0.0020315464212
0.0196782193947 0.703947450441
0.355559860938 0.366832639351
0.0556910695533 0.662191275096
0.0305836153112 0.688444075275
0.746161051451 0.00018397180118
0.716493433996 0.012957702073
0.0099163714531 0.720572472713
0.00387167836512 0.736230176523
0.000339132171653 0.756723919361
0.343589555233 0.378589039964
0.0398197634966 0.677674755342
0.649880394209 0.0779857685399
0.00174607875612 0.7461267947
0.730597081694 0.00533159372571
0.721887049383 0.00938626669484
0.713033898086 0.0157356301309
0.00656646483101 0.729221755251
0.752537846815 0.000708178181142
0.0180457411107 0.706236184547
0.342085818494 0.380061420768
0.0284436444132 0.69126984381
0.0393632310909 0.67823690009
0.733759441675 0.00345507877479
0.00822190731371 0.724283399902
0.698577611408 0.0298487869258
0.00041607863541 0.761688081751
0.722585681017 0.00820228258593
0.002588053164 0.743898704397
0.748875539804 0.0
0.720338115296 0.00988375734045
0.0429145863243 0.674342148026
0.580920468999 0.146011622974
0.00283104747825 0.742250627695
0.734076131011 0.00351063916988
0.00876349003176 0.723284643186
0.343203847998 0.378959880275
0.730598794203 0.0037904967964
0.0344832019173 0.683659807304
0.638989202048 0.0890934053276
0.340826608275 0.381286485748
0.00475462306611 0.733543761985
0.0132577261222 0.714133135135
0.754594659851 0.000569116669221
0.71288021568 0.0160853463352
0.000741059309192 0.756107800354
0.745269820379 0.00110485379808
0.613437069489 0.113996911093
0.730912749525 0.00374511871259
0.00126475061714 0.747162493995
0.348185687694 0.374073782544
0.00979159732282 0.720792300223
0.716291570095 0.0128945850894
0.0456003386071 0.671578300498
0.000122231000818 0.759480213939
0.0716443702892 0.646416850681
0.35837778469 0.364090737326
0.031020591066 0.687807748961
0.726692451626 0.00596329643327
0.745340684087 0.00083016017692
0.687482568355 0.040748639214
0.00404872583734 0.735732744614
0.0183073135243 0.705600089923
0.74475722161 0.00366200153615
0.0413616239095 0.67606099857
0.725726800842 0.00641798592503
0.285803238393 0.43539523371
0.55856234437 0.167484279018
0.70987772811 0.0187619172093
0.00403943296823 0.735366976874
0.0165990099122 0.708385299222
0.000591105572571 0.753597320453
0.343035613278 0.379128728788
0.0475193587603 0.669732787991
0.637241286993 0.0901017274955
0.0223113671474 0.699236096472
0.743023713979 0.000381960531812
0.00382341048732 0.735936610771
0.723801128329 0.0077995546228
0.000435903655473 0.759618801824
0.715997418781 0.0130914271796
0.333597041828 0.388394588702
0.620754916441 0.108257448992
0.0119794558118 0.716305847625
0.0322940124497 0.686242103679
0.733473090006 0.00283226825809
0.00407162921229 0.735956275791
0.00199284917041 0.7469064133
0.346616137431 0.375600191658
0.0426335481087 0.675394831479
0.666875330231 0.0612369984597
0.739737239522 0.000931075552812
0.00125062094257 0.746995689312
0.00674287154814 0.727889037021
0.0178649231935 0.705918567382
0.704164362753 0.0243497180475
0.360464341267 0.362017061407
0.085973884337 0.631650848136
0.0202680169098 0.702620248124
0.00622457786732 0.729293005501
0.729165967563 0.00517919218118
0.00197100595404 0.743295051941
0.00121729779861 0.747800654569
0.718341410271 0.0112554460925
0.744493000568 0.000413181109737
0.70655294859 0.0224196496614
0.000127476550745 0.758882459294
0.725480425222 0.00637138378948
0.358364941914 0.364071361862
0.09623501001 0.621638133025
0.0240125471228 0.696884733613
0.733685174915 0.00302602495399
0.0063924683743 0.728521333731
0.740913804032 0.000792159815781
0.00949042401885 0.721561207105
0.714628714608 0.0143861851331