0.358693966507 -1.13305511044 2.59374711683
-0.977174936275 2.30820863845 1.19575587844
0.161169993895 0.380744048438 1.18221873935
0.119250006284 0.279995779481 1.24091766663
-0.282819041 -0.928435241425 2.29851429487
-0.846945717934 -0.539976217917 2.52694570901
-0.90468014157 2.13215123532 1.28133484089
0.0749814366367 0.298202327091 1.21645251694
-1.03754831222 -0.589187027631 2.597647775
-0.00108876677074 -1.08606674408 2.45530619248
0.0822390701571 0.218342754466 1.26725009757
-1.01157942147 2.25229037629 1.28048111676
0.156864302238 0.362503907923 1.21266582124
-0.0946359552118 -0.210962628507 1.63024567833
-1.10309335883 -0.553914750335 2.5347603739
0.110667756117 -1.10295642104 2.43585460467
-0.783849834528 2.11753828559 1.26337613824
-0.132817408367 -0.200515677632 1.62965943461
-0.855238342297 -0.540130253586 2.33591024246
0.360991945022 0.825446464746 1.14443618567
0.0194720535744 -1.06014732401 2.4217258211
0.208985055298 0.379927927059 1.24049133869
-0.6211678889 1.89840461991 1.21288308075
0.144106429743 0.447940614649 1.09321000405
-0.834387522226 2.20336585717 1.28535802498
-0.0341663239255 -0.116593699329 1.53781941126
-0.520976959308 -1.05630514581 2.51734612196
0.500233769773 -1.23184873862 2.76948412239
0.110938472603 0.309935363446 1.16831471127
0.113076275343 0.393237166548 1.13222590514
-0.894122824412 -0.718727414683 2.46572582687
-1.00221534963 2.18509733894 1.42413145974
0.29648954909 -1.18045673737 2.60713892049
0.0109124657415 -1.04657820496 2.40122904414
-0.799000176975 1.98654190762 1.19938794089
-0.0644539773927 -0.389471795929 1.7801765453
0.10680694743 0.367683012603 1.18621097436
-0.983642056588 -0.626622137317 2.50097690085
-0.193245953447 -1.18436248164 2.56975066102
-0.0969173280298 -0.815153379327 2.18407879021
0.101300403861 0.312341911177 1.18732410249
-0.396667402366 -1.0643517388 2.48783613199
0.182588027934 0.472792595362 1.11563977721
-1.07628390491 -0.594936876253 2.51503918045
-0.837370185682 2.49877309199 1.23634944924
-0.833927452296 1.99146661798 1.31147991758
0.176403548228 -1.12432119466 2.61483516881
0.155465630978 0.438416580851 1.10319114989
-0.888302747836 -0.472077133378 2.3323661564
-0.808958119649 2.15277389573 1.35373354762
0.2316106099 -1.07824518012 2.47647177807
-0.60919703518 1.82008762708 1.20199899923
-0.0320756124569 -0.144084680217 1.54379599399
0.399622071932 -1.14865420906 2.56251004328
0.160707997271 0.408705751083 1.16356587142
-0.827003418655 -0.834701763574 2.50452126179
0.13169529342 0.283463114324 1.25112774641
-0.957858048185 -0.600065449242 2.43375839142
-0.864382566682 2.1235577582 1.23544392688
-0.120761395138 -1.04795113489 2.41181266171
-0.974899854299 2.21024564003 1.25945835037
-1.05771072657 -0.574395271412 2.57879446046
0.145742323138 0.444231639847 1.19080305685
0.01537307095 0.0684633530558 1.37716921688
0.0260833069121 -0.892610473841 2.22779578753
0.0676626936841 0.20052886268 1.31120393292
-0.722909156453 1.93541126841 1.26391908448
-0.016336006504 -0.208920910604 1.60066697761
0.180673190111 0.313367060885 1.28283398
-0.783168850952 1.9963408993 1.31129228057
0.502512415099 -1.30541690593 2.67866584222
0.321195783231 0.592591253778 1.14216417508
-0.288637403601 -0.939064786996 2.34859877448
0.107571159856 0.519040692319 1.21480997539
0.109238919735 0.35436386515 1.08797654364
-0.330783802131 -0.955397163528 2.33161550123
-1.05036782056 2.22075268969 1.27870779541
0.428992238482 -1.08099501002 2.53688210542
-0.69063014018 1.97392572077 1.19437109602
0.14917353456 0.330397313669 1.2741202127
0.585422921848 0.920058239114 1.12485145237
-0.0385850283635 -0.195001554822 1.63046082193
-0.15077799537 -0.824422742281 2.17912250294
-1.08405474664 -0.553828323626 2.86611497932
-0.675027247214 -0.923570088692 2.4547346969
-0.813128547167 2.05993064727 1.28638408886
0.134449147286 0.25732455821 1.31064590574
-1.00888485741 -0.499060351332 2.52306646784
0.166060505574 0.354357143408 1.17027811154
-0.730496244007 1.91307938405 1.25730549581
-0.0549987810674 -1.03449391478 2.47971593472
0.383781729302 0.723634361168 1.09091419273
-0.799665623862 2.07607214127 1.23436423637
0.150268642867 0.49144715153 1.07390163779
0.0904715825524 -1.26356337993 2.64291042907
-0.885743190376 -0.795359283484 2.58599932867
0.0861596422274 0.304247646416 1.18936434445
-0.833542123405 2.1278807344 1.30893903482
0.092679156115 0.391040232501 1.13724442354
-0.601003576374 -0.935186483618 2.50553561022
0.0209721473452 -1.16903232952 2.49751851684
-0.611414332225 1.78202726939 1.1904222305
-0.0227397485643 -0.078990320551 1.49903059581
-0.896812867003 2.07198901846 1.28261282458
0.115398485769 0.279575940721 1.15675586299
0.659439265968 -1.25061266851 2.79085475321
-0.813350519622 -0.67137401448 2.42173765291
-0.0123826413185 -1.02093416237 2.36290693282
0.315318036797 -1.17150070099 2.51272746137
0.120553606486 0.413422678841 1.21455105167
-0.127838419138 -0.470195151502 1.86772634512
-1.19156676417 2.38414458673 1.38252440782
0.0779197294998 -1.18139245016 2.62175762157
-0.754491636426 -0.746854083149 2.59893426099
-0.978989399169 2.33797355455 1.20157155454
0.155365383422 -1.11397245003 2.4765668614
0.120783174737 0.454071544991 1.14342094364
0.0693935741134 0.32051119678 1.21998837514
-0.78583524176 -0.817968687563 2.47025230797
-0.893122194199 2.26108799681 1.19185808878
0.0859177341503 0.238850386376 1.19085884736
-1.05758008549 -0.59844436667 2.63817701234
-0.122699889844 -0.983026924875 2.32212172704
-0.785827489991 2.10660184056 1.29271150306
-0.978124374246 -0.549217507529 2.5527159769
-0.087503881194 -1.14385337696 2.46490512746
0.129763799646 0.410340258828 1.12639486361
-0.910413239194 2.11133901872 1.39112935322
-0.807622054723 1.95343575934 1.25399411175
0.165479712161 0.408080714712 1.05900075085
-0.622975045601 -1.05195066639 2.52367120603
-0.159142608052 -0.689284308143 2.06442380885
0.155798622291 0.335205832657 1.22530405281
-1.08736810094 -0.606863846962 2.56769511244
-0.879216531112 2.19553453246 1.21326396538
-0.188977712548 -1.0203809458 2.35256771912
-0.289126395692 -0.979043858828 2.34232972317
-0.0616665405523 -0.147383519275 1.55535455554
0.115609232847 0.412357382022 1.12432479102
-0.778196901686 -0.85855954017 2.46658271104
-0.813402314196 2.13005516059 1.1884101041
0.181378959752 0.469251681698 1.07618113474
-0.766391347562 1.93752342269 1.20649666532
-0.0427809255472 -0.86484491305 2.20980320338
-1.0763617723 -0.543070188128 2.58506501969
-0.401546433735 -0.915387100148 2.46144686652
0.102118235219 0.24416068917 1.19308679033
-0.702689955583 -0.922589321001 2.48579560579
-0.962041137813 2.15966120822 1.19581455785
-0.2940446143 -0.860310968693 2.23933898278
0.415584335021 -1.04535352386 2.46535832649
-1.09952048155 2.22314484361 1.39403322605
0.148848631318 0.428194753579 1.17334030576
-0.138943193476 -1.03931349799 2.4287099144
0.08239463578 0.249172465287 1.23097942166
-0.0124832045296 -0.440603487996 1.8266597951
-0.754898160114 1.90963303267 1.20407200048
-0.928843153415 2.2190866379 1.23382183958
0.112670867927 0.206513251401 1.24717558049
-0.793282244198 -0.909520791012 2.54845462387
-0.0179116732433 -1.03216090044 2.37073155374
0.187990559458 0.441248700421 1.17763465067
0.0538631434657 0.514820978176 1.17360562471
-0.977583042447 2.2689542661 1.26921729354
0.0388671222583 0.166262646873 1.29604959853
0.00660802826806 -1.13540593847 2.43718843854
-1.11592662893 2.23556338608 1.36331888092
0.130148886639 0.534907815966 1.15693165881
-0.908595498111 -0.745810574345 2.55680852928
0.182938722774 0.581861737039 1.14473042972