0.853980979059 0.019267781862
0.0128527083048 0.853640649111
0.0989597278325 0.776577703834
0.845876897648 0.0256826972025
0.816687887636 0.0560207666219
0.0227573759118 0.843576560392
0.0646845013521 0.799820170636
0.785133550356 0.083075608849
0.00739569235137 0.861351624762
0.834560749593 0.0355104108916
0.865405039844 0.0178109450945
0.015637175132 0.847054328834
0.000390513939915 0.854363589538
0.0209821936743 0.843700083125
0.0864970135041 0.780105210926
0.0160322908775 0.851363981517
0.864250572352 0.0100269781672
0.779075568914 0.0906718891065
0.850140822642 0.0147101769633
0.851707213766 0.0173346002599
0.00113836519802 0.85503246168
0.102416051977 0.777692710084
0.788181503688 0.080377905566
0.825164943471 0.0394726477078
0.0144254172155 0.846970788349
0.789362792393 0.0788231157961
0.868932119055 0.0175699186327
0.831679377003 0.0332523152491
0.0671616577216 0.802094080014
0.840385129903 0.0268398565074
0.00586451572778 0.857813159081
0.0948235764364 0.779405534985
0.856976739096 0.000922840196348
0.772086554036 0.101370077436
0.84240484953 0.0189035428189
0.0196825083291 0.844047228928
0.0975971352468 0.777854028892
0.78025442446 0.091450202674
0.0121927740342 0.867296289703
0.0260102939035 0.838939383417
0.778606955926 0.102493900163
0.853449186288 0.0145437143042
0.841870321652 0.0220255060662
0.083736215437 0.79157786219
0.794571126916 0.0764870680243
0.0862778592896 0.78339771689
0.855847256697 0.00871899438358
0.0309206228881 0.832883048428
0.0101364305125 0.857474937859
0.844095529161 0.0181716159476
0.0179240118286 0.852951087903
0.785550550125 0.0872624944374
0.0779314134949 0.790195852765
0.856625219975 0.00531840936239
0.0240243978107 0.837862698273
0.820906435403 0.0465120753567
0.785530091284 0.0878027297468
0.10763519951 0.767739776358
0.00203792848017 0.852867308415
0.875669766055 0.02476822266
0.845059559063 0.0218337149014
0.00818819985874 0.849406461487
0.074520567475 0.791217766327
0.856480490868 0.0142972984182
0.832315951528 0.0314937582411
0.849604209063 0.014801405329
0.781086068644 0.0854883262874
0.00908194749275 0.854805864191
0.104375266983 0.769212701501
0.844422106401 0.0196034395377
0.858660547587 0.0126427244609
0.774998872128 0.105520880114
0.0130140058522 0.848072111755
0.0161478057417 0.848673668193
0.850645547637 0.00647482737238
0.016139881311 0.868693272091
0.0747144802027 0.795031847381
0.793990262144 0.072201202617
0.041783397166 0.824187194536
0.847844644946 0.0186384089685
0.776388687818 0.0938654293853
0.865507891634 0.0184479157859
0.0915197465528 0.778922649052
0.00393301183259 0.85619648041
0.0032815081782 0.860085620278
0.0007656269281 0.857788309824
0.077878269201 0.789937244285
0.849630667181 0.0105764612434
0.856533885126 0.0089182338057
0.777687503812 0.0953452229073
0.00584235796615 0.853407580802
0.851453376411 0.0193374933406
0.0815385285026 0.783653629823
0.782208909292 0.0868838675772
0.013374866918 0.845542838742
0.826583489521 0.0381605471956
0.863567713957 0.0228158512672
0.773005135537 0.0987474710263
0.823006300976 0.0425906387395
0.0172316140071 0.843618592261
0.106315592093 0.769294836983
0.776320068418 0.0919984535653
0.0111887623246 0.850335009757
0.865486395552 0.0145341064978
0.84821447551 0.0221085069771
0.124284206513 0.763826546301
0.0148320221815 0.84626477802
0.852947202753 0.0161799617447
0.0169644549399 0.844514757487
0.860849639054 0.0168460227655
0.792761646891 0.0750800666348
0.000724894196123 0.857740520959
0.839379086673 0.0287508462611
0.0931513395184 0.782346734777
0.0186497773317 0.842676232986
0.0129822745335 0.85251608526
0.774346964624 0.0941546076435
0.850151219977 0.00983747734378
0.0669545321682 0.799507041001
0.00408020296578 0.855591544468
0.855776657871 0.0
0.0817673193652 0.78490605687
0.00902020245198 0.854007179068
0.828732369279 0.0353262615481
0.84916640797 0.0304534237938
0.774892311928 0.0996043832985
0.107923294471 0.771269551188
0.0115617968495 0.860499655081
0.872096981226 0.0254351641153
0.0175572447464 0.842779629807
0.821370570959 0.043168808105
0.839243921444 0.0258963309749
0.78236813394 0.0878759662669
0.00527058629216 0.853289320161
0.0754320695371 0.788978546815
0.854782260037 0.00146466588302
0.791976385305 0.0763767913739
0.00592794838101 0.853524782817
0.0795446703521 0.788732193022
0.844149177851 0.017481826021
0.807456203345 0.0607455890923
0.0949801258785 0.779453400425
0.00616748628552 0.859994635886
0.78668402191 0.0847522036052
0.00571992358075 0.86186396434
0.862155088729 0.0256660787205
0.0102017122701 0.854740634981
0.860644376334 0.00649280907926
0.793671068353 0.0720439422256
0.106126764506 0.771407532259
0.0 0.854259383764
0.771513281633 0.102129681883
0.856767099302 0.00186234843564
0.854407696433 0.000817883247737
0.0613613914925 0.808260423558
0.840980108104 0.0234648845889
0.00136454491736 0.853593216972
0.785747023379 0.0823958823144
0.847521077506 0.0233335262024
0.0976746484069 0.772292124821
0.805692486449 0.0607906159589
0.016785719784 0.845254150218
0.841658235916 0.0259972459058
0.00559057779147 0.850854005225
0.127419717262 0.762050711997
0.00548069772243 0.860249707545
0.867476130504 0.0167499162499