0.0335802908911 2.10536139222e-13 1.8221272081
1.20324103152 7.2051132894e-39 4.91457554569e-26
0.0707765615949 2.35505387281 3.17260462263e-12
0.121445653504 2.03438335671 2.3174264697e-59
1.1715370623 3.43663064513e-30 1.23422028144e-42
1.15674433867 1.64839866232e-29 6.28751087392e-37
0.0358545215294 1.82469779921 0.00107196988538
0.0146907613579 2.22763755259e-126 2.0584643153
0.185643189785 4.09342243147e-26 1.55033850286
0.0483142293544 5.75384716599e-69 1.8202791327
0.0101427565865 3.723239629e-67 1.98107973485
1.23934931238 3.35204156738e-30 1.24857695316e-16
0.0422703063936 1.8744177369 2.18858090725e-25
0.0311499894803 8.79490843735e-24 1.78393567183
1.21041172544 1.29881078861e-20 1.39556471707e-19
0.0530193122196 2.09829931875 2.3401774891e-94
0.11475144148 1.85973938209 2.08730408412e-09
1.20687034887 3.68924730009e-39 2.28666115451e-35
0.0742262628369 1.51780605048e-51 1.85470671892
0.0848953017338 1.84958207278 2.27507516785e-32
0.0317792135358 2.11752982951e-195 2.02989444613
0.0776579850237 1.91016759986 9.0921864128e-21
1.1701565189 1.58894429201e-20 3.20417723192e-39
0.0246458846263 4.5350232135e-55 2.20324906388
0.154094007077 1.66133151771 1.82060986475e-23
0.102643953022 2.20236965202e-17 1.938763154
1.21719351792 1.22336542782e-43 2.18507942446e-20
0.0307255496933 8.90675858637e-72 1.92683473016
0.0235497465477 2.18912433046 8.14557014776e-187
0.0514361624492 1.08917107947e-34 1.63679584258
1.15999725773 1.58274734437e-66 3.61874737778e-31
0.0239120094418 2.16348237235 1.02351762129e-29
0.0118940316123 9.2839609936e-105 1.82830661848
1.18652362336 1.00566014625e-45 5.51872453175e-39
0.0734876489279 1.99775305627 1.56447654414e-30
1.18448527259 6.47465081013e-19 1.58405891355e-19
0.186645477337 2.74426601101e-44 1.70046471889
0.0473863499271 8.00123464216e-59 2.03682012141
1.25443934464 2.21172506365e-30 8.09385814672e-12
0.0740494799876 1.84969728369 4.82692212126e-34
1.27546279829 1.03796908329e-18 8.83280912764e-39
0.0131742046931 3.49611064594e-16 2.1992585723
0.000254456559677 2.24135251819 7.91959598189e-15
0.0588789503114 1.65391232117 5.40818776977e-20
1.22446735552 2.66095626483e-23 6.94676710088e-48
1.23083104332 4.59308074771e-25 3.38632273071e-29
0.0160732347133 2.13407446535e-51 1.92136969662
0.0242834429087 1.82983865695 1.56991075808e-92
0.053346805289 1.77341924932 2.42963502834e-71
1.19022119304 7.05975870955e-34 5.62016246062e-14
0.0878418977692 1.8402231754e-29 1.82868858675
0.00122360345918 2.84924457834e-20 1.66676942693
1.24503369388 5.58618036059e-26 4.91479482003e-29
1.15628425205 6.27807114896e-43 1.6608626204e-35
0.0931410606729 1.85441024592 2.89326612333e-18
0.0356841955458 1.72659585934 1.0893913326e-12
1.16858806593 1.55200910724e-27 4.03991709172e-40
0.00674193130781 4.19223234099e-141 2.06407217392
0.139780282661 9.25232270964e-104 1.73893846944
0.114104604471 1.69189374001 9.98586480703e-37
1.27734719549 1.85761197959e-37 5.33465004844e-22
1.21428039117 3.56406939492e-70 4.97194256869e-47
0.0608143912862 8.93995642004e-19 1.92865611927
0.0110320667807 1.96564779922 2.05458225224e-13
0.0172354163288 5.78340892478e-09 2.18980022386
0.00362084609284 1.75210058009 1.0484580479e-23
1.16282749536 4.8649420837e-23 1.03872876227e-21
0.0149637791859 6.90054116872e-86 2.25816329239
0.0908596264425 4.22696143916e-22 1.95455393909
0.00340641865044 1.76353281804 7.82662686429e-54
1.25947800279 2.3605835361e-38 5.98498548692e-12
0.0109859073253 3.91895099082e-125 2.03561493614
0.0031949703203 1.50845414622e-56 1.90016674019
0.157784161941 1.77700973488 2.31111448883e-26
1.27353141632 4.8939091234e-19 1.34045256886e-27
1.28624746915 2.46065630336e-58 6.21163468997e-41
1.28649439923 1.8376892e-29 4.33593021999e-25
0.121776982335 2.14483110561 2.07789255117e-14
0.0191525514012 5.31908814921e-62 1.75381599165
1.16773744646 4.19090639239e-30 1.81960613052e-58
0.012169389074 1.86246853293 9.95150902218e-13
0.000978914877043 4.56723820334e-08 2.21889047241
0.093120587523 1.70298280875 9.50925908602e-37
1.20613589785 3.14601610697e-24 4.4777049212e-40
1.20978789444 3.33919862528e-27 1.06686356437e-20
0.104339474645 1.81463465425 3.03316842522e-27
0.0103854445965 1.95420506064 6.75132954325e-111
0.0129544366119 4.16793504099e-41 1.92178320503
0.179459508629 6.77542235155e-23 1.56791435409
0.0475912937764 7.76504695098e-08 1.86393604388
1.20132251222 1.64933481692e-17 2.58818720917e-17
0.0022444619317 1.95926572017 0.00392288071785
0.0814217846413 2.28148718871e-80 1.71892373692
1.25530229713 2.52592973703e-14 4.17623351392e-53
1.27933097502 4.9067508555e-39 1.05843547929e-23
0.0312228043466 4.51285188642e-21 2.03577860114
0.0785573364392 1.83867660321 9.6128992253e-82
0.0041726819978 2.04514791551 2.40349373065e-13
0.131739910842 1.49749687659e-34 1.8659393399
0.118811569065 4.37191274681e-37 1.67830414358
1.20516314724 1.70420408164e-38 1.491507883e-54
0.00522412194314 2.00217012598 1.152684519e-18
1.16832285268 2.38890499313e-28 7.31056245211e-39
1.23332338805 8.63395383401e-33 1.36531077157e-51
0.062328773386 1.6326453101 1.01308550387e-17
0.0520593825404 1.66048660152e-10 1.81346493283
0.00150426327904 1.09937679907e-11 1.97665618078
0.00388823463156 4.95001062384e-30 1.96319510177
1.19970657712 7.57835041066e-14 5.43613735537e-30
0.21392779481 1.59904120316 1.03565405353e-45
0.094825747801 1.37233923737e-31 1.80102435294
0.00380960437221 2.32361389983 4.86202979308e-68
0.0568010374856 2.03709226575 1.090475001e-13
0.0164523941712 1.42228512692e-35 1.83195062533
1.1476367186 6.46886336597e-31 1.45396222779e-24
0.0163004315309 2.01160630115 1.14381456276e-87
0.0201824204409 4.65146084314e-200 2.08256856704
1.21565726989 2.44126899904e-45 5.62013658479e-41
0.0070627115492 1.86652892552 1.3517802429e-28
0.0830720808035 1.0125116941e-65 1.84679874624
1.17383558076 5.93244383969e-32 2.68296831942e-17
0.0533917477185 1.73299916704 8.79443093771e-52
1.20002486561 6.07196634401e-52 4.38054364491e-45
0.0214502549823 9.25196078697e-61 2.30720675385
0.0975368674304 2.72202761639e-21 2.03048750156
0.0934369078383 2.19801102663 7.93351654103e-35
1.23288698406 1.3455903749e-40 6.88423770343e-15
1.2543826284 3.15053420139e-30 1.09682812386e-28
0.121125555788 2.55536132329e-60 1.81231605435
0.26260197997 1.6773475589 3.30298452834e-34