0.0113305427107 0.0233999052559 0.0388525369035
0.000292178495793 0.0398288163634 0.000773457889427
0.0349346311385 0.0123876194719 0.157330143528
0.00533128335391 0.0319587926207 0.0136517259474
0.00768651956153 0.0263265033187 0.0253550101007
0.0163410012981 0.0202776182678 0.0599234244153
0.00166101088348 0.035925853902 0.00409252757219
0.000568557763087 0.0384268351375 0.0015245359392
0.00112146651728 0.036633771655 0.00292751265696
0.00725506738679 0.0267486524605 0.0240764498873
7.85842113635e-05 0.0445406115153 0.000168542803228
0.027898966143 0.0149282888622 0.117285708249
0.00761184764417 0.0266469156896 0.0239603934308
0.000499266860876 0.0387220111177 0.00135267558267
0.00525274969492 0.0308738018087 0.0139702544048
0.0329098635372 0.0134670158131 0.141646411622
0.000317540973389 0.0396742126117 0.00088322160673
3.10167319286e-05 0.0424704838526 9.53622783872e-05
0.00209741560558 0.034378877735 0.00554560408892
0.00531381677926 0.0290350875372 0.0160913865392
0.0127111078163 0.0236979390418 0.0409122661816
0.0344394429966 0.0127552320766 0.174607046972
0.00157135145734 0.0353959606557 0.00418475760442
0.000160570312515 0.0430549635633 0.000359473408694
0.0029626308345 0.0330546005004 0.00782452162314
0.0181885301932 0.0189502099952 0.0757141057444
0.000621517814736 0.0383571294489 0.001790602787
2.76590805978e-05 0.0446424814014 6.21601658911e-05
0.00676259944895 0.0273853951589 0.0227948927448
0.00920226228369 0.0249255351275 0.0314015856594
1.3313299813e-05 0.0429806609801 2.81999465918e-05
0.0136941029377 0.0216174607666 0.0497761946606
0.000633562937384 0.0386447045573 0.00153349949377
0.00392526689317 0.0322801598465 0.0127996116712
0.00762525338486 0.0266515292011 0.0239611318381
0.000752496090098 0.0402046925605 0.00164879675116
0.000135202328162 0.0449395329301 0.00037022886285
0.00553600042705 0.0287629937461 0.018087626943
0.0322491222651 0.0133539443584 0.160020484088
0.000250618267015 0.0422074131251 0.00066129082311
0.00392290571652 0.0308486602007 0.0121671902692
0.00166982741573 0.0359123357307 0.00507112826217
0.0146868486521 0.0210145256991 0.0580642446234
0.000326023641546 0.0403179511547 0.000746881948117
0.00524584741766 0.0307402787916 0.01776043856
0.0191378059133 0.01850354091 0.081150231932
0.0184076983506 0.0206064601742 0.064068730931
0.00033969512881 0.0395520295343 0.000900143251026
0.00519625431894 0.0290912224033 0.0160083291876
0.000125091952555 0.0413072867473 0.000366086997877
0.00228235551975 0.0337383254262 0.00630816481296
0.000109251386366 0.0449506394667 0.000234795584392
0.010716192292 0.0236637770562 0.0378940708281
0.0193151154086 0.0187129217652 0.0735784536544
0.00319501247383 0.0325440825573 0.0100908976591
0.000170815506048 0.0444863616555 0.000373674604966
0.00781605882617 0.0267644293711 0.0239871165123
0.00270777058529 0.0350701337251 0.00651410202876
0.00440981701829 0.0303718091901 0.0141877264032
0.0244485756689 0.0166657010231 0.113877949638
0.00178981773884 0.0380522790197 0.00525139921962
0.0124632009194 0.0229899835985 0.0420221052622
0.00456855858773 0.0301247113783 0.0147298931639
0.01797293735 0.0191009524352 0.069369770045
0.00900429668365 0.0251718329633 0.0300025413134
0.000374532829303 0.0432946709312 0.000898741389208
0.00495007477309 0.0300547943699 0.0164329195661
0.0082247587654 0.0267484094163 0.0248237593819
0.013425447785 0.0218859973579 0.0479692874026
0.00261487432041 0.0330905300613 0.0079009110425
0.000367375771846 0.0413151472464 0.000795216079064
0.024879220051 0.015686082974 0.111516801581
0.00104128793105 0.0420825667699 0.00265934734322
0.0061986740702 0.0284845066761 0.0211951076646
0.0222953576486 0.0168191542033 0.0968829087125
0.000142239832781 0.0430348342088 0.000317064911691
0.00299413128411 0.0325063015906 0.00833294710343
0.030954419596 0.0136849911039 0.135205836371
3.51343718637e-05 0.0442955388408 7.49982415715e-05
0.0108239440802 0.0252751825597 0.0332806185828
0.0269318039983 0.0148095140656 0.118843034627
0.0028827902214 0.0326495852825 0.00882274022373
0.0012749941498 0.0374244608859 0.00298273188091
0.00203045256278 0.0343419315063 0.00548927734431
0.0128880515336 0.0229040701581 0.0510381053804
0.0289120985185 0.0143702399774 0.124527520801
0.00212898870796 0.0348914458389 0.00534631674446
0.000305807371563 0.0399839812019 0.000885562917008
0.0104137726795 0.0250195650869 0.0326787092867
0.00551140693676 0.0288567799383 0.0166143689846
0.00625878318506 0.0282629880317 0.0186647151035
0.00160051066421 0.0388758873247 0.00358512272778
0.0204722637336 0.0192840387252 0.0741618289968
0.000931950153368 0.0448446037583 0.00235421725285
0.0135929647681 0.0216024438847 0.0501829177591
0.00221884733663 0.0408184634897 0.00516257161978
0.00298120299356 0.0323110836113 0.00886405305893
0.00629052937295 0.0279580960555 0.0193414981656
0.0225041135148 0.016861900892 0.0919468352715
0.0172447178629 0.0194998957763 0.065887675152
0.00130159302012 0.0364735439595 0.00388722493582
0.0121814204411 0.024171406868 0.0386375519325
0.00621998320149 0.0308551865366 0.0163562447149
0.0143391627221 0.0218617381849 0.0581164685745
0.00076041673521 0.03791170691 0.00192296596412
0.000116157233289 0.043464160155 0.00027625616754
0.00261071513672 0.0331419079401 0.00792511235177
0.00790360545027 0.0267736562644 0.0241301675461
0.00338271420742 0.031756613067 0.0104476588421
0.000317190734216 0.0401487460977 0.000924389195648
0.0014439868973 0.0361392529561 0.00433536727981
0.00501090586018 0.029845581966 0.0143225419684
0.000412413952292 0.0392170017847 0.00106955126125
0.0134274081797 0.0236012858418 0.0430469445351
0.0268534245656 0.0149825562756 0.11550458806
0.000298526197621 0.0424787160092 0.000657404716138
0.000489340155793 0.0387651270983 0.00133788565533
0.000225483290637 0.0432132411476 0.000514379109527
0.00357610869486 0.0341915754643 0.00871561397892
0.0345014272659 0.0122116737846 0.169968141203
0.00752058988634 0.0272252996853 0.022620970789
0.00755561838418 0.0265075486054 0.0244625408609
0.000524785348896 0.0396067711514 0.00153012842418
0.0 0.0433618155533 0.0
0.0127209916275 0.0222602406565 0.0482752680617
0.00206398177389 0.0359054047579 0.0063290407379
0.0038071111328 0.0309764434165 0.0113868569068
0.0145246854689 0.0213486873884 0.051882914387
0.00177505245771 0.0507877616643 0.00411764088582
0.0153368709159 0.0205246632656 0.0577611031692
5.84062858095e-06 0.042690191462 2.23828070199e-05
0.00172237348088 0.0351259679309 0.00454390032138
0.00636303721654 0.0281212340994 0.0190733571006
0.000311856455555 0.0417645126969 0.000674268586593
0.00377934217727 0.0312379656408 0.0107750622238
8.67339509919e-05 0.0456349875763 0.000212471224441
0.0136594445979 0.0216232494021 0.0497644630485
0.0337014387598 0.0127893228664 0.150233466553