0.00808535884528 0.0016106946832 0.0304349936049
1.8157964027e-06 0.00788706824767 0.00195012594083
3.85681068046e-05 0.0104713758144 7.04988031053e-05
0.00308047375857 0.00312581164231 0.0177470900062
7.14141530391e-05 0.00688402302889 0.00359791824318
4.45561566832e-05 0.00901328217484 0.00073640330826
0.000122636607807 0.00637737361531 0.00477840016659
2.99284178503e-05 0.00952360095844 0.00040643133416
9.58026180509e-05 0.00926306942688 0.000559648955408
0.0075440583944 0.00152121271605 0.0318527293642
0.000156841349429 0.00974576105278 0.000287298344857
1.15496894551e-06 0.00856862123309 0.0011244451473
0.000215478323243 0.00704165989536 0.00322103918156
0.00103177415238 0.00599230748596 0.00558518381046
0.000170986209248 0.00946784553729 0.000436982476994
5.12730504152e-06 0.00860733639259 0.00109282245108
0.000327503797807 0.0111210464031 8.33598702027e-07
0.00168837385722 0.00418473957897 0.0119195222994
0.0103261306857 0.00156386829742 0.0316516942168
0.000247239835819 0.00702444222739 0.00325466898315
2.36771557425e-06 0.00790354874075 0.00189316386716
1.10327966578e-05 0.011113376299 3.79557571167e-06
0.00034471904519 0.0107227515419 1.58613702785e-05
0.0012116267373 0.00588663111655 0.00590060069544
1.69788650572e-06 0.0101865594766 0.000160607809668
8.39571470524e-06 0.00891258108797 0.000815710600015
0.00209300998821 0.00456113052427 0.0101821494331
1.83179952124e-06 0.00968824033183 0.000345180747211
0.00985560030082 0.00125963044642 0.0349435169233
0.000142361956878 0.0105861208446 3.80933856449e-05
0.000845516850822 0.00551917903459 0.00683385569852
7.86137590292e-05 0.00981566334555 0.000259483547436
3.18764099963e-05 0.00936015302933 0.000498019760625
7.29597425245e-07 0.0103847297119 0.000110753419538
0.000258084257097 0.00682120448874 0.00363746374329
3.56764001695e-08 0.00826671558225 0.00143962816955
0.0017702844726 0.00430001852578 0.0113034369337
0.00858171843502 0.00151559687698 0.0315697080676
1.94443080167e-05 0.00798469669422 0.00177397266857
0.00020396706709 0.00724348142667 0.00287255058516
0.000559794718523 0.0109432023958 1.28839810435e-06
0.000109524156541 0.0096669997341 0.000324808048033
0.000650666801067 0.00584635023638 0.00590151056312
2.52003312706e-05 0.0091098303789 0.000663582182599
0.000410467394092 0.0111985887806 4.0779872613e-06
0.00200266951036 0.00436978006445 0.0109485176174
0.000174668808278 0.010482564572 5.34381707779e-05
0.000133147588386 0.0074638001759 0.0025120425424
0.000455712836673 0.0062900423444 0.00478006721544
0.00112877802324 0.0048578220205 0.00910193451915
0.00735987563835 0.00166632404287 0.0299077534774
0.000226545729176 0.0110878322281 3.32780808345e-08
0.000101182061896 0.00809474451377 0.00167167119334
0.000225020746096 0.00933851316933 0.000531931815751
3.03556117523e-07 0.00944998142747 0.000469035593625
0.00587969142898 0.00182009140826 0.029102153224
8.09453561485e-06 0.00714455088445 0.00319271928615
0.000122323917467 0.00807481039776 0.0017047964643
0.000617734459878 0.0103603722079 8.69672532251e-05
0.000935239158648 0.00540576316026 0.00717791950514
2.47770792865e-05 0.0108526092816 5.19113065284e-05
0.000161034448979 0.00922414677935 0.000599377951045
0.00260679138226 0.00402032435448 0.0125226967684
0.00041460804507 0.00967718001239 0.000354076950029
0.00756749924011 0.00156630710641 0.031164153795
0.000207931197384 0.0102933844948 9.27511169533e-05
0.00296025525948 0.00389486858439 0.0131505443689
6.31031712583e-05 0.0110471185395 2.32960121443e-06
9.34368451595e-05 0.007753016187 0.00208946718245
1.58034034523e-07 0.00884323477494 0.000881244168736
0.00015389105146 0.00630897458962 0.00491520833419
0.000292181815114 0.00959741315005 0.000378065150394
0.00147165120353 0.0058231191778 0.00616037834897
0.00620017054975 0.00206071893479 0.0257480300815
2.67959175501e-05 0.0106904705841 3.72305078595e-05
1.47750237991e-06 0.00864983492153 0.00104429110431
0.000638355317228 0.00573271445642 0.00622969997183
4.21304994074e-05 0.00696658350875 0.00346741544279
0.00356034454178 0.00337143012787 0.0159389825249
0.000563569050576 0.00974428711188 0.000346772717274
8.3873632669e-06 0.0104242215644 0.000122666239629
0.00711458278485 0.00172963068023 0.0292022973386
8.3838882717e-05 0.00955859647983 0.000380790869654
0.000122996604326 0.0112742995327 2.70247047029e-06
0.00143075159878 0.00470814440273 0.00960646903753
0.000256535360866 0.0100146121305 0.000178038901271
1.76541044397e-05 0.00824776760544 0.00146233457537
0.0032771489653 0.00338324429417 0.0158838586848
0.000570672607924 0.00656673603662 0.00419133206855
1.17252556602e-07 0.00842262238199 0.00126865319587
0.00765266759202 0.00129487897004 0.0363545391806
0.000190010142045 0.00703342589473 0.00323581021128
7.8853556323e-06 0.00995510374951 0.000227977625283
0.00065429238456 0.00586086001066 0.00586099902698
2.48353537051e-09 0.0087450456483 0.000961483550725
0.000232841295247 0.00939069117066 0.000497489470006
3.11612212219e-05 0.0106393274483 9.23910129498e-05
0.00160075872225 0.0043963939304 0.0109132021539
0.00486152840196 0.00234818391329 0.0234150782058
7.72998627709e-06 0.0090725366836 0.000694749738669
0.000276373643949 0.00601639622041 0.00560667211958
0.000142454885038 0.00685216083933 0.00360229131537
0.000187122104373 0.0104073738834 6.74939953018e-05
2.81769919253e-07 0.0105222831502 8.23528741189e-05
0.00209368221273 0.00394081439633 0.0130083802971
7.67143429181e-05 0.00897796766632 0.000771599290095
8.05409518633e-05 0.00807848366266 0.00168017360595
0.00019682255334 0.0105913062085 3.47464954841e-05
0.00544244215447 0.00227012851097 0.0238871919943
9.76521255872e-06 0.00800417180967 0.00180663366063
0.00113744623157 0.00516637142826 0.00794564238288
2.75119117707e-05 0.0102526432896 0.000123929625592
8.31816618515e-05 0.00718723157721 0.00297828647133
9.15800321924e-05 0.00996112535495 0.000201083374543
5.73338353579e-06 0.00889539326715 0.000830344827964
0.000137980780982 0.00937229286865 0.000492527042824
0.00254890481639 0.00332555695681 0.0166986359601
0.000224464680135 0.0103165566825 8.66950069412e-05
0.00781758739667 0.00146137453832 0.0325800617069
4.28291811164e-06 0.0109727053379 2.51644445173e-05
0.000194777654181 0.00997844503543 0.000190294399749
0.00144600400845 0.00452227213965 0.0104004679022
3.39531298165e-06 0.00862033057895 0.0010719235527
4.51528798065e-07 0.00803568874352 0.00172088010533
0.000314403934162 0.00695160229966 0.00339627688135
0.000507136588826 0.0104662587814 5.63682046322e-05
0.000646834864601 0.00560019957991 0.00663341770225
0.00848361366691 0.00166755421035 0.0298331316616
2.17842842275e-05 0.00756036149239 0.00238029339831
0.00118217944845 0.00486302987859 0.00905749548544
0.00432490966284 0.00301446589961 0.018159719761
0.000350134259309 0.00998066097326 0.000196212460091
1.968087011e-05 0.00928349407702 0.000548139528733
8.82045549902e-06 0.0088793168152 0.000867879681287
2.45555108028e-05 0.0114749059792 9.69323772339e-07
0.00524686813662 0.00296068209448 0.0187064500085
4.54363655457e-05 0.00724708758981 0.00289630536744
8.90866305371e-05 0.00969985485008 0.000309938798714
0.00128012165244 0.00515559782189 0.00797747951509
3.04694506773e-05 0.0077986323694 0.00201984383345
0.00339740606721 0.00242723156093 0.0260426184166
3.56521181369e-07 0.00869652986659 0.00100594086733
9.31203118789e-05 0.0111260767649 8.49370925571e-08
0.000147099580208 0.00677063656074 0.00377317665435
3.55906872914e-05 0.00998382637461 0.000203534108575
0.00016074878063 0.0109092307253 4.9861216587e-06
1.58486444668e-05 0.00814791783461 0.00157491211029
0.00915566961382 0.00193670764735 0.0276824667124
1.00744649421e-07 0.0110902937421 9.34528174685e-06
3.33905893879e-05 0.00863074311247 0.00107444630803
9.93303567027e-05 0.00913366015694 0.000653241494256
5.0063567688e-05 0.0101062917322 0.000159147449256
0.00128693074655 0.00489576449443 0.00889930944434
0.000815211446046 0.006102550505 0.00526304796128
0.00135565524365 0.00506400657872 0.00828793799534
0.000266459023029 0.0101526306115 0.000131563378638
0.00430745689059 0.00242510302674 0.0231258252796
2.3667616742e-05 0.00889016180449 0.000833460077446
1.29789760281e-05 0.0115118672253 5.19120161286e-06
0.000199339405995 0.00702127577286 0.00325785249113
0.000167277277206 0.00961555545006 0.000352592607002
0.00678812835438 0.00175005852458 0.0291113541416
3.44960650094e-06 0.0102936815988 0.00012821814124
0.000180314833992 0.00759943163899 0.00232751104499
2.03424172924e-07 0.0104823628601 9.54416565692e-05
6.86830366227e-06 0.0110858408981 5.92156588634e-06
1.947829558e-05 0.0088921716834 0.000831468001789
0.000326797313434 0.00931371652647 0.000580060103491
5.62200490941e-06 0.00821051372155 0.00152116305652
0.00331318780232 0.00308732807774 0.0178774942764
0.000631610776991 0.00597883575722 0.00554648987731
0.00655198732985 0.00203226446338 0.0259756358138
0.000155116623893 0.010344834978 8.2656386643e-05
0.000399035920209 0.00685824426574 0.00358543956939
1.85291043108e-05 0.00965261540176 0.000346396129496
0.00296516841941 0.00378301244792 0.0136926309738
5.55225186331e-05 0.00772927423882 0.002115371468
0.00099549718828 0.00504321877062 0.00842931093693
1.23686083978e-06 0.00867480344063 0.00102143339976
0.000412855324727 0.00683592613595 0.00363012326095
9.78639286319e-06 0.00880372490294 0.000905880585949
2.93317829119e-05 0.00787323706028 0.00191858250314
0.00144963657091 0.00472103815831 0.00955022010445
0.000190116154124 0.0111974313309 1.60370702131e-06
6.27260833874e-05 0.00904398507426 0.000715168186077
0.000555280244653 0.0102676714865 0.000109719052375
0.00624244019853 0.00221897183392 0.024246072963
0.000177655978945 0.00977946709045 0.000272296232708
0.0117338399409 0.0010657805359 0.0380699544045
0.000131588681823 0.00770912430809 0.00216025059214
0.00202813110896 0.00421544424966 0.0116371096734
0.000116902133505 0.0111993757277 5.73129857953e-07
0.000264525318454 0.00997710113883 0.000192446807742
0.000658632248057 0.00567222230829 0.00640538277395
2.06776525053e-05 0.00961016969956 0.000365782376568
6.12073698672e-06 0.00835263688009 0.00134444130526
0.000293482410592 0.00632419561116 0.00473775847407
0.00527366576787 0.00223731837768 0.0243004484826
0.000171076015913 0.00655792450549 0.00424206991603
0.00133948133173 0.00501525763959 0.00845673659414
5.7624191195e-06 0.00926696497909 0.000565797394145
9.11137843299e-06 0.0103635369263 0.00010553403797
0.003680362758 0.00307153843864 0.0178335451844
8.76060633547e-05 0.010700778752 2.68199747894e-05
5.31847035194e-05 0.00828601932598 0.0014391193288
0.00588880527981 0.00193679346645 0.0273625146344
0.000250233981376 0.0105419830554 4.08110945551e-05
0.000168418170465 0.00722553622327 0.00289773382541
4.73933334218e-06 0.00824811134153 0.00145831218071
0.00278102436792 0.00378086575421 0.0136994937247
0.000222019647859 0.00682714567445 0.00362863420264
3.30483827135e-05 0.00904270935776 0.000712774237416
3.84445085684e-05 0.00962705725315 0.000351690790806
0.0052480015716 0.00232349356908 0.0234454316499
0.000357051132515 0.00747990643514 0.00256863249397
5.31586711944e-06 0.00843103923922 0.00126281910112
0.000422407405619 0.00569503545718 0.00647820346901
0.000167441250839 0.0105638296634 4.01153326268e-05
0.00220834713791 0.00451471192694 0.0103815034688
4.97883014948e-05 0.00973483100178 0.000298882430406
7.55070468398e-05 0.00935952871002 0.00049542341625
2.77959474051e-06 0.00894208985363 0.000811097320761
0.00683974822363 0.00172298482457 0.0294413351247
2.21091482447e-05 0.00879974848969 0.000910757719631
0.00107616932464 0.0048104731195 0.00933142757672
0.000225497046927 0.0107429159883 1.5569105443e-05
0.000185048968206 0.00928470959621 0.000560828925179
0.000348466031822 0.0101832783026 0.00012421131456
2.97460235592e-05 0.00997440927805 0.000208849266729
0.000540605870793 0.00663133192306 0.0040546597188
0.00188285632265 0.00396539001586 0.0129976797174
0.00472986483213 0.00221401680899 0.0251370881205
1.87310970914e-06 0.0076511403967 0.00227559058501
0.00261741839002 0.00386481899702 0.0132776301834
1.50202813575e-05 0.00886005337807 0.000858034379516
0.000114085303262 0.0099475757323 0.00020409182789
0.000857022503571 0.00553123492402 0.00679535516079
0.000176587566248 0.0103553133125 7.9190736608e-05
4.42157928429e-05 0.0105649139611 5.23014221285e-05
0.00883418241184 0.00126456719577 0.035123706623
0.00186416781252 0.00434270521143 0.0110819031693
0.00029732607306 0.00730707823109 0.0027978835168
0.000166489543002 0.0111086372504 1.18247518349e-08
2.53382075905e-07 0.00878263897694 0.000927976757843
0.000755004142758 0.00622160253195 0.00497458172224
7.95002961229e-05 0.0092223253135 0.000585877914653
5.54002615871e-05 0.0097588682912 0.000287187366399
6.2077400083e-05 0.0101792067231 0.000134984223279
0.00671539756433 0.00159867626868 0.0315468097878
5.49124665511e-08 0.00848945593997 0.00120001022219
0.000660635200788 0.00583493486589 0.00593199856653
9.21369199782e-05 0.00716160499612 0.0030209371607
0.000482141876626 0.0105403137237 4.15054935019e-05
4.62872525262e-05 0.0096291061793 0.000348971174164
7.71236849124e-05 0.0102475182789 0.000113825413997
5.63659512968e-05 0.00796162384482 0.00180967937026
0.00222250499983 0.0044803140187 0.0105169935826
0.00574810475357 0.00201698946324 0.0264673464749
0.000297864621575 0.00942449745714 0.000489731885302
0.00230646401258 0.00386841298108 0.0133188083829
0.00150011413525 0.00493631425775 0.00873683322449
3.43638246886e-06 0.0108012088318 3.23181828774e-05
8.43700944371e-05 0.00732852727034 0.00272953530704
3.60286286492e-06 0.00797751248016 0.00179024979441
7.81465030234e-06 0.0085969746347 0.00110490990089