0.33108699256 2.40381257976
0.0290961369864 3.45485550161
0.521097683822 1.98118117762
0.129401339369 2.91374222463
0.000381837919723 4.0368150323
0.177713258244 2.80136556469
0.0100315457444 4.03131142287
0.738634157027 2.20718139487
0.0364729409724 3.48868533891
0.234255890995 3.01901735817
0.669074451186 2.27704455309
0.409241904624 2.63381852819
0.0412278991753 3.61342677129
0.200141426041 3.07095121684
0.0262697992154 3.8282524743
0.0111991770839 4.02737959929
0.684097522532 2.21905389627
0.425173843964 2.59499877653
0.00302042620622 4.20373931272
0.0423667011641 3.71300721225
0.000942247748627 3.54766219381
0.0535898550814 3.00561492832
0.219822264463 2.37773553402
0.098844027519 2.78720746344
0.881571051039 1.50640269873
0.506409335935 1.88276699681
0.880755556387 1.91836658217
0.265422870746 2.66677921026
0.858438875898 1.94020751101
0.023908381206 3.66764458838
0.0812491173457 3.27625561323
0.000479886498585 4.26130185869
0.653739283554 1.85636390234
0.189979039222 2.81278416334
0.00425206778717 4.53373491503
0.0342983314748 3.86165740518
0.0936067615272 3.34147165952
0.738696157698 1.80483299692
0.00956474670898 4.23773381656
0.0294500527987 3.79525895602
0.345900198986 2.5651986473
0.833552340845 1.86625106841
0.106041796116 3.39806651285
0.0204684362788 3.78829176771
0.0780164902115 3.19180149596
0.000392881459154 4.32371806489
0.533363926971 2.23075070021
0.836362583693 2.05348336298
0.93564456062 1.68310520828
0.0320335550001 3.63347287947
0.00816703496119 3.96748457854
0.348785799937 2.42787971303
0.191574920701 2.80081040918
0.257224977668 3.00653827082
0.00356022910264 3.89975863018
0.0533244474609 3.53910436603
0.540168787807 2.42918855609
0.989098814074 1.97932338883
0.473223330846 2.28325135514
0.164126412683 2.94880067686
0.0202313703115 3.52192638807
0.974588377932 2.02549194118
0.0060637474814 3.83645906437
0.673358014769 2.1645735713
0.165366207718 3.13721167655
0.517074314127 2.20434109435
0.00477299390259 4.1659649216
0.0164340948384 3.98415294351
0.699318434717 1.94783885219
0.437292622395 2.3752931602
0.0409433151627 3.48475365823
0.0134347509941 3.88325010477
0.323347893389 2.64920267375
0.0948584746596 3.26059423366
0.135744921897 3.0980739129
0.00847481226798 3.98789683995
0.595158819157 2.21902161718
0.73062076466 2.08033211125
0.45959132357 2.44685641406
0.114735108434 3.20500485337
0.991179660295 1.88343651944
0.00608739101135 4.02001999214
0.10897400479 3.08167070617
0.529822663997 2.15633634575
0.000330202385584 4.30218411368
0.0363271331899 3.52995149879
0.18895238461 2.85657894082
0.946270651871 1.59483019244
0.379020655965 2.24717421267
0.0509800670062 3.5184251632
0.204177178105 2.70344151378
0.0230571564632 3.92096548825
0.00173438819403 4.31283058541
0.997233729366 1.9096928566
0.0518192483602 3.51089108256
0.673531740962 2.14206677946
0.170601183844 3.21914923706
0.016420729768 4.11858590771
0.00160839345191 4.4515355859
0.103551646294 3.29591660768
0.504381078568 2.30904506619
0.0154487332953 3.91342196275
0.858783348052 2.07199290913
0.412175107132 2.15751320383
0.034846927926 3.11641225664
0.00808748794236 3.72804010003
0.660458869079 1.89376251746
0.340014841832 2.44174425117
0.0202303350456 3.48822928163
0.95978427736 1.80413435067
0.071321209922 3.26835426886
0.000234981544725 3.96404863082
0.803625071156 1.88245148674
0.432598487667 2.37241556872
0.926797174058 2.14001021685
0.375881024107 2.4377629273
0.00620461596297 3.68775436684
0.232484474375 2.72767820214
0.0417517621697 3.4510722622
0.0121457815221 3.63552256071
0.325936327474 2.58007505745
0.0426891406427 3.28697747124
0.0102605418367 3.83220894558
0.777764404169 1.79275965109
0.376580973067 2.49540694386
0.865716415793 1.80578244528
0.258057746902 2.5381928
0.0556924908024 3.14264634756
0.00373980027242 3.89594796803
0.425850975557 2.20597501284
0.359601539964 2.34851770845
0.0345435814201 3.4065022691
0.0954794326782 3.08628223269
0.00401956972353 4.13051116604
0.771314257301 1.68920805987
0.170706620737 2.82686250451
0.991988968392 1.69574030209
0.206817205182 2.80183653373
0.309306346271 2.52978231657
0.024486768795 3.72353445819
0.000957824110319 4.41680184856
0.060565169356 3.32292266079
0.730442501711 1.90952195372
0.0123888387376 3.88517082351
0.00551940588585 3.94164416436
0.183910066051 3.07008566145
0.232118509132 2.93607155887
0.661524874095 2.06898241993
0.0908526800508 3.43124432721
0.522089675762 2.24759239879
0.847715800833 1.94884562538
0.736403265764 2.06853213496
0.316642077758 2.63072758643
0.0362937835595 3.63178635008
0.273254682452 2.74783488578
0.0672809812671 3.34846548108
0.000640409408251 4.40831455731
0.146163324215 3.14387206448
0.745368346416 2.08816977445
0.0385238042175 3.56527696953
0.0674706913345 3.41063442378
0.0029645072588 4.29754637037
0.442412595959 2.50107444365
0.00696576940703 4.14876400049
0.103453691378 3.29610431652
0.940797047716 1.91522106065
0.00708891338757 4.19051411312
0.00157115502296 4.30045934725
0.0562121149866 3.65036426279
0.447945860923 2.56417831541
0.722878630845 2.15925616587
0.00376355850766 3.62305971176
0.837583464869 2.08931963049
0.394336679798 2.57778960233
0.32391297754 2.70851633199
0.0470476155552 3.4654273074