0.982087034419 0.000493693150815
0.979007325115 0.00244948998866
0.018329190454 0.988589988257
0.970409099585 0.0157744704915
0.980239487894 0.00143575797147
0.0382560130636 0.96607289429
0.980316882287 0.00064312897642
0.974235828357 0.0077406205933
0.982121669833 0.00305311734127
0.978158130304 0.00356965432736
0.0064601825306 0.978912868609
0.0118710198632 0.973049779729
0.984644539091 0.00329966560793
0.972986235113 0.00996640467871
0.00553578181423 0.980412004229
0.984887454993 0.00609927445952
0.0255712790811 0.968104882901
0.00238380826227 0.978979311386
0.00527995251068 0.975793472581
0.983413959696 0.00520748612365
0.969420360562 0.0187210354345
0.00085385663735 0.982869361735
0.976651970093 0.0101657153134
0.0079255696723 0.981884179621
0.00830545348613 0.978502456325
0.00670069285704 0.982862098366
0.0144909865901 0.975135892223
0.970721015964 0.0161836163648
0.00936394903108 0.979651483829
0.0117376249581 0.973720494302
0.0269803709786 0.966870627598
0.974124060453 0.0104211183773
0.969446062301 0.018018159339
0.979164447654 0.00121923571676
0.00696329048365 0.979403755581
0.974330086621 0.0105678918457
0.982246053236 0.00341228374233
0.0234853312543 0.967390864669
0.00310140573989 0.98495049908
0.976814123388 0.00371467570464
0.0105231178902 0.978682844556
0.0045297438886 0.981219829183
0.00821267859044 0.978657838382
0.0112094922214 0.981498002042
0.974248832219 0.00801511291085
0.00713404742017 0.980807196409
0.9743832802 0.0101971986102
0.0139767673003 0.977922205786
0.00816860977801 0.986427806242
0.0165334357135 0.972140228877
0.974269194768 0.00892239477496
0.982371027285 0.000483839664541
0.00216946728822 0.982582916428
0.0086597408744 0.974079261981
0.00042524074958 0.983033835478
0.0175006347976 0.970906964385
0.00664139305766 0.982041168503
0.977892444727 0.00228562692633
0.00303327155253 0.984446393463
0.979994878144 0.00173425347434
0.0139002677392 0.975084766205
0.00756928529397 0.985434688424
0.00418454890796 0.985750791374
0.0173435858604 0.97655260689
0.00580561167856 0.981717573296
0.00627263229744 0.986708378138
0.964121748114 0.0307887404276
0.975686161908 0.0272935616023
0.00477128021942 0.976591046274
0.00729692053098 0.975648718038
0.00368944226371 0.982131786262
0.983592024743 0.00206733228976
0.973159931642 0.0151741934404
0.977166937458 0.00849325655861
0.97750370149 0.00465801065304
0.955949384666 0.0531267513927
0.987445755048 0.00890389121769
0.00935210869764 0.982126379293
0.0232870878433 0.967820489892
0.000335530515601 0.980826395451
0.00229218737637 0.97894903177
0.00624360449337 0.97567709023
0.00073693044268 0.983163641126
0.00273606950307 0.978852272961
0.978651228655 0.00175565717087
0.980422845351 0.00115169244006
0.972054384276 0.0123635820525
0.00442421055251 0.976698901166
0.000742710055294 0.981794823026
0.00351449734869 0.977459783487
0.972850912635 0.0129344322549
0.982401392815 0.000603985188271
0.979830406542 0.00233770629918
0.982143127616 0.00037865120746
0.982576291653 0.00387886455373
0.979719130964 0.00317926921025
0.982400496037 0.00694865120951
0.00941140107823 0.973640841111
0.981150838534 0.000810026769253
0.975728085312 0.00655585455961
0.981314469257 0.0010773451017
0.978814339754 0.00189807092804
0.979083168918 0.00199346770045
0.00135133452596 0.979189261626
0.00845097381503 0.974111129882
0.00028158878374 0.982048184288
0.000940566801293 0.979799191465
0.98270952502 0.00099218533558
0.00101252900848 0.980239403005
0.979856316844 0.00880878188892
0.984561053262 0.00576876225574
0.012836522437 0.972794908576
0.00297942498328 0.977348157444
0.00135917818131 0.981786147647
0.976166776999 0.0106904156325
0.985776343026 0.00816575729726
0.969550062219 0.0206565268718
0.975124311127 0.00636788023637
0.977371005279 0.00601285618669
0.984626909977 0.00420842103545
0.00213164769735 0.978979641819
0.0151339290247 0.970909489044
0.0209624226 0.97631926554
0.025300876514 0.970645356291
0.0221899589319 0.971964052995
0.981756204974 0.00293701135136
0.969809277817 0.0180560646779
0.00272579551476 0.977533505635
0.00024901788706 0.981307177479
0.00608133412674 0.975541226526
0.000113392936172 0.982151365789
0.00044233927418 0.980830997538
0.975785493427 0.00505850035444
0.981288889974 0.000311687006991
0.00554095397446 0.978905303481
0.00872662940603 0.982598005167
0.0129175709146 0.977179650175
0.00598727321041 0.98202977409
0.979242176573 0.00503839324307
0.974119449952 0.00866123851229
0.979756853973 0.00268085285975
0.973592659849 0.00920720618288
0.0111678998408 0.979583157042
0.0188410337171 0.971725291812
0.0302162979087 0.964521745486
0.00527309577548 0.98016836837
0.0134406520094 0.971604953313
0.00950508013943 0.974944633106
0.00473052064599 0.984092680561
0.987829502994 0.0164292250545
0.963254546026 0.0353247702856
0.976390361068 0.00581866271709
0.00457209773532 0.984598831463
0.962161275308 0.0384829405856
0.976135494815 0.0210697608894
0.0179192667516 0.969436076066
0.982889941157 0.00362192557909
0.977081140651 0.00818977498506
0.97359532886 0.0166404920445
0.981179779111 0.00866816497893
0.00600739789031 0.975367003487
0.00453729458698 0.981168831566
0.977372561677 0.00588436029025
0.977554268117 0.0159067359249
0.00100485758178 0.981107584384
0.00558125956845 0.976999465632