0.854888402749 0.369403979349
0.125659164683 1.94607233005
0.0640988142684 2.23178952827
0.266259813184 1.51029537046
0.642098300228 0.626505491072
0.00343060668407 3.32457979849
0.022856642441 2.83944693358
0.26487542876 1.4443149648
0.00322973821112 3.27090519184
0.848905097048 0.398268782995
0.0704238018511 2.28746233576
0.0231860879573 2.65524130722
0.643671067567 0.6210471418
0.00589494976241 3.20576956728
0.0916829336578 2.06049845406
0.0721769902841 2.17959969045
0.0233823208527 2.72316404725
0.238023644974 1.46419246824
0.462142209902 0.895943265609
0.65959485019 0.481963068123
0.846542420555 0.303516220816
0.249038976592 1.20521050445
0.0048144030931 3.08234515644
0.0599905900372 2.12396151141
0.0209001654886 2.47201139608
0.854627232768 0.253176530021
0.630312484169 0.621614976133
0.0153785120225 2.79599202551
0.844383442881 0.380172998483
0.456139362186 0.956350009499
0.0268456177232 2.59061387622
0.867793922377 0.36157215595
0.0703800788113 2.19975295327
0.26519099922 1.49806823912
0.0133044157867 2.85848205762
0.861746243572 0.316600097364
0.253623286394 1.57906493699
0.0480255244423 2.42846220012
0.0304103180256 2.6116259038
0.842854249982 0.362503385947
0.0130870314505 3.11936790577
0.653870762655 0.669275501593
0.851486905503 0.317673692735
0.287927807564 1.31790918368
0.655034336511 0.655560341298
0.0547629140194 2.25451748121
0.0214895149672 2.6103491821
0.000811021425066 3.46674625355
0.245247710899 1.43538563765
0.442892398337 0.940342849676
0.644646693501 0.682350031706
0.218248740938 1.73895597763
0.273995078132 1.57133608999
0.0152808913512 3.003833588
0.0426603477697 2.53796115269
0.832715070398 0.445448825499
0.00347249010852 3.53545222141
0.857196286819 0.338370455701
0.44790027687 1.01321771043
0.088426719435 2.15720672921
0.0169944033994 2.82369997776
0.0435401283793 2.41916585461
0.00913750525344 3.07896180932
0.236664507383 1.56189612662
0.648033447712 0.648667658411
0.274220064272 1.49377849459
0.0203381836041 2.86702614099
0.0688496073874 2.12672370794
0.00234140889746 3.53502603046
0.848844025891 0.38079145154
0.852291355749 0.378850135741
0.0516910456493 2.55916053723
0.846225022952 0.435631760517
0.271740154053 1.29578190579
0.644735892831 0.657550151957
0.0331664415005 2.40748686931
0.078582641646 2.1201378301
0.0202250031874 2.61274462453
0.00424180341785 3.12703538476
0.849859351864 0.149554507496
0.449022634004 0.852699771005
0.440190778849 0.903332371073
0.0106584593296 3.00891994939
0.0223882164664 2.67309229848
0.238812436533 1.618989766
0.0828218734286 2.23698645026
0.83772045907 0.167133205025
0.04786404357 2.45226237684
0.0291275536823 2.65059813799
0.445149220145 1.04895134178
0.0511714701278 2.42586367882
0.235782390956 1.68110053331
0.843177696484 0.225788728141
0.00495351495247 3.21724628551
0.858991008035 0.264191201146
0.853741301246 0.246765914756
0.0701852001029 2.23039998048
0.241006033774 1.57995424841
0.0304945438494 2.58449701936
0.0095649419409 3.23953330318
0.448049687468 0.969828636559
0.630114494702 0.636932190464
0.851411059598 0.321568164179
0.457888323154 0.956562028439
0.0588417833387 2.3419046497
0.0706461051394 2.27775908583
0.0171680120072 2.87446095227
0.225198681361 1.66259524974
0.85217917456 0.457717905178
0.248897076666 1.62969109009
0.0301442117999 2.51689902547
0.00714621192246 2.90317548798
0.0442494983947 2.41416556216
0.437449686385 1.10949257706
0.66508618686 0.695815451257
0.847617920819 0.27101459289
0.0835243016476 1.97353361262
0.273187228283 1.33866407949
0.0211640718516 2.68390002732
0.0022149424641 3.28199431716
0.64721037783 0.608278047159
0.442024097799 0.991063496083
0.857806084744 0.457220069739
0.0465209442279 2.38729583237
0.0846327628897 2.12029469651
0.00239855982508 3.56864700068
0.0156610598637 3.14798347328
0.853704258357 0.308586814259
0.0738660090498 2.06661707839
0.438173465161 1.01769110524
0.651452448708 0.557094917985
0.0229135512908 2.90905172092
0.00981890985149 3.2029469582
0.0859762304442 2.10331625037
0.24043739388 1.58351997176
0.860329561432 0.47344699561
0.020664213546 2.67394287587
0.651528893241 0.725144018188
0.471552314756 1.03520388174
0.0168364268057 2.75942623214
0.00518321170367 3.40738720778
0.0774753275735 2.2125638572
0.0138647822944 2.77698722596
0.450031406166 0.885231700913
0.853885854155 0.219149182632
0.20666679193 1.75185381977
0.0743995441468 2.32073881808
0.840892605001 0.234077756076
0.256933911293 1.16349287292
0.0619808212863 1.79627194767
0.861022166364 0.325015159491
0.0198281537428 2.38333955859
0.00191089734631 3.0440875688
0.648153447556 0.567942682415
0.851986806656 0.210339119047
0.451428744627 0.940368663876
0.0390288957798 2.67254085584
0.0272323508718 2.79958616269
0.202390440648 1.73197832738
0.06631523909 2.47912413062
0.00338426378475 3.46144017084
0.247176183322 1.50439505008
0.440650892895 1.0077570118
0.0711920589234 2.14520979599
0.00102130297994 3.49938966339
0.84962925372 0.281237260386
0.00677971203978 3.13873639482
0.835606377554 0.292611158453
0.0300845104016 2.62875662995
0.857700457989 0.312287406655
0.25212187386 1.56702677764
0.430215811308 0.928736802301
0.0549002758203 2.39435434658
0.0260902576593 2.65647688294
0.00448886155293 2.99058801131
0.653257612485 0.557381875859
0.847925878189 0.431493922595
0.00273809257879 3.4996807212
0.0198583225429 2.90172289135
0.25159806287 1.52768980682
0.642072005083 0.646367547327
0.041780832151 2.44227168417
0.0834230733915 2.17415928973
0.00538919377158 3.42619886067
0.0758542652388 2.21947470482
0.2458611618 1.39167389903
0.0191466384514 2.85054749571
0.853061500792 0.366683626799
0.649251468178 0.625806455726
0.00928213812743 2.88059571731
0.093334873186 1.90446114751
0.0258554641951 2.43632439043
0.269362118866 1.25337296686
0.848320892341 0.165671738031
0.0331507136312 2.36654690112
0.845947987748 0.307223612473
0.455473650104 0.913235039763
0.244073585597 1.55391205288
0.0739152618363 2.29406218792
0.0158665598398 2.98941988698
0.0419294601247 2.60214417093
0.00278237335127 3.53172947232
0.843208492245 0.300555804823
0.469230779797 0.93860504981
0.221785646226 1.52551051865
0.0701466284929 2.24800624445
0.00412277154511 3.27125512319
0.0253032955492 2.65752686814
0.0182831751336 2.78270730827