0.0430250372362 1.03948171979
0.15742770207 0.947218836173
1.01768892851 0.0760668440206
1.05513610109 0.0641312904208
0.947288257887 0.152419844265
1.03071789625 0.0712776705545
0.0577524371398 1.03125776193
0.939100031493 0.167313159676
0.116004987184 0.978422829433
1.03706232618 0.050595594433
0.0532024599606 1.03938962228
1.04649406536 0.0526916164808
0.975262222778 0.120051687606
1.02859412031 0.0610363747613
0.0630746124956 1.05195391013
0.0768007659851 1.01771649062
0.14384219272 0.951825772668
1.03368119446 0.0516925618692
0.159497105632 0.943556225935
0.0523751473475 1.03536482759
0.0560499314006 1.03050899862
0.947875845607 0.152535972942
1.03798953231 0.0444483809935
0.959557966731 0.140709348346
1.02705571985 0.0619695481316
0.0561693406736 1.03620400435
1.03667926071 0.0517244071647
0.157064744617 0.951648771647
0.0462097590665 1.03671794799
0.153115380037 0.954645161056
1.04305618791 0.051600857508
0.0573538361908 1.03294124912
0.989008240892 0.106228763407
1.04039020197 0.0527560035353
0.948631590215 0.148651501062
1.03234793118 0.0544378063061
0.0644020207363 1.04765180838
0.154033838503 0.945292904172
0.104259535878 0.99323449887
0.0549273344943 1.03305887063
0.953477560438 0.143196724697
0.155451630484 0.949869789828
0.0580882555528 1.03012398062
1.03385690388 0.0515670090235
1.0414968317 0.0465307466011
1.04072205334 0.0469360693693
0.0536725971397 1.04684345816
0.0467481980417 1.03839504982
0.130816630511 0.965037178683
1.0425051088 0.0491086596692
1.03072241489 0.0592989919123
0.934300379384 0.173108432301
0.049474516926 1.03536799596
0.127682706809 0.968427635026
0.0575325212207 1.03316142773
0.936299574386 0.17087364185
0.0566479538978 1.0338649211
1.03865030964 0.0456950085944
0.056138297064 1.03663721259
1.04247746006 0.0475227692051
0.0500192398612 1.03703725578
1.03896916771 0.0488571175566
0.966270191071 0.128593953553
0.176981200241 0.933945773786
1.03669264886 0.0473604608415
0.960837346438 0.133981973084
0.153141116529 0.94894783369
1.03653534494 0.0481816845453
0.0498942571054 1.03591217304
1.03791547688 0.0432987766246
0.161355653972 0.941315527852
0.963616972517 0.142470146996
1.03818943389 0.0446528329462
0.0572652632856 1.04451554371
0.0735612221406 1.0209090486
0.0420518046849 1.03864715725
1.03486478785 0.0506475973088
0.136453357279 0.959726157194
0.042869781216 1.03837161535
0.935023324286 0.1736444028
0.0445918821127 1.03754423256
1.03942614472 0.0507133696449
0.133206245882 0.960924423161
0.948926000178 0.151634560434
0.0447328652109 1.03735702544
0.0574148450227 1.02981172781
0.951512512226 0.148549285854
0.169917994532 0.937922515908
1.03858761196 0.043928028396
1.03718020958 0.0451854280099
1.03716150793 0.044988415921
0.0456833070633 1.03911555104
1.03725631402 0.0447379145032
0.156929165965 0.942895592729
0.0490370152039 1.03627287494
0.129700128744 0.966618367527
0.0498757169456 1.03442423782
0.0518672890607 1.03406703353
0.0482983458059 1.04371354379
1.03940020046 0.0469473872625
0.959346580357 0.135758841482
1.03726185757 0.0452270379705
1.0372619799 0.0453098019537
0.0594703006518 1.02893752404
0.150380673963 0.950188505328
0.0520411077402 1.04665170364
0.0536649659591 1.03961143143
0.964531651525 0.131042141268
0.0553146379391 1.04882612214
0.967962283365 0.128406229612
1.03716151201 0.047856880022
0.16935905329 0.941499868763
1.03748707177 0.0456220883521
1.03777424938 0.0448366300132
1.03737520221 0.0449732069887
0.124604939576 0.973894771467
1.03675401621 0.0481003583091
0.940312960106 0.16113062922
1.0336488859 0.0512949904197
0.0505707695065 1.04219504088
0.148619813039 0.950231766067
0.0438480850524 1.03802564242
0.141681736631 0.957996232826
1.03807325453 0.0439447294167
0.943512221283 0.163166008806
0.0446824130157 1.03714935411
1.03207155496 0.0533462610442
0.956941142484 0.138753455188
0.174397923418 0.934086747025
0.0485105528791 1.04404396762
1.03972085259 0.0510357103817
1.03179004506 0.0542769164072
1.03874740404 0.0428485834753
0.143388504939 0.961113205641
0.992061017719 0.101378014015
1.03915586742 0.0434366370346
0.111457608159 0.988890525958
0.0632631787552 1.04667063977
0.0616374947051 1.05317740151
0.0461205301607 1.04114861675
0.153298802741 0.951951330259
1.03887232865 0.0464804109177
0.955929698058 0.139352135274
0.045377534177 1.03727793454
0.0449812024999 1.03823812478
0.159279650858 0.941297944425
0.939866534889 0.163355777476
1.0391990856 0.042947334294
0.952674750414 0.142633990746
0.12155355835 0.972990033396
0.0436892023638 1.03993575944
1.03970152967 0.0519201869186
1.03864058143 0.0425458924001
0.990978177942 0.104327491528
0.0656601982576 1.04013895114
0.0719557223691 1.02970102751
0.126843367955 0.971184907546
1.03363377913 0.0522297545534
0.0482761382981 1.04292432851
0.944080961281 0.154108395927
1.04030959921 0.049735662718
0.161697275295 0.943464904932
0.0491197850193 1.03470588921
0.930472265143 0.186562404778
1.03845903716 0.0443974355933
0.156054258371 0.947606365259