0.440453235635 0.440453235635 0.440453235635
0.484675691333 0.484675691333 0.484675691333
0.577827681601 0.577827681601 0.577827681601
0.445826077391 0.445826077391 0.445826077391
0.493639460767 0.493639460767 0.493639460767
0.588941187266 0.588941187266 0.588941187266
0.487697225251 0.487697225251 0.487697225251
0.504114644803 0.504114644803 0.504114644803
0.439965698408 0.439965698408 0.439965698408
0.48573435529 0.48573435529 0.48573435529
0.582143327005 0.582143327005 0.582143327005
0.445526397083 0.445526397083 0.445526397083
0.495011535427 0.495011535427 0.495011535427
0.593645407102 0.593645407102 0.593645407102
0.488861534615 0.488861534615 0.488861534615
0.505852975514 0.505852975514 0.505852975514
0.492609785691 0.492609785691 0.492609785691
0.527175442762 0.527175442762 0.527175442762
0.543519035948 0.543519035948 0.543519035948
0.444524661911 0.444524661911 0.444524661911
0.494289815844 0.494289815844 0.494289815844
0.449833962279 0.449833962279 0.449833962279
0.498305785417 0.498305785417 0.498305785417
0.600408817146 0.600408817146 0.600408817146
0.455723084247 0.455723084247 0.455723084247
0.508130889876 0.508130889876 0.508130889876
0.61259022753 0.61259022753 0.61259022753
0.501617660693 0.501617660693 0.501617660693
0.519612641849 0.519612641849 0.519612641849
0.50558728916 0.50558728916 0.50558728916
0.542194446335 0.542194446335 0.542194446335
0.559503316909 0.559503316909 0.559503316909
0.454662185078 0.454662185078 0.454662185078
0.50736654444 0.50736654444 0.50736654444
0.59392057609 0.59392057609 0.59392057609
0.467473659735 0.467473659735 0.467473659735
0.500799705837 0.500799705837 0.500799705837
0.486078765667 0.486078765667 0.486078765667
0.518731834831 0.518731834831 0.518731834831
0.4801699884 0.4801699884 0.4801699884
0.519099990011 0.519099990011 0.519099990011
0.44783269448 0.44783269448 0.44783269448
0.49164974376 0.49164974376 0.49164974376
0.583947769362 0.583947769362 0.583947769362
0.453156281066 0.453156281066 0.453156281066
0.500531338435 0.500531338435 0.500531338435
0.594959392704 0.594959392704 0.594959392704
0.494643577967 0.494643577967 0.494643577967
0.510910491919 0.510910491919 0.510910491919
0.498232000991 0.498232000991 0.498232000991
0.531323754222 0.531323754222 0.531323754222
0.546970445141 0.546970445141 0.546970445141
0.452197260585 0.452197260585 0.452197260585
0.49984039348 0.49984039348 0.49984039348
0.578082597398 0.578082597398 0.578082597398
0.463778442807 0.463778442807 0.463778442807
0.493904171732 0.493904171732 0.493904171732
0.480596890942 0.480596890942 0.480596890942
0.510114269248 0.510114269248 0.510114269248
0.475255536565 0.475255536565 0.475255536565
0.510447070298 0.510447070298 0.510447070298
0.496762852063 0.496762852063 0.496762852063
0.566066849017 0.566066849017 0.566066849017
0.534875124696 0.534875124696 0.534875124696
0.447519199821 0.447519199821 0.447519199821
0.448459936167 0.448459936167 0.448459936167
0.579017093091 0.579017093091 0.579017093091
0.469852370265 0.469852370265 0.469852370265
0.559556267067 0.559556267067 0.559556267067
0.437872698532 0.437872698532 0.437872698532
0.481282046512 0.481282046512 0.481282046512
0.572721273412 0.572721273412 0.572721273412
0.443146751132 0.443146751132 0.443146751132
0.490081001262 0.490081001262 0.490081001262
0.583630437706 0.583630437706 0.583630437706
0.484248024209 0.484248024209 0.484248024209
0.500363580594 0.500363580594 0.500363580594
0.487803058295 0.487803058295 0.487803058295
0.520586905105 0.520586905105 0.520586905105
0.536088009401 0.536088009401 0.536088009401
0.442196653978 0.442196653978 0.442196653978
0.489396485292 0.489396485292 0.489396485292
0.566910674685 0.566910674685 0.566910674685
0.453670077619 0.453670077619 0.453670077619
0.483515497873 0.483515497873 0.483515497873
0.470332036367 0.470332036367 0.470332036367
0.499574766478 0.499574766478 0.499574766478
0.465040381301 0.465040381301 0.465040381301
0.499904470938 0.499904470938 0.499904470938
0.48634757925 0.48634757925 0.48634757925
0.555006728362 0.555006728362 0.555006728362
0.524105231401 0.524105231401 0.524105231401
0.437562120825 0.437562120825 0.437562120825
0.43849410397 0.43849410397 0.43849410397
0.567836475245 0.567836475245 0.567836475245
0.459687489448 0.459687489448 0.459687489448
0.548556724949 0.548556724949 0.548556724949
0.449308811822 0.449308811822 0.449308811822
0.512321441233 0.512321441233 0.512321441233
0.508318738304 0.508318738304 0.508318738304
0.484802342022 0.484802342022 0.484802342022
0.428166769094 0.428166769094 0.428166769094
0.47204638578 0.47204638578 0.47204638578
0.564476205928 0.564476205928 0.564476205928
0.433497957356 0.433497957356 0.433497957356
0.480940662696 0.480940662696 0.480940662696
0.575503553029 0.575503553029 0.575503553029
0.475044494955 0.475044494955 0.475044494955
0.49133463682 0.49133463682 0.49133463682
0.478638041973 0.478638041973 0.478638041973
0.511777047706 0.511777047706 0.511777047706
0.527446080907 0.527446080907 0.527446080907
0.432537567466 0.432537567466 0.432537567466
0.480248731124 0.480248731124 0.480248731124
0.558602658945 0.558602658945 0.558602658945
0.444135286734 0.444135286734 0.444135286734
0.474304032904 0.474304032904 0.474304032904
0.460977750331 0.460977750331 0.460977750331
0.490537277204 0.490537277204 0.490537277204
0.455628768907 0.455628768907 0.455628768907
0.490870553468 0.490870553468 0.490870553468
0.477166795213 0.477166795213 0.477166795213
0.546569752992 0.546569752992 0.546569752992
0.515333489265 0.515333489265 0.515333489265
0.427852826789 0.427852826789 0.427852826789
0.428794906435 0.428794906435 0.428794906435
0.559538489027 0.559538489027 0.559538489027
0.450217887298 0.450217887298 0.450217887298
0.540049874427 0.540049874427 0.540049874427
0.439726773813 0.439726773813 0.439726773813
0.503422041162 0.503422041162 0.503422041162
0.499375975547 0.499375975547 0.499375975547
0.475604817887 0.475604817887 0.475604817887
0.532692573659 0.532692573659 0.532692573659
0.473197468708 0.473197468708 0.473197468708
0.57486976415 0.57486976415 0.57486976415
0.452288176672 0.452288176672 0.452288176672
0.518672411965 0.518672411965 0.518672411965
0.505052122879 0.505052122879 0.505052122879
0.518698905881 0.518698905881 0.518698905881
0.547194772015 0.547194772015 0.547194772015
0.549189379047 0.549189379047 0.549189379047
0.442066778874 0.442066778874 0.442066778874
0.488582828863 0.488582828863 0.488582828863
0.586566140003 0.586566140003 0.586566140003
0.447718282657 0.447718282657 0.447718282657
0.498011503516 0.498011503516 0.498011503516
0.598256046792 0.598256046792 0.598256046792
0.491761074408 0.491761074408 0.491761074408
0.509029982173 0.509029982173 0.509029982173
0.495570533682 0.495570533682 0.495570533682
0.530700641091 0.530700641091 0.530700641091
0.547311121918 0.547311121918 0.547311121918
0.446700189349 0.446700189349 0.446700189349
0.497277998395 0.497277998395 0.497277998395
0.580339690784 0.580339690784 0.580339690784
0.458994738162 0.458994738162 0.458994738162
0.490976122935 0.490976122935 0.490976122935
0.476849152985 0.476849152985 0.476849152985
0.508184714539 0.508184714539 0.508184714539
0.471178786968 0.471178786968 0.471178786968
0.50853801515 0.50853801515 0.50853801515
0.494010889524 0.494010889524 0.494010889524
0.567583807823 0.567583807823 0.567583807823
0.534470765488 0.534470765488 0.534470765488
0.441733973872 0.441733973872 0.441733973872
0.442732656795 0.442732656795 0.442732656795
0.58133174865 0.58133174865 0.58133174865
0.465442801596 0.465442801596 0.465442801596
0.56067219327 0.56067219327 0.56067219327
0.454321347122 0.454321347122 0.454321347122
0.521843637968 0.521843637968 0.521843637968
0.517554471274 0.517554471274 0.517554471274
0.492355063406 0.492355063406 0.492355063406
0.552872841404 0.552872841404 0.552872841404
0.489803072682 0.489803072682 0.489803072682
0.597584177769 0.597584177769 0.597584177769
0.467637480842 0.467637480842 0.467637480842
0.538010301768 0.538010301768 0.538010301768
0.523571660416 0.523571660416 0.523571660416
0.538038387526 0.538038387526 0.538038387526
0.568246380067 0.568246380067 0.568246380067
0.570360829723 0.570360829723 0.570360829723
0.455569416499 0.455569416499 0.455569416499
0.553830240912 0.553830240912 0.553830240912
0.58556553325 0.58556553325 0.58556553325
0.474015408771 0.474015408771 0.474015408771
0.467787801358 0.467787801358 0.467787801358
0.462190106871 0.462190106871 0.462190106871
0.505945960259 0.505945960259 0.505945960259
0.598115080332 0.598115080332 0.598115080332
0.467506258415 0.467506258415 0.467506258415
0.514815150697 0.514815150697 0.514815150697
0.609111324589 0.609111324589 0.609111324589
0.508935613209 0.508935613209 0.508935613209
0.525179808418 0.525179808418 0.525179808418
0.51251902456 0.51251902456 0.51251902456
0.545564561093 0.545564561093 0.545564561093
0.561189399487 0.561189399487 0.561189399487
0.466548577323 0.466548577323 0.466548577323
0.514125170732 0.514125170732 0.514125170732
0.592258099801 0.592258099801 0.592258099801
0.478113585002 0.478113585002 0.478113585002
0.508197239647 0.508197239647 0.508197239647
0.494908544108 0.494908544108 0.494908544108
0.52438469777 0.52438469777 0.52438469777
0.489574649589 0.489574649589 0.489574649589
0.524717034023 0.524717034023 0.524717034023
0.511051927479 0.511051927479 0.511051927479
0.580259132889 0.580259132889 0.580259132889
0.549110971642 0.549110971642 0.549110971642
0.461877050046 0.461877050046 0.461877050046
0.462816472538 0.462816472538 0.462816472538
0.593191290356 0.593191290356 0.593191290356
0.484179029474 0.484179029474 0.484179029474
0.573757643766 0.573757643766 0.573757643766
0.473717506376 0.473717506376 0.473717506376
0.537233120005 0.537233120005 0.537233120005
0.533198466395 0.533198466395 0.533198466395
0.509494355741 0.509494355741 0.509494355741
0.566421094406 0.566421094406 0.566421094406
0.507093796536 0.507093796536 0.507093796536
0.608479323324 0.608479323324 0.608479323324
0.486243479558 0.486243479558 0.486243479558
0.552440476846 0.552440476846 0.552440476846
0.538858604046 0.538858604046 0.538858604046
0.552466896035 0.552466896035 0.552466896035
0.580882389034 0.580882389034 0.580882389034
0.582871370239 0.582871370239 0.582871370239
0.474891517081 0.474891517081 0.474891517081
0.567321683182 0.567321683182 0.567321683182
0.597173848168 0.597173848168 0.597173848168
0.492242950267 0.492242950267 0.492242950267
0.486384880268 0.486384880268 0.486384880268
0.503000349345 0.503000349345 0.503000349345
0.597157020852 0.597157020852 0.597157020852
0.477920862114 0.477920862114 0.477920862114
0.486880848905 0.486880848905 0.486880848905
0.453252792803 0.453252792803 0.453252792803
0.500055886538 0.500055886538 0.500055886538
0.598643838371 0.598643838371 0.598643838371
0.45893917119 0.45893917119 0.45893917119
0.509542744164 0.509542744164 0.509542744164
0.610405881866 0.610405881866 0.610405881866
0.503253744572 0.503253744572 0.503253744572
0.520629216243 0.520629216243 0.520629216243
0.507086711463 0.507086711463 0.507086711463
0.54243360163 0.54243360163 0.54243360163
0.559146583307 0.559146583307 0.559146583307
0.457914795377 0.457914795377 0.457914795377
0.50880471269 0.50880471269 0.50880471269
0.592378966643 0.592378966643 0.592378966643
0.470285212053 0.470285212053 0.470285212053
0.502463949278 0.502463949278 0.502463949278
0.488249803861 0.488249803861 0.488249803861
0.519778732586 0.519778732586 0.519778732586
0.482544446844 0.482544446844 0.482544446844
0.520134213364 0.520134213364 0.520134213364
0.505517442968 0.505517442968 0.505517442968
0.579544368993 0.579544368993 0.579544368993
0.546226990913 0.546226990913 0.546226990913
0.452917934109 0.452917934109 0.452917934109
0.45392277976 0.45392277976 0.45392277976
0.593377146353 0.593377146353 0.593377146353
0.476773065545 0.476773065545 0.476773065545
0.572590103877 0.572590103877 0.572590103877
0.465582982201 0.465582982201 0.465582982201
0.533521943235 0.533521943235 0.533521943235
0.52920630872 0.52920630872 0.52920630872
0.503851398989 0.503851398989 0.503851398989
0.56474262335 0.56474262335 0.56474262335
0.501283660303 0.501283660303 0.501283660303
0.609729866838 0.609729866838 0.609729866838
0.478981287835 0.478981287835 0.478981287835
0.549788369154 0.549788369154 0.549788369154
0.535260629057 0.535260629057 0.535260629057
0.549816628225 0.549816628225 0.549816628225
0.580211029874 0.580211029874 0.580211029874
0.58233852749 0.58233852749 0.58233852749
0.466838753231 0.466838753231 0.466838753231
0.565705930831 0.565705930831 0.565705930831
0.597637057019 0.597637057019 0.597637057019
0.485398573026 0.485398573026 0.485398573026
0.479132535958 0.479132535958 0.479132535958
0.496905137712 0.496905137712 0.496905137712
0.597619057818 0.597619057818 0.597619057818
0.470079067579 0.470079067579 0.470079067579
0.479663044788 0.479663044788 0.479663044788
0.541762877818 0.541762877818 0.541762877818
0.57313118485 0.57313118485 0.57313118485
0.601248126713 0.601248126713 0.601248126713
0.532674401759 0.532674401759 0.532674401759
0.571224463902 0.571224463902 0.571224463902
0.480375251125 0.480375251125 0.480375251125
0.568109804168 0.568109804168 0.568109804168
0.569345955297 0.569345955297 0.569345955297
0.432901985789 0.432901985789 0.432901985789
0.479117330955 0.479117330955 0.479117330955
0.57646722515 0.57646722515 0.57646722515
0.438516955206 0.438516955206 0.438516955206
0.488485053572 0.488485053572 0.488485053572
0.588081562079 0.588081562079 0.588081562079
0.482275030607 0.482275030607 0.482275030607
0.499432302843 0.499432302843 0.499432302843
0.486059863483 0.486059863483 0.486059863483
0.520962870939 0.520962870939 0.520962870939
0.537465972664 0.537465972664 0.537465972664
0.437505443401 0.437505443401 0.437505443401
0.487756290223 0.487756290223 0.487756290223
0.570281027055 0.570281027055 0.570281027055
0.449720513622 0.449720513622 0.449720513622
0.481495153484 0.481495153484 0.481495153484
0.467459507883 0.467459507883 0.467459507883
0.498592499475 0.498592499475 0.498592499475
0.461825798169 0.461825798169 0.461825798169
0.49894351616 0.49894351616 0.49894351616
0.484510301705 0.484510301705 0.484510301705
0.557607604998 0.557607604998 0.557607604998
0.524708623219 0.524708623219 0.524708623219
0.432571332218 0.432571332218 0.432571332218
0.433563559117 0.433563559117 0.433563559117
0.571266671724 0.571266671724 0.571266671724
0.456126893299 0.456126893299 0.456126893299
0.550740670848 0.550740670848 0.550740670848
0.445077333902 0.445077333902 0.445077333902
0.512163124259 0.512163124259 0.512163124259
0.507901685051 0.507901685051 0.507901685051
0.48286517974 0.48286517974 0.48286517974
0.542991738196 0.542991738196 0.542991738196
0.48032968646 0.48032968646 0.48032968646
0.58741403638 0.58741403638 0.58741403638
0.458307384955 0.458307384955 0.458307384955
0.528225278029 0.528225278029 0.528225278029
0.513879975839 0.513879975839 0.513879975839
0.528253182225 0.528253182225 0.528253182225
0.558265894018 0.558265894018 0.558265894018
0.560366674732 0.560366674732 0.560366674732
0.446317335085 0.446317335085 0.446317335085
0.543942948558 0.543942948558 0.543942948558
0.575473086858 0.575473086858 0.575473086858
0.46464408252 0.46464408252 0.46464408252
0.458456733718 0.458456733718 0.458456733718
0.476006148917 0.476006148917 0.476006148917
0.575455313689 0.575455313689 0.575455313689
0.44951695789 0.44951695789 0.44951695789
0.458980580472 0.458980580472 0.458980580472
0.52030057001 0.52030057001 0.52030057001
0.55127495698 0.55127495698 0.55127495698
0.5790388091 0.5790388091 0.5790388091
0.511326226124 0.511326226124 0.511326226124
0.549392180443 0.549392180443 0.549392180443
0.459683842993 0.459683842993 0.459683842993
0.546316634294 0.546316634294 0.546316634294
0.547537261961 0.547537261961 0.547537261961
0.56143410412 0.56143410412 0.56143410412
0.477055350824 0.477055350824 0.477055350824
0.451444718626 0.451444718626 0.451444718626
0.496030640696 0.496030640696 0.496030640696
0.589948251406 0.589948251406 0.589948251406
0.456861720012 0.456861720012 0.456861720012
0.505068083759 0.505068083759 0.505068083759
0.601153099479 0.601153099479 0.601153099479
0.499077008739 0.499077008739 0.499077008739
0.515629363809 0.515629363809 0.515629363809
0.502728399053 0.502728399053 0.502728399053
0.536400824626 0.536400824626 0.536400824626
0.552322073397 0.552322073397 0.552322073397
0.455885871269 0.455885871269 0.455885871269
0.504365014557 0.504365014557 0.504365014557
0.583980161258 0.583980161258 0.583980161258
0.467670272468 0.467670272468 0.467670272468
0.49832462789 0.49832462789 0.49832462789
0.48478383968 0.48478383968 0.48478383968
0.514819169546 0.514819169546 0.514819169546
0.479348758726 0.479348758726 0.479348758726
0.51515781037 0.51515781037 0.51515781037
0.501233470465 0.501233470465 0.501233470465
0.57175356842 0.57175356842 0.57175356842
0.540014512215 0.540014512215 0.540014512215
0.45112572297 0.45112572297 0.45112572297
0.452082966739 0.452082966739 0.452082966739
0.584931054868 0.584931054868 0.584931054868
0.473850781214 0.473850781214 0.473850781214
0.565128743056 0.565128743056 0.565128743056
0.463190798206 0.463190798206 0.463190798206
0.527911332266 0.527911332266 0.527911332266
0.523800139419 0.523800139419 0.523800139419
0.499646350874 0.499646350874 0.499646350874
0.557653015977 0.557653015977 0.557653015977
0.497200251955 0.497200251955 0.497200251955
0.600509108859 0.600509108859 0.600509108859
0.475954394866 0.475954394866 0.475954394866
0.543407179666 0.543407179666 0.543407179666
0.529567652487 0.529567652487 0.529567652487
0.543434100039 0.543434100039 0.543434100039
0.572388648022 0.572388648022 0.572388648022
0.574415361115 0.574415361115 0.574415361115
0.464387080435 0.464387080435 0.464387080435
0.558570689336 0.558570689336 0.558570689336
0.588989163635 0.588989163635 0.588989163635
0.482067678297 0.482067678297 0.482067678297
0.476098478012 0.476098478012 0.476098478012
0.493029150187 0.493029150187 0.493029150187
0.588972017097 0.588972017097 0.588972017097
0.467473893538 0.467473893538 0.467473893538
0.476603855403 0.476603855403 0.476603855403
0.535761874565 0.535761874565 0.535761874565
0.565644191762 0.565644191762 0.565644191762
0.592429168539 0.592429168539 0.592429168539
0.527103940805 0.527103940805 0.527103940805
0.563827796631 0.563827796631 0.563827796631
0.477282322865 0.477282322865 0.477282322865
0.56086068559 0.56086068559 0.56086068559
0.562038277358 0.562038277358 0.562038277358
0.575445155945 0.575445155945 0.575445155945
0.494041360186 0.494041360186 0.494041360186
0.51296709805 0.51296709805 0.51296709805
0.469140044987 0.469140044987 0.469140044987
0.518632726394 0.518632726394 0.518632726394
0.538182265798 0.538182265798 0.538182265798
0.586818832337 0.586818832337 0.586818832337
0.527458632583 0.527458632583 0.527458632583
0.458756091784 0.458756091784 0.458756091784
0.501867716644 0.501867716644 0.501867716644
0.592679807382 0.592679807382 0.592679807382
0.46399397228 0.46399397228 0.46399397228
0.510606323741 0.510606323741 0.510606323741
0.603514151145 0.603514151145 0.603514151145
0.504813352175 0.504813352175 0.504813352175
0.520818379977 0.520818379977 0.520818379977
0.508344004051 0.508344004051 0.508344004051
0.540903002768 0.540903002768 0.540903002768
0.556297792702 0.556297792702 0.556297792702
0.46305039137 0.46305039137 0.46305039137
0.509926502526 0.509926502526 0.509926502526
0.586909060661 0.586909060661 0.586909060661
0.474445124507 0.474445124507 0.474445124507
0.504085849873 0.504085849873 0.504085849873
0.49099280717 0.49099280717 0.49099280717
0.520034975945 0.520034975945 0.520034975945
0.485737444933 0.485737444933 0.485737444933
0.520362419126 0.520362419126 0.520362419126
0.506898507413 0.506898507413 0.506898507413
0.575086757582 0.575086757582 0.575086757582
0.544397198614 0.544397198614 0.544397198614
0.458447644174 0.458447644174 0.458447644174
0.459373235311 0.459373235311 0.459373235311
0.587828511615 0.587828511615 0.587828511615
0.480421265902 0.480421265902 0.480421265902
0.568680991533 0.568680991533 0.568680991533
0.470113770462 0.470113770462 0.470113770462
0.5326942276 0.5326942276 0.5326942276
0.528718977219 0.528718977219 0.528718977219
0.505363868198 0.505363868198 0.505363868198
0.56145246005 0.56145246005 0.56145246005
0.502998653036 0.502998653036 0.502998653036
0.602891454995 0.602891454995 0.602891454995
0.482455320564 0.482455320564 0.482455320564
0.547677682669 0.547677682669 0.547677682669
0.534295779227 0.534295779227 0.534295779227
0.547703712881 0.547703712881 0.547703712881
0.575700837369 0.575700837369 0.575700837369
0.577660534299 0.577660534299 0.577660534299
0.471270495909 0.471270495909 0.471270495909
0.562339789229 0.562339789229 0.562339789229
0.591752433217 0.591752433217 0.591752433217
0.488366459544 0.488366459544 0.488366459544
0.482594639395 0.482594639395 0.482594639395
0.498965474706 0.498965474706 0.498965474706
0.591735853655 0.591735853655 0.591735853655
0.474255239127 0.474255239127 0.474255239127
0.48308330576 0.48308330576 0.48308330576
0.540285180503 0.540285180503 0.540285180503
0.569179396191 0.569179396191 0.569179396191
0.595078689445 0.595078689445 0.595078689445
0.531913533692 0.531913533692 0.531913533692
0.56742306276 0.56742306276 0.56742306276
0.483739338726 0.483739338726 0.483739338726
0.564554063484 0.564554063484 0.564554063484
0.565692716498 0.565692716498 0.565692716498
0.578656277491 0.578656277491 0.578656277491
0.499944214535 0.499944214535 0.499944214535
0.518244145839 0.518244145839 0.518244145839
0.475866296898 0.475866296898 0.475866296898
0.523722432087 0.523722432087 0.523722432087
0.542625538042 0.542625538042 0.542625538042
0.589653867024 0.589653867024 0.589653867024
0.53225649708 0.53225649708 0.53225649708
0.54519696093 0.54519696093 0.54519696093
0.587001818483 0.587001818483 0.587001818483
0.531932639746 0.531932639746 0.531932639746
0.481015348606 0.481015348606 0.481015348606
0.501708876796 0.501708876796 0.501708876796
0.418361004838 0.418361004838 0.418361004838
0.462983425587 0.462983425587 0.462983425587
0.556977918607 0.556977918607 0.556977918607
0.42378244066 0.42378244066 0.42378244066
0.472028266831 0.472028266831 0.472028266831
0.56819193913 0.56819193913 0.56819193913
0.466032287431 0.466032287431 0.466032287431
0.482598192497 0.482598192497 0.482598192497
0.469686666825 0.469686666825 0.469686666825
0.503386657131 0.503386657131 0.503386657131
0.519320939266 0.519320939266 0.519320939266
0.422805793073 0.422805793073 0.422805793073
0.471324622086 0.471324622086 0.471324622086
0.551004942894 0.551004942894 0.551004942894
0.434599841152 0.434599841152 0.434599841152
0.465279290672 0.465279290672 0.465279290672
0.451727417777 0.451727417777 0.451727417777
0.481787334997 0.481787334997 0.481787334997
0.446287887588 0.446287887588 0.446287887588
0.482126253038 0.482126253038 0.482126253038
0.468190514467 0.468190514467 0.468190514467
0.538768341191 0.538768341191 0.538768341191
0.507003302937 0.507003302937 0.507003302937
0.418041748047 0.418041748047 0.418041748047
0.41899977543 0.41899977543 0.41899977543
0.55195661492 0.55195661492 0.55195661492
0.440785409352 0.440785409352 0.440785409352
0.53213809265 0.53213809265 0.53213809265
0.430116699929 0.430116699929 0.430116699929
0.49489021515 0.49489021515 0.49489021515
0.490775656822 0.490775656822 0.490775656822
0.466602095637 0.466602095637 0.466602095637
0.524656245833 0.524656245833 0.524656245833
0.464153994307 0.464153994307 0.464153994307
0.56754742133 0.56754742133 0.56754742133
0.442890745053 0.442890745053 0.442890745053
0.510398747675 0.510398747675 0.510398747675
0.496547891259 0.496547891259 0.496547891259
0.510425690085 0.510425690085 0.510425690085
0.539403940678 0.539403940678 0.539403940678
0.541432312868 0.541432312868 0.541432312868
0.431313961451 0.431313961451 0.431313961451
0.525574670412 0.525574670412 0.525574670412
0.556018045712 0.556018045712 0.556018045712
0.449009032905 0.449009032905 0.449009032905
0.443034946148 0.443034946148 0.443034946148
0.459979478015 0.459979478015 0.459979478015
0.556000885138 0.556000885138 0.556000885138
0.434403301464 0.434403301464 0.434403301464
0.443540737247 0.443540737247 0.443540737247
0.502747184017 0.502747184017 0.502747184017
0.532653963309 0.532653963309 0.532653963309
0.559460866654 0.559460866654 0.559460866654
0.494082162747 0.494082162747 0.494082162747
0.530836081251 0.530836081251 0.530836081251
0.444219760113 0.444219760113 0.444219760113
0.527866541289 0.527866541289 0.527866541289
0.529045097051 0.529045097051 0.529045097051
0.542462950703 0.542462950703 0.542462950703
0.460992516623 0.460992516623 0.460992516623
0.479933747369 0.479933747369 0.479933747369
0.436070816848 0.436070816848 0.436070816848
0.485604013678 0.485604013678 0.485604013678
0.505169556617 0.505169556617 0.505169556617
0.55384593775 0.55384593775 0.55384593775
0.494437144881 0.494437144881 0.494437144881
0.507831091977 0.507831091977 0.507831091977
0.551100951305 0.551100951305 0.551100951305
0.494101938351 0.494101938351 0.494101938351
0.441400310982 0.441400310982 0.441400310982
0.462819019385 0.462819019385 0.462819019385
0.468482151792 0.468482151792 0.468482151792
0.42735235656 0.42735235656 0.42735235656
0.452942251632 0.452942251632 0.452942251632
0.498770245582 0.498770245582 0.498770245582
0.595304207326 0.595304207326 0.595304207326
0.45851015951 0.45851015951 0.45851015951
0.508059453179 0.508059453179 0.508059453179
0.606821199369 0.606821199369 0.606821199369
0.501901479159 0.501901479159 0.501901479159
0.51891494872 0.51891494872 0.51891494872
0.50565458968 0.50565458968 0.50565458968
0.540265059618 0.540265059618 0.540265059618
0.55662984156 0.55662984156 0.55662984156
0.457507125633 0.457507125633 0.457507125633
0.507336797918 0.507336797918 0.507336797918
0.589169858489 0.589169858489 0.589169858489
0.469619815956 0.469619815956 0.469619815956
0.50112813853 0.50112813853 0.50112813853
0.487210131873 0.487210131873 0.487210131873
0.518082184115 0.518082184115 0.518082184115
0.481623640768 0.481623640768 0.481623640768
0.518430258775 0.518430258775 0.518430258775
0.504118015463 0.504118015463 0.504118015463
0.576602657979 0.576602657979 0.576602657979
0.543979417094 0.543979417094 0.543979417094
0.452614369414 0.452614369414 0.452614369414
0.453598280021 0.453598280021 0.453598280021
0.590147242035 0.590147242035 0.590147242035
0.475972500936 0.475972500936 0.475972500936
0.569793278636 0.569793278636 0.569793278636
0.465015552776 0.465015552776 0.465015552776
0.5315390675 0.5315390675 0.5315390675
0.527313345296 0.527313345296 0.527313345296
0.502486681991 0.502486681991 0.502486681991
0.562109293211 0.562109293211 0.562109293211
0.4999724398 0.4999724398 0.4999724398
0.606159268498 0.606159268498 0.606159268498
0.478134716928 0.478134716928 0.478134716928
0.547466597266 0.547466597266 0.547466597266
0.533241529388 0.533241529388 0.533241529388
0.547494267586 0.547494267586 0.547494267586
0.577255429588 0.577255429588 0.577255429588
0.579338602731 0.579338602731 0.579338602731
0.466245160961 0.466245160961 0.466245160961
0.563052531058 0.563052531058 0.563052531058
0.594318401346 0.594318401346 0.594318401346
0.484418303833 0.484418303833 0.484418303833
0.478282813934 0.478282813934 0.478282813934
0.495685139735 0.495685139735 0.495685139735
0.594300777142 0.594300777142 0.594300777142
0.469417966314 0.469417966314 0.469417966314
0.478802270097 0.478802270097 0.478802270097
0.539608309725 0.539608309725 0.539608309725
0.57032308668 0.57032308668 0.57032308668
0.597854237696 0.597854237696 0.597854237696
0.530709183778 0.530709183778 0.530709183778
0.568456090525 0.568456090525 0.568456090525
0.479499638264 0.479499638264 0.479499638264
0.565406321886 0.565406321886 0.565406321886
0.566616718934 0.566616718934 0.566616718934
0.580397085522 0.580397085522 0.580397085522
0.496725547817 0.496725547817 0.496725547817
0.516178517725 0.516178517725 0.516178517725
0.471130533308 0.471130533308 0.471130533308
0.522001978795 0.522001978795 0.522001978795
0.542096128068 0.542096128068 0.542096128068
0.592087609092 0.592087609092 0.592087609092
0.531073756538 0.531073756538 0.531073756538
0.544829570682 0.544829570682 0.544829570682
0.589268460779 0.589268460779 0.589268460779
0.530729493663 0.530729493663 0.530729493663
0.47660401549 0.47660401549 0.47660401549
0.498601397584 0.498601397584 0.498601397584
0.504417532015 0.504417532015 0.504417532015
0.462176524569 0.462176524569 0.462176524569
0.489441640746 0.489441640746 0.489441640746
0.518678006281 0.518678006281 0.518678006281
0.57337885068 0.57337885068 0.57337885068
0.516929408989 0.516929408989 0.516929408989
0.431814232283 0.431814232283 0.431814232283
0.476708395231 0.476708395231 0.476708395231
0.571275297139 0.571275297139 0.571275297139
0.437268683635 0.437268683635 0.437268683635
0.485808317867 0.485808317867 0.485808317867
0.582557608951 0.582557608951 0.582557608951
0.479775824074 0.479775824074 0.479775824074
0.496442612404 0.496442612404 0.496442612404
0.483452457955 0.483452457955 0.483452457955
0.517357674901 0.517357674901 0.517357674901
0.533388993835 0.533388993835 0.533388993835
0.436286088447 0.436286088447 0.436286088447
0.485100388057 0.485100388057 0.485100388057
0.565265947121 0.565265947121 0.565265947121
0.448151960074 0.448151960074 0.448151960074
0.479018241705 0.479018241705 0.479018241705
0.465383840438 0.465383840438 0.465383840438
0.495626816934 0.495626816934 0.495626816934
0.459911184527 0.459911184527 0.459911184527
0.495967798922 0.495967798922 0.495967798922
0.481947194309 0.481947194309 0.481947194309
0.552954826802 0.552954826802 0.552954826802
0.520996345404 0.520996345404 0.520996345404
0.431493031278 0.431493031278 0.431493031278
0.432456892869 0.432456892869 0.432456892869
0.566223414651 0.566223414651 0.566223414651
0.454375197228 0.454375197228 0.454375197228
0.546284201286 0.546284201286 0.546284201286
0.443641517359 0.443641517359 0.443641517359
0.508809491177 0.508809491177 0.508809491177
0.504669875958 0.504669875958 0.504669875958
0.480349102305 0.480349102305 0.480349102305
0.538756791421 0.538756791421 0.538756791421
0.477886092496 0.477886092496 0.477886092496
0.581909166158 0.581909166158 0.581909166158
0.456493354029 0.456493354029 0.456493354029
0.524412467765 0.524412467765 0.524412467765
0.510477262223 0.510477262223 0.510477262223
0.52443957425 0.52443957425 0.52443957425
0.55359429697 0.55359429697 0.55359429697
0.555635021568 0.555635021568 0.555635021568
0.44484606998 0.44484606998 0.44484606998
0.539680809035 0.539680809035 0.539680809035
0.570309578798 0.570309578798 0.570309578798
0.462648901111 0.462648901111 0.462648901111
0.456638433282 0.456638433282 0.456638433282
0.47368615418 0.47368615418 0.47368615418
0.57029231372 0.57029231372 0.57029231372
0.447954223496 0.447954223496 0.447954223496
0.457147304555 0.457147304555 0.457147304555
0.516714307515 0.516714307515 0.516714307515
0.546803213501 0.546803213501 0.546803213501
0.573773365875 0.573773365875 0.573773365875
0.507996517886 0.507996517886 0.507996517886
0.544974260881 0.544974260881 0.544974260881
0.457830462542 0.457830462542 0.457830462542
0.541986636977 0.541986636977 0.541986636977
0.543172369923 0.543172369923 0.543172369923
0.556671935794 0.556671935794 0.556671935794
0.474705362004 0.474705362004 0.474705362004
0.493761941303 0.493761941303 0.493761941303
0.449631893737 0.449631893737 0.449631893737
0.499466738474 0.499466738474 0.499466738474
0.519151431911 0.519151431911 0.519151431911
0.568124243104 0.568124243104 0.568124243104
0.508353661795 0.508353661795 0.508353661795
0.521829175524 0.521829175524 0.521829175524
0.565362540205 0.565362540205 0.565362540205
0.508016413919 0.508016413919 0.508016413919
0.454993843493 0.454993843493 0.454993843493
0.476542987826 0.476542987826 0.476542987826
0.482240607651 0.482240607651 0.482240607651
0.440860339656 0.440860339656 0.440860339656
0.467569878149 0.467569878149 0.467569878149
0.49621049811 0.49621049811 0.49621049811
0.5497967106 0.5497967106 0.5497967106
0.494497531755 0.494497531755 0.494497531755
0.551106297228 0.551106297228 0.551106297228
0.524743194371 0.524743194371 0.524743194371