0.0751243139041 4.59266014011
0.728632470792 3.3330939884
0.376813862474 3.33583868986
0.381106038623 3.40093826414
0.830628774688 2.88606086822
0.770585239014 2.90998636524
0.648471262278 3.12760793381
0.813580594059 2.92218100939
0.958727042867 3.1861649055
0.44730260101 3.18445819963
0.965872581542 2.64818753719
0.787054970113 2.39000027768
0.839394916031 2.4248798881
0.629062939414 2.58062535285
0.593152455377 2.56803216339
0.904618061885 2.32029772597
0.801991135921 2.45790503928
0.959328800721 2.29704753092
0.712013554292 2.56480705384
0.767103763489 3.1622019632
0.659376314174 3.31924210311
0.682877571591 3.19999029184
0.248612598284 3.70425125158
0.803959822031 3.06344453761
0.720129652705 3.25062117537
0.537102229258 3.39790176547
0.982769276082 2.67250781785
0.864232267294 2.84450502237
0.384807604268 3.37092621065
0.59475266846 3.22142776707
0.250103276021 3.61911824474
0.548336877 3.32595472469
0.29114927814 4.55492548396
0.418463467058 3.56112822261
0.911253148096 2.97831504531
0.611284843819 3.36364670165
0.673377176331 3.69469080568
0.527070722751 3.87896134743
0.390079251097 3.71717355246
0.254750511724 3.91321737102
0.79093551351 3.87172146816
0.314408518734 3.34969169021
0.979732555323 3.82751110679
0.614933404437 3.31545277631
0.403638177188 3.61625850161
0.461055057431 4.05835434673
0.954019111718 3.47597918832
0.990054464898 2.78385081943
0.160707169978 3.66784118714
0.157986241291 3.44658837117
0.817298992237 2.75172485517
0.341969049175 4.35968792364
0.181572295966 4.19532003538
0.538811717237 3.58379164705
0.393735588345 3.64265929198
0.959098384347 3.08435885683
0.98407260547 3.05980985958
0.925296414119 2.69636268993
0.955160121737 2.64484839574
0.788712050672 2.86655214719
0.589839667505 3.02238020664
0.514273286711 3.15374844071
0.668134318543 3.01755113229
0.915563920148 3.03484459434
0.175171367359 3.19759837613
0.222777129343 3.09874763112
0.571196702997 2.8083603172
0.498875856297 2.80937684287
0.871926714713 2.52886258907
0.870340029069 2.49039168556
0.378613246004 2.95968414287
0.779789290085 2.60004271487
0.807643623578 2.57427570474
0.616063892973 2.73145530451
0.895859678517 2.48354078888
0.818110558984 2.47934511541
0.42644686938 2.88256618898
0.656599016488 3.77598936723
0.897479267654 3.50667741832
0.165345146529 4.2729849199
0.984187954871 2.53093731276
0.978425689416 2.61369211681
0.698469824473 2.9342888916
0.083270329857 3.50622950639
0.398318553032 3.14429089689
0.571398139766 2.96960605774
0.695350998458 2.48430239062
0.472859449804 2.77905248301
0.841205261932 2.35244201177
0.908661194326 2.3650668077
0.968383162137 2.2607631606
0.866799125695 2.41658369268
0.562214284202 2.71437182317
0.901631244129 2.28089697297
0.525400802633 2.68432917284
0.930893952871 2.24526687813
0.704182327305 2.56671001673
0.478056763517 3.97282398164
0.672789058255 3.2851673534
0.822376483174 3.52885295831
0.759500751728 3.55798703537
0.08113066168 4.33632686665
0.756473646391 3.75047754695
0.610977860147 3.27065146863
0.178479058255 3.81892493617
0.761923855132 3.18859948178
0.568788568006 3.49136564591
0.725594926022 3.37689808428
0.826972286239 3.0683930708
0.686017195336 3.30410509974
0.460001393935 3.51241947657
0.989828832285 2.58367701061
0.803673844913 2.82617878234
0.840200198929 3.27769418973
0.489875252878 3.16760886246
0.960813155056 2.77113374454
0.164166121926 3.48803891517
0.853801464896 2.81621239844
0.270608191084 3.44249489281
0.551780725717 2.98575142815
0.735492223769 2.76515538825
0.616885618277 2.93972089603
0.70616962759 2.79227489936
0.670564791567 2.94182509204
0.734369883037 3.52756767797
0.956827959801 3.24611465252
0.925005514114 2.42249843202