0.659359334579 9.09359236047
0.95118683023 8.85409428796
0.836431901183 9.02961390961
0.856358285005 9.01450489385
0.994441945912 8.44706987362
0.940937773599 8.60396354954
0.96118208935 8.48515853563
0.868544055794 8.60549071607
0.951347436617 9.20201357994
0.939649694016 9.69510232871
0.899437168268 9.78116092605
0.903749035487 8.31533765617
0.999999999992 8.29758344752
0.986872013663 9.44151709892
0.999504606579 9.35372068666
0.995115634958 9.40599852297
0.932467436105 9.57666078618
0.902703003079 9.5932842683
0.999999999322 8.36674295496
0.995517134591 8.25599092863
0.303146504123 9.05032335802
0.986897246307 9.42929307169