0.855635990658 -0.0561140294493
0.256225434479 1.05341954313
0.00209364350622 2.35766041472
0.0793223706948 1.64688274978
0.0422287053349 1.92255232591
0.656334991302 0.110541194685
0.0119527688747 2.241916569
0.851861796577 -0.252433815074
0.100391910899 1.40642418629
0.0190029595103 1.81664541703
0.268186515386 0.793361526379
0.00315155454402 2.2678393707
0.0342749381127 1.71041192272
0.0198495035896 2.17535009793
0.0557969443167 1.80907820997
0.228091064156 1.0144702158
0.0020899902388 2.69005513606
0.845293746428 -0.0988160597618
0.452130902791 0.44898376105
0.00939767385739 2.39759116327
0.848076424439 -0.216581632456
0.00669937268012 2.09377604182
0.0803416359963 1.34646058388
0.454744790063 0.437742862004
0.0234342405272 1.74021651746
0.0556630440493 1.52092239703
0.00404018018425 2.46326841264
0.0594754250867 1.73955363787
0.0234480426114 1.92375583839
0.85129532523 -0.047798003526
0.45063822044 0.593611004638
0.0436850182383 1.80543595708
0.239592286815 1.06786555585
0.653333562864 0.186841496704
0.849825611215 -0.145681735874
0.237042306333 0.877539246541
0.0067897320108 2.01207226902
0.0217291612744 1.75622153001
0.0666236228029 1.42322146622
0.450000838765 0.48635938245
0.0570070603546 1.52937403479
0.00146411410621 2.21224617653
0.0318068676552 1.71088442925
0.850990601035 0.0815531550778
0.0992772445519 1.58429879898
0.0318396138231 1.96697798292
0.0213138478396 2.0683103366
0.649566935446 0.297715782145
0.0773662761375 1.66423624514
0.450758069411 0.585103180115
0.245155946824 1.06553857369
0.00184181599107 2.56759473674
0.852466410984 -0.0128605366391
0.00252323394038 2.65351258702
0.0836582132116 1.58536842496
0.2296227483 1.13471500924
0.444859445965 0.608448208456
0.0439803144132 1.86518487383
0.013776994108 2.07436015304
0.0122362151669 2.26086751144
0.849035289712 0.0353174728609
0.0378906572371 1.86698883454
0.657652181316 0.245871899163
0.00380355527361 2.33732215412
0.0674216636667 1.64427751846
0.238284112326 1.08781722149
0.84618245799 0.0126816330822
0.0105048880914 2.16519657753
0.453340111735 0.620151173511
0.262873392315 1.0275967314
0.0340238502536 1.73858511186
0.855550412856 0.00603281218067
0.0758135207458 1.72175455562
0.857216606747 -0.00318324604039
0.642095147207 0.2154268738
0.443260600895 0.573861278549
0.011585076934 2.2331935146
0.0333852358652 1.9296849955
0.245290318629 0.95715725637
0.00533093688561 2.43786689652
0.0223798317301 1.97563038907
0.654820371197 0.297035102915
0.0856828024418 1.54853077189
0.244084618181 1.09332955519
0.448641283574 0.65383100952
0.852600785346 0.0591851418667
0.0349789858402 1.86497350653
0.00228750011545 2.48693218473
0.856422844945 -7.87834728151e-05
0.256598711549 1.01576108594
0.0268281080698 1.83071036659
0.440434338668 0.633459118992
0.0517973663619 1.67103227294
0.647289007115 0.205610509577
0.00353984788956 2.48036158636
0.00717350793392 2.2574554421
0.861790132281 -0.0933818027846
0.0152608910154 1.82703029924
0.0411541785552 1.58804673803
0.235802135895 0.875344171508
0.45457646418 0.465292642521
0.00376262159352 2.23129032064
0.0781497928208 1.33784979068
0.656495236152 0.0883853112334
0.00797510007065 1.99319700549
0.857810962371 0.035283525042
0.071185749341 1.72000067975
0.862256094983 0.0322976788572
0.263863269576 1.03837111877
0.00276933616637 2.40976664324
0.0418189084089 1.87547462488
0.446265099149 0.649380585456
0.022538298084 2.05349974302
0.848477716836 -0.0389317933562
0.23883299258 1.05604867912
0.0572582655374 1.63983705807
0.0280274012467 1.80915667557
0.00397685297417 2.25345604433
0.463018258889 0.500034375712
0.858057600868 -0.0471900246367
0.857817544436 0.0161121308364
0.108913330942 1.57338796795
0.859061918574 0.014975617174
0.250611324322 1.12583752183
0.0172537854959 2.22320103243
0.055426769074 1.89801811914
0.0317285090453 2.05458970778
0.46171659833 0.574740259538
0.00467849579277 2.64355541294
0.853997234446 -0.0372472157891
0.0874795351508 1.56771867319
0.448506962415 0.581311162197
0.250922968402 0.981616081274
0.013392943414 1.97179775565
0.00266941321231 2.47898380156
0.0470746340699 1.74907277391
0.651491768548 0.237983516316
0.244984919265 0.908179228983
0.650367626027 0.117523004171
0.0541737605395 1.47135180559
0.0262537014963 1.65383161976
0.00781696682973 1.92486118998
0.00894485482099 1.88036411599
0.850063883936 -0.0257215217418
0.069870895625 1.48989630327
0.431069820773 0.587359918805
0.240656871393 1.01814434857
0.0218170265382 1.87059886012
0.00341019243764 2.38152926255
0.849569683186 -0.000775249955663
0.64490408236 0.210800018714
0.0103400866796 2.12467877405
0.00205029557394 2.66592791309
0.0460295273682 1.71355920825
0.251414574577 0.952063885758
0.0166446873375 2.03561301238
0.848428660873 -0.053361951369
0.642917002551 0.243424102636
0.853865819275 0.0219793552442
0.0608900422286 1.57119289431
0.0411821039877 1.74511953334
0.00469288065366 2.31244214751
0.251347617007 0.977109904183
0.00750559593138 2.28901034294
0.0309182603122 1.8548697864
0.44681759267 0.589263568652
0.641042828095 0.261698461151
0.849668055468 -0.0209212545372
0.223919859581 1.15194650691
0.0389543836526 1.66956507234
0.256196830845 0.926424157873
0.259829968876 0.935441903725
0.00423340650497 2.32509856704
0.0125697177584 2.11376172581
0.855664832368 -0.053766668043
0.64132020083 0.239168859634
0.0713042058152 1.55610259347
0.251907137307 0.885656034418
0.00430066833233 2.12926659285
0.860732644307 -0.0560987263176
0.0226359528185 1.9146117258
0.646089819 0.135010585838
0.259725280201 0.902864217881
0.0119789400426 2.05746751623
0.439587837914 0.499378715199
0.64642267206 0.151088755203
0.0446423475075 1.78929073474
0.856332397686 -0.0716569473717
0.039342203425 1.749245202
0.00519798749676 2.29644672991
0.00550275123767 2.41148396879
0.0556568599605 1.73914598549
0.432561016005 0.638629666943
0.852750142491 -0.014527915869
0.259799295402 1.01554597886
0.0679794717583 1.73840335615
0.855737745512 -0.027696765453
0.00742343832269 2.39427834861
0.458195154632 0.528535661551
0.238122878467 1.00670419653
0.0568366981422 1.79920970585
0.65115720597 0.192701010044
0.0214586877122 2.14555591982
0.00526578839156 2.35234311622
0.231647828804 1.0379699331
0.0875154008878 1.52699544649
0.0105496037573 2.23755258112
0.659814147223 0.199535954813
0.0657517362487 1.67877025524
0.854408898081 -0.0497559368616
0.443024668853 0.588771795305
0.848444394999 -0.106468423842
0.0294818865989 1.77709349237
0.0669156161652 1.61499204976
0.262855116798 0.978331555592
0.00784065642053 2.2825506291
0.431128602797 0.567924500525