0.0436404627412 0.075963648891 2.22189534068
0.23334232942 0.35683910023 1.66733293718
0.399808720272 0.517819045463 1.39024536245
0.930478974643 0.73737873049 0.587237609856
0.300817315721 0.2055976707 1.73112573183
0.131269096127 0.226660307736 2.03860959059
0.0659634235391 0.408829614957 1.96618516519
0.0792445343243 0.180919891102 2.08429936295
0.00224216859703 0.0199675471063 2.21878049003
0.244924567342 0.668451110366 1.53202930148
0.81600383748 0.166607784992 1.24099174626
0.17931784444 1.37067232494 0.666410072145
0.342140969984 0.0699020412471 1.79292681247
0.179181077565 0.300861678707 1.72409880124
1.49180260535 0.60727380115 0.619802625917
0.607798026991 0.140958246788 2.05718450277
0.547703648955 1.36684005266 0.945925618092
0.618174469508 2.09358039846 0.17338855831
0.58979847939 1.45956380687 0.735961520689
0.34705936424 0.0711046845339 2.4596569786
1.67788218447 0.409760557778 0.971266051675
1.05823027644 0.375251108115 1.47223877294
0.133485184674 2.13978740963 0.435653337741
0.680856929865 1.64542121048 0.329703547304
0.625650246475 1.26707900367 0.716127552818
1.01487689863 0.457393269923 1.1429596338
0.141579159802 1.65948870867 0.818466365377
0.0271537398286 0.00294935303324 2.50503012893
0.770280170914 0.262986918816 1.60259027719
0.422369643769 0.123280546059 1.88020341146
0.517016050894 0.192776854762 1.87763565633
0.586277745911 1.45065163013 0.413089567856
1.76668205624 0.485528391837 0.163213779925
0.497316961236 2.21739621324 0.546246460118
1.34385885209 0.253985446632 1.5768054918
0.495862421904 1.635567535 1.23622369557
1.62304471551 0.310852347483 0.862831913962
0.401349997573 0.297171814032 1.90967906962
1.17334159635 0.96047114485 0.510542725574
0.700903941606 0.624843931712 1.05711070723
1.01549648313 0.521874262583 1.03886476265
1.06507316677 1.47257031262 0.238616277402
1.08222508335 0.886815421115 0.798157169517
0.290214377665 0.293522176728 1.91387596949
1.30008055342 1.11145578898 0.0521651686876
1.96365288303 0.273021911765 0.376126356066
1.03223199228 1.06211997575 0.541852251661
0.903807253016 0.679715189774 0.92717685975
1.23062457343 0.90148592346 0.552799755287
0.744565039302 0.136661694006 1.77571008445