-0.0215861973813 -0.114690987841 1.59502867392
-0.00795214536905 -0.495172120031 1.89939463476
-0.32305842089 -0.257869972453 1.92995728468
-0.0415793452105 -0.3709637451 1.93618770537
-0.00981115445538 -0.148836951544 1.72380425915
-0.0324295626143 -0.420460273217 2.06097100207
-0.0698870916652 -0.163172870436 1.84782864299
-0.197784807534 -0.184975402655 1.91099655421
-0.00841470417182 -0.0367059891053 1.57472526708
-0.23119776983 -0.207447651092 1.91647191226
-0.192315802785 -0.280501663983 1.83653731821
-0.208408549346 -0.406675086875 2.02233877674
-0.190692567659 -0.276100296546 1.89706702869
0.0789685336761 -0.751052478849 2.12433716148
-0.00212870561406 -0.409225248866 1.86526415785
-0.25664036984 -0.256468403227 1.88405335534
0.0993621341806 0.360413969027 1.15475113306
-0.00907872463037 -0.0560427955723 1.58346738176
0.0819943724552 -0.651562313273 2.09034180394
-0.127380978914 -0.423447647007 1.91358338383
-0.291314259632 -0.610329359701 2.25761016316
-0.33487687179 -0.300380405515 2.16416985579
-0.200014248831 -0.438537126932 2.22187387459
-0.12335140475 -0.1829291378 1.79458574293
-0.0111924755242 -0.0526108865959 1.67674697823
-0.100729917833 -0.210121910025 1.86260397272
-0.21370154518 -0.4061744983 1.97101411228
-0.11363645032 -0.424465699443 1.88526431493
-0.00674761166425 -0.740561649909 2.10124131904
-0.602036335844 -0.661105764288 2.60854729138
-0.272164438582 -0.710488936182 2.34292796476
-0.232588899401 -0.228112866273 1.81400261488
-0.397273126069 -0.669299689819 2.42060757407
-0.537999914805 -0.525458627411 2.41503654908
-0.303220603699 -0.490582086296 2.14923396085
-0.073329396143 -0.435290755432 1.86028914785
-0.13005584952 -0.268917709311 1.75250035659
-0.419767720434 -0.278847488052 2.05513749224
-0.0671597783431 -0.483451009817 1.90182281034
-0.344900666036 -0.392349759032 2.09198813975
-0.0573621987898 -0.20337442934 1.61758139517
-0.208320551383 -0.459098489429 2.02810661626
-0.0828634711573 -0.228639610432 1.66226941948
-0.0770695341318 -0.457705269752 1.88294877846
-0.174213404161 -0.195722334691 1.71640583117
-0.296188225956 -0.358452948935 2.00917005122
-0.268822321342 -0.273075742466 1.88804464681
-0.519180976737 -0.428264960112 2.29371263278
-0.137448092709 -0.499869869412 1.99413407515
-0.12478323809 -0.228015374779 1.70474832481
-0.618747829795 -0.424694789478 2.39762426224
-0.113571290042 -0.31050200943 1.78190531742
-0.527672281956 -0.496868988915 2.3699421992
-0.591567096637 -0.43690086014 2.38645470062
-0.219691565944 -0.324264768132 1.901959937
-0.341079007731 -0.448220730216 2.14953197068