219.975403195 -216.755484725
106.87054997 -107.112942792
209.720060832 -209.966596846
11.1845756969 -4.3273398754
16.8553201428 -15.7649540311
25.1864475089 -25.1326062379
194.989895935 -194.911287097
217.773345703 -216.136954002
212.686835057 -212.89264009
111.339546716 -111.58730514
180.255642865 -180.505423726
10.3177292239 -0.139944810635
16.7057390939 -15.5192716105
218.867693882 -216.269510419
10.7728177617 -2.49716181074
14.581100661 -12.290034411
224.765723798 -217.582496808
59.6533724951 -59.756884638
112.736729385 -112.9641256
11.8732701153 -5.66467548386
13.0615570543 -9.12411333226
222.84532375 -217.373634223
214.756730615 -214.567324696
213.309480334 -213.488619679
10.8158821083 0.794092198485
15.1118154127 -12.9313996616
215.870540431 -215.397515271
105.65507847 -105.820215434
174.731342881 -174.765189481
10.6356044152 -2.2497697206
15.1942869601 -13.1818802078
31.2943662104 -31.5427087736
11.3132084816 -4.76295608316
16.756338576 -15.6172517562
50.4309145133 -50.1993325854
109.744845245 -109.992822882
218.007260946 -216.580874561
11.9168749494 -6.5404028335
11.7061479748 -5.29295522647
212.770235997 -212.646190189
219.484893575 -216.279374393
10.5831344411 -1.91777559348
11.6637322896 -5.9022847353
215.953308385 -215.441478113
33.4113939327 -33.6602880481
112.548722421 -112.795876828
16.1765833294 -14.7888328537
204.672594797 -204.90137442
10.4151650672 0.396437798289
35.2583658032 -35.502369456
109.729456167 -109.979147749
18.5082585347 -17.948122167
219.078249419 -217.034064761
213.912207242 -213.9332899
14.5636017227 -11.8328475918
217.535156694 -216.34558244
184.625225276 -184.54383825
11.276197627 -3.95556091064
217.826871503 -216.31440975
18.3136540368 -17.7279625261
215.591641749 -215.275471132
105.802983321 -106.003862017
17.3546957466 -16.3996139911
35.5806161828 -35.8022090155
11.4652425146 -4.55263698105
114.951649931 -115.169945665
217.197679515 -216.247335225
12.5548611889 -7.75702098572
214.110613016 -214.18329593
103.655536356 -103.885179915
167.439743295 -167.233614477
11.2410309193 -4.19246375296
217.996720669 -216.312563991
22.0457067815 -22.1813612857
14.710685308 -12.4929718985
220.471690584 -216.949439262
12.8805814851 -9.00382666402
17.198108286 -16.1548167585
10.6545903761 -2.05920913974
213.802611863 -213.850048094
109.74137289 -109.943539111
224.610225495 -216.161975879
40.5230356528 -40.7680546225
12.2156136072 -7.42555802777
176.585488512 -176.752132376
217.202393863 -216.184119998
10.7695694835 -2.24773491508
220.531147524 -217.359835938
107.42109962 -107.65328848
19.1734862511 -18.7922450684
112.486454584 -112.736450903
10.687909733 -2.66081763783
32.4787278435 -32.6283581899
220.986586919 -217.051198266
17.0693090337 -15.7554160153
212.7575231 -212.909228771
217.397896748 -215.712212757
215.238529635 -215.058401166
50.9039551879 -50.9205860076
219.818704592 -217.309331032
10.154434961 1.44188127661
12.2992814903 -6.86125405353
114.654438891 -114.902838501
16.5307616266 -15.3497442161
219.483851873 -217.063349848
181.196673 -181.440671907
16.2590797099 -14.5382981948
12.5532942057 -7.19495889777
215.028868626 -214.907665269
223.085983159 -217.582401022
111.563609165 -111.799729726
10.6545677896 2.94189820224
10.6207544527 7.2668921184
36.7780300014 -36.801786494
13.6532597218 -10.2215959202
108.211250676 -108.418364853
216.868450656 -215.445691293
13.0003608843 -8.20440145517
223.920934185 -217.673078559
18.7739077371 -18.2669640458
206.043680831 -206.262251518
217.671442153 -215.97195082
111.867750401 -112.083795922
23.1707094911 -23.3507888224
10.7945671994 -2.65328481621
11.3512033835 -5.1406758491
218.016957162 -216.555687362
14.0808931954 -11.0113051615
216.222201497 -215.681135229
211.801984398 -211.895449918
218.8819222 -216.907133169
113.328918467 -113.577376173
10.5103163667 0.1865596057
172.311949292 -171.856675825
217.038463817 -216.0837298
13.249978068 -9.64523604568
22.4173279513 -22.5649256556
11.4909388045 -4.92139839455
215.34251514 -215.125480689
103.290529519 -103.504087588
218.692367561 -216.900068412
10.8604316881 -3.25365952537
16.6615923479 -15.5007146148
10.6229599963 -1.79691022416
13.150541491 -9.36869342625
154.400851385 -154.406130899
221.35287847 -217.320032828
12.8586031518 -8.31729982245
41.7865246709 -41.6874875352
221.059084715 -217.487118769
117.541278806 -117.791123121
213.583921773 -213.75881311
17.5310812292 -16.4104340737
111.121557771 -111.358389365
16.2580766411 -14.6355372411
11.5467795735 -5.03339426527
31.1267310634 -31.2994199661
216.639875189 -215.628607807
213.398601149 -213.426649904
11.2150405843 -2.81919539452
214.443190006 -214.471995703
11.7733859882 -6.15174968512
110.752783 -110.983672527
48.6477675355 -48.422999439
18.6705584626 -18.0412652416
218.473974 -216.477497824
215.40805516 -215.052304388
221.125848704 -217.156695376
162.47404306 -162.72401806
213.649403544 -213.786468204
29.5038708143 -29.7516502759
217.382927531 -216.206571848
101.686771036 -101.917273074
11.0486079917 -2.43401764936
12.233815343 -7.23003761919
15.0476983572 -13.0096237781
11.433933761 -2.67047614094
113.797249249 -114.032014372
216.697425215 -215.460765586
223.02249439 -216.799964828
14.9507474945 -12.5208916165
40.3322835521 -40.4842019799
214.015039993 -213.897962641
11.9450946716 -6.02037666778
19.2401469897 -18.9404491937
221.077479009 -216.819081038
10.4589396803 -0.287592304423
94.7578066575 -94.928572103
12.8912181891 -8.50857812978
23.0520445027 -23.1406156605
212.678885759 -212.520846494
164.312859937 -164.37375302
216.962445858 -215.23396928
219.507333827 -217.094149966
171.909446812 -172.151291784
14.2702513156 -11.2497451558
21.5417377062 -21.3976956205
11.9284894426 -4.75299080565
213.632012635 -213.525817487
111.842338707 -112.081775429
10.1097935972 2.43885673095
212.853021685 -213.087306053
218.963181822 -216.583989757
10.7211138619 -1.50660452984
188.74728568 -188.586637494
12.1957119468 -7.25960559043
108.538859906 -108.780534804
17.9974795809 -17.3071774693
10.7884250185 -1.94520305772
10.2697314142 0.181372376217
46.4763947847 -46.6785459896
18.7762777991 -18.2653982367
113.741232693 -113.989248108
221.844525575 -215.802196083
214.745127714 -214.530612204
13.6741728827 -10.3553710847
211.716279916 -211.952096262
11.3277025945 -4.89581345931
10.5721149677 -1.85001013969
117.219776607 -117.425865705
18.4189307495 -17.9083069804
44.0277992524 -44.1678469319
219.471779999 -217.154003652
13.5772162065 -9.83647536842
214.449756089 -214.471790644
219.666127202 -217.243613456
143.231867096 -143.477919928
11.1820177648 -1.6752296056
28.5639493499 -28.6299345901
91.3539222546 -91.5836537676
14.2933832822 -11.5393553587
12.7929765474 -8.3988906935
212.342522121 -212.538900727