0.00132798112641 0.0160860506964 6.01717088261
0.846481469947 0.000134762381725 4.31366285477
0.00641804664259 0.00469222471981 5.99809363316
0.839559734816 0.000480544959414 4.32280840353
0.850926639394 0.000521994586535 4.31034217523
0.853501180936 0.00101367493337 4.30939289632
0.00202280738934 0.00206524642163 6.00004407396
0.838581999233 0.000828210690668 4.32469648731
0.000136534893519 0.0143056681477 6.01609192007
0.828683623633 0.00162315890384 4.34507632039
0.0142505056577 0.00147878751483 5.9853406856
0.845332583116 0.000626714145587 4.31536514252
0.00341286527108 0.0105584787659 6.00808481084
0.863280008798 0.000126498612541 4.30772336075
0.00457537751497 0.000159229299862 5.99538685283
0.853903802804 0.000255659434168 4.30844605093
0.00170525663846 0.00189676669874 6.00019801087
0.838849540088 0.000373113979766 4.32380873639
0.841817909675 0.0010183751766 4.32008237354
0.850436780507 0.000289617141225 4.31044190741
0.00779861684566 0.00288248684908 5.99458948412
0.839983341241 0.000114834822144 4.32179752129
0.000988807988108 0.0237105509079 6.02796705708
0.855096114214 0.00090443208248 4.30864382809
0.850399926625 0.000682047204851 4.31086380402
0.842178014956 0.000212364539811 4.31878110779
0.000557712098832 0.0084517359963 6.00856360993
0.856788189669 0.000521983205628 4.30779701871
0.00915281845043 0.00222353097619 5.99232873277
0.84483184033 0.00190352639944 4.31723009719
0.0024236276217 0.00404779132249 6.00172319154
0.862169227913 0.0031810532145 4.31058235639
0.843595074062 0.0016057728076 4.31838222697
0.83098825427 3.70891048856e-05 4.33826355072
0.8438870986 0.00104954725523 4.31745685837
0.829114850215 0.00222274736433 4.34469482044
0.00360324812923 0.00905869407285 6.00610556131
0.000256697403403 0.025801884275 6.03175733426
0.851440328367 0.00496473966225 4.31468446317
4.47451150053e-06 0.012102691221 6.01347572052
0.00215890904791 0.000345126618513 5.99814341537
0.825128997374 0.00319886959415 4.35550279938
0.861369265904 0.00109175248682 4.30825978376
0.839364569643 0.00333481662437 4.32606615759
0.859684969557 0.00159985967017 4.30863152128
1.01951229243e-05 0.00790826284814 6.00848695263
0.854733234955 0.000778187676602 4.30864324112
0.826299109292 0.00322960894188 4.35254487237
0.841327825875 0.00272269030059 4.322523905
0.860019544198 0.00232303017762 4.30939330412
0.000445120189423 0.00609888064497 6.00600226739
0.83098463258 0.00139122069191 4.33964378027
0.843732695297 0.00101028135996 4.31760383707
0.836959382043 0.00076078866612 4.3273361788
0.00166564998809 0.00889075133624 6.00794306882
0.851995791493 0.00191291667312 4.31110102743
0.834531100187 0.00114475402391 4.33214807766
0.000161588359639 0.00403072944727 6.00402198047
0.852199409705 0.000775601460246 4.30981851808
0.844273296129 0.00113876928001 4.31708815737
4.03207114529e-05 0.00237777356124 6.00239071894
0.850755438774 0.00227458945245 4.31225553249
0.828317113957 0.00449923776718 4.34898124963
0.846516742361 0.00254897457114 4.31610268015
0.837512745919 0.00089945796566 4.32653123879
0.00901686821803 0.000681068590633 5.99090322274
0.0053642855688 0.00968011671247 6.00492666439
0.830101032995 0.000712202685355 4.34090007
0.856194567978 0.000788893174808 4.30820280136
0.849105145025 0.00115886931842 4.31232471193
0.000772916491199 0.00480101157164 6.00423962907
0.839875227178 0.00125238374242 4.32311257752
0.854137254183 0.000818919491235 4.30891657968
0.855228383281 0.00142846830658 4.30913541468
0.848105515566 0.000910204061967 4.31291332721
0.00573588718359 0.0069369650537 6.00134436117
0.00417848831663 0.00938610699233 6.00587233784
0.827470392983 0.00238855741255 4.34876448433
0.00164217604755 0.02519173921 6.02944929923
0.859795026072 0.000947409034545 4.30796634313
0.00231150739145 0.0280787263256 6.03306107352
0.0115310007161 0.0037930657735 5.99114694309
0.851600996678 0.00263313025022 4.31208692917
0.836697189749 0.00138950981837 4.32843378116
0.00310526849572 0.0221647649941 6.02356520192
0.00515777327935 0.0156768410066 6.01257628931
0.000790774041328 0.00994140735464 6.01007484326
0.84512699874 0.00157800592967 4.31656284061
0.0046222422691 0.00428234929514 5.99963159868
0.861863359869 0.000414416852013 4.30765899985
0.832939525173 0.00244262274626 4.33662553661
0.00132530731754 0.00593401582585 6.00492385232
0.00214419271374 0.00406010232723 6.00202790575
0.843044838045 0.00307228269737 4.32060040043
0.834957109377 0.00420033185804 4.33455012232
0.848037498909 0.00383887442162 4.31603315747
0.859522982171 0.00103451944101 4.30804955786
0.858034245625 0.00180615136051 4.30891464963
0.837610062629 1.30218668687e-05 4.32547322703
0.000277819994998 0.00386848195898 6.00373094652
0.831144797695 0.000217160814963 4.33810480929
0.857918230992 0.000296324628984 4.30738789202
0.00231657309778 0.00248153021585 6.00017241538
0.831564009004 0.00283991343518 4.33990351283
0.835310888219 0.00338730065817 4.33301872305
0.000812134489925 0.00888537328146 6.00881023812
0.853707317778 0.00237514279379 4.31070422776
0.82757674624 0.00254740537493 4.3486727778
0.842234814797 0.00263478196916 4.32119277942
0.00206990965985 0.00081269607812 5.99870863304
0.856361433313 0.00360757856649 4.31109735807
0.000809939367727 0.00776849945732 6.00752065087
0.845078441884 0.00142454328363 4.31645903884
0.829247859665 0.00126443719415 4.34339843572
0.849987365475 0.00141373186564 4.31190676454
0.00473386792485 0.00456942948245 5.99982115259
6.15904617107e-06 0.0243692708032 6.02991104487
0.844376534695 0.00010861991622 4.31592492642
0.832934957264 0.00160292368483 4.33576309489
0.848787133941 0.00303658486409 4.3145361896
0.834209914662 0.00392314344588 4.33567680717
0.838774970558 0.00311665916223 4.3267611164
0.00434405809217 0.00726343335942 6.00323841059
0.00210926498746 0.0170215729347 6.01758936024
0.00197102499625 0.00311259643205 6.00119625542
0.852526889985 0.000988207057083 4.30985425613
0.841485814096 0.00250764505401 4.32207798107
0.830722154791 0.000607452594297 4.3394181678
0.854436991928 0.00115637114102 4.30914016782
0.000866350768955 0.0203129226637 6.02330458988
0.00556419544103 0.0136535676433 6.00954983358
0.832144329821 0.00320512773706 4.339065521
0.0154054312658 0.00155595154826 5.98394443003
0.842745436145 0.00282187204065 4.32071961798
0.00522350969703 0.00344421468145 5.99807543615
0.832002648727 0.00124079181223 4.33731543478
0.000936483281701 0.0164086148721 6.01799131574
0.847537432702 0.000483252596028 4.31299374192
0.855191055579 0.000195825408015 4.30789617285
0.836615457573 0.00197178686618 4.32917774622
0.85341466153 0.000494847609178 4.30890697268
0.00450972745124 0.00510636422097 6.00065067253
0.00134568621318 0.0165975030007 6.01782048522
0.844908817331 0.00228732865632 4.31754207401