0.126906546112 0.0846308728516 0.580774362013
0.153632747255 0.000567472964442 0.955178955345
0.178692946164 0.0149256992217 0.959797006901
0.284430126239 0.00885810014587 0.895823853463
0.204042837376 0.0343044627369 0.990603459589
0.137883326141 0.0695610651161 0.644318538384
0.507807818918 8.61553967011e-05 0.684686037801
0.347381230546 0.0752159842532 0.810922634455
0.163320081473 0.00668347198513 0.939208562972
0.135127905568 0.185314464876 0.815227137962
0.105973469943 0.151663153097 0.653658012816
0.148568029112 0.00225657045642 0.902044701504
0.154522424865 0.101943430206 0.697947832612
0.151571913787 6.3521668492e-05 0.989521269001
0.148961541674 0.0131779991049 0.997746142156
0.127041410034 0.0830554565941 0.580795952995
0.153791195928 0.000555234367534 0.955181171861
0.17887350941 0.0146464662067 0.959798984444
0.284703998106 0.00869169548836 0.895829141452
0.204245770836 0.0336648772944 0.990603842979
0.13802787661 0.0682658752929 0.64433684112
0.508278812219 8.28670072623e-05 0.684702251624
0.347710654119 0.073815639948 0.810932315861
0.163487078811 0.00655750502303 0.939211605914
0.135270024494 0.18186681478 0.815236596621
0.106089861304 0.148841256645 0.653675832259
0.148722008383 0.00221292271511 0.90204966758
0.15468165864 0.100046083085 0.697963360171
0.15172854386 6.06541582748e-05 0.989521708392
0.149115868203 0.0129312649633 0.997746155931
0.244666246104 0.00655368562521 0.997912452545
0.150151657239 0.0221062182179 0.84979941405
0.280979493161 0.0257435732986 0.877185517127
0.149316423771 0.000365449431008 0.999751351638
0.15472391376 0.00608258014499 0.90051838486
0.146882842628 0.00271668245538 0.869863425082
0.132197865571 0.0136910996261 0.752038056923
0.140661339784 0.182428295169 0.867230217342
0.206534967968 0.0263172458519 0.921814103905
0.213014519247 0.0368278164038 0.953067229114
0.161256019127 0.00950645190604 0.908972309413
0.126734743229 0.0828213098716 0.580554267268
0.153475941712 0.000554970925675 0.955155439099
0.178550203088 0.0146062549509 0.959775915329
0.284346717313 0.00866836565748 0.895769173238
0.203914319327 0.033570749961 0.990598542729
0.13771768285 0.068073656164 0.644131807061
0.507849757817 8.39426991046e-05 0.68452050115
0.347333146473 0.0736076875625 0.810823377441
0.163168711953 0.00654022549667 0.939176661583
0.13496071608 0.181352543665 0.815130140998
0.105789920518 0.148420611046 0.653476185119
0.148408381515 0.00220795982422 0.901993287491
0.154366118562 0.0997637689355 0.697789258973
0.151413951813 6.17928222384e-05 0.989515783945
0.148802114896 0.0128959162021 0.997744975512
0.244321818521 0.00653641692662 0.99791136805
0.149837571415 0.0220448590035 0.849712894958
0.280623408036 0.0256719023964 0.877114794893
0.149002606079 0.000365724018289 0.999751327857
0.154408360117 0.00606664700275 0.900461121497
0.146569806182 0.00271029143524 0.869788479318
0.131889543404 0.0136535967783 0.751895147104
0.140350300611 0.18191243229 0.86715375269
0.206202781565 0.0262439486217 0.921769124343
0.212680252731 0.036724722324 0.953040276987
0.1609383685 0.00948081228861 0.908919922444
0.302347207546 0.00981557470763 0.8810325466
0.126967452252 0.0359509707199 0.880663520947
0.379713891972 0.0011750609855 0.758261039112
0.15492272565 0.0908147179467 0.853893984624
0.338240292686 0.0267440357 0.753961741944
0.238929055657 0.00789104382163 0.954530611526
0.150481655016 0.0291137741056 0.951421295462
0.160030423414 0.00267016660314 0.960913533304
0.218531085246 0.0141838309145 0.963231494782
0.245688734885 0.00459644538793 0.961954871079
0.18464386119 0.0105010687967 0.816374749977
0.183817810787 0.140107625464 0.820345114009
0.24795959333 0.00285436917702 0.957372848225
0.216129133536 0.00103447758425 0.930162602062
0.155480095475 0.00421657697744 0.711402475085
0.152923097041 0.00668409829238 0.997575775821
0.13775865915 0.10334648158 0.795917467466
0.22769567589 1.573195862e-05 0.832181877703
0.178975139883 0.0826121559869 0.941924851934
0.242740450975 0.0010811763019 0.994520815627