-169.006098967 128.167448224
-10.4101599716 55.90180311
-87.8336934969 75.1447580083
-27.0441845203 112.168365653
-98.3262068804 80.4412780247
-6.19273141951 43.9033529553
-143.48655867 108.127875529
127.607736959 69.0859534323
7.83196546192 63.1030561017
15.3421253594 82.8202883895
-121.624069077 87.7237781981
-100.074852306 62.3669796472
-117.384179363 76.718640683
20.029939592 68.5110845207
-163.973204055 59.9575259654
-111.577780195 87.6636186164
20.11531876 92.1824684186
-80.4193816712 137.347921518
61.3500054225 66.0069338632
-157.4796275 64.5595702113
-53.5336456331 45.9046195606
-64.0964443095 59.7631424869
-16.0779024763 48.1638845295
5.50171055177 94.3683970149
19.4877091203 48.6999478431
-118.330215893 118.831243083
-6.42465924778 59.3699770388
-2.13540878705 67.4266661042
-6.02088384101 105.62675635
5.34756691124 55.143294397
-2.38768406853 72.9326139052
3.22289624614 71.085523168
-47.6953453777 98.2741360604
-86.1845145456 77.623067215
-25.8067700203 48.2462916404
3.87962716157 73.458562261
-4.40345819474 111.245062057
23.7956336037 64.2579197885
-8.8186740888 72.4957176358
-6.07751738804 68.3528389287
3.27914369229 36.2452895892
-56.2730697747 65.826184283
-1.36319826518 84.5514219846
-53.0260275163 44.4444673867
3.18259186929 52.0340799673
-15.8627300598 80.7661967765
-1.76594075039 50.0748228279
-55.9117646785 81.3800859717
-124.319405515 69.4261021338
-21.2003559955 65.845253439