5.25071473435 -12.6516499963 15.3864697896
5.39336791075 -12.6976845009 15.3854800515
5.23702105162 -12.668035061 15.4152806224
5.48347485994 -12.4596994048 15.1346000337
5.20665673714 -12.5067678081 15.2572336918
4.59346542734 -12.8746872156 16.446330645
5.53130676827 -12.5946778066 15.2138576323
5.09637768398 -12.1077308236 15.1075278306
5.48372825327 -12.4169999348 15.1137628652
5.08979982133 -12.8111654436 15.7895896211
5.29107548234 -12.416124674 15.1661689734
5.28056877113 -12.4536082263 15.191674799
5.19096408147 -12.5573942678 15.3083058931
5.42843006562 -12.7427218506 15.44347971
5.38686265574 -12.8191304844 15.6371585249
5.30846416891 -12.6690544534 15.3828693415
5.11457027368 -12.7655900654 15.6572254342
5.15377488701 -12.8511109304 15.8791583734
4.73924112897 -12.8091642467 16.0530743967
5.15835752379 -12.8459610882 15.857194939
4.4719730108 -12.8083106408 16.3236034101
5.44846394137 -12.4365095567 15.1317128819
5.37965024832 -12.6089115138 15.2811715992
5.16716130833 -12.4787072627 15.2516996877
5.22440976681 -12.408151723 15.1837378634
4.28975348516 -12.8332422483 16.6467768425
5.08002725482 -12.8494387028 15.9223128627
5.17929071341 -12.7458789637 15.5768602046
5.23364050831 -12.697232691 15.4605713448
4.5819637824 -12.7956550304 16.1635633141
5.26471266569 -12.6425045413 15.3682233932
5.52098979152 -12.4731650441 15.1322052013
5.49035666755 -12.7638743919 15.4554193416
5.54484601417 -12.606940811 15.2205529012
5.13637347992 -12.7573687981 15.6258499491
5.0044935677 -12.7932386045 15.7974773547
5.06018957429 -12.8595116081 15.9755510199
5.3943611003 -12.7157181214 15.4129014592
5.04886786806 -12.8067439082 15.8042783607
5.34179699919 -12.5157129912 15.213148722
5.31272216917 -12.6912308396 15.4125689458
4.84900181959 -12.8671447037 16.1707464832
5.2804486589 -12.6230293613 15.3377008352
5.22510092978 -12.662723452 15.4137268792
5.26771131055 -12.7934654861 15.6334506295
5.11849242335 -12.244305663 15.1430007016
5.27050427386 -12.7722014452 15.5817217685
5.30855459321 -12.8289979194 15.7093315187
5.48417564274 -12.4088813903 15.1101091936
5.24546213789 -12.6546976939 15.3929815878
4.53669053352 -12.8250824411 16.3061010306
5.25837054678 -12.1773649334 15.0853984382
5.36960326886 -12.6893580674 15.3838055708
5.49525694214 -12.7040610142 15.3518065577
5.45490528334 -12.4410652166 15.1323397529
5.26401876812 -12.6510769631 15.3794777958
5.3951821307 -12.4979879411 15.1828698342
4.75734964629 -12.8435571492 16.1540306041
5.17961301733 -12.8382629032 15.8166187782
5.25158042755 -12.5732420459 15.2973210248
5.26312411131 -12.6659173885 15.3997301377
4.45890117562 -12.7866604977 16.2733006944
5.24414081878 -12.7995494183 15.6623895814
5.38161751122 -12.7512488382 15.4813692237
4.50633898078 -12.8258489282 16.3426389932
5.04842094143 -12.781080593 15.7362308844
5.47000792102 -12.4962433685 15.1592848752
5.30626317983 -12.6724560087 15.3885568008
5.37992029517 -12.3979942678 15.1311064734
5.17027211693 -12.7689403617 15.6312030136
5.16476989491 -12.1665177695 15.1045826303
5.48801615194 -12.6802301473 15.3217590419
5.37206364847 -12.6468297958 15.3265684333
5.43637283739 -12.5013071682 15.1723674211
4.40234183379 -12.7989140939 16.3787918587
5.34695665855 -12.4735329552 15.1822748371
5.04135579877 -12.7421579994 15.6526722187
5.37442412782 -12.5146599451 15.2012346937
5.09656292429 -12.7205844196 15.57633931
5.13738746072 -12.782265538 15.682297192
5.28010939813 -12.6688601204 15.3957531103
5.27537995458 -12.3884278316 15.1564968282
5.10503672043 -12.6940654555 15.5250957357
5.48188095036 -12.7345213411 15.4053530537
4.24190231076 -12.8126957955 16.646728288
4.48773886806 -12.7951390218 16.2646537179
5.59300665431 -12.6490192997 15.2465677313
5.34026450548 -12.4384821632 15.1633129819
5.35560129199 -12.7280467536 15.4514956375
5.36795094221 -12.6465320141 15.3279218116
5.28509420883 -12.7974779677 15.6338973975
4.62573013877 -12.8770188071 16.4240713826
5.17977861951 -12.4549880632 15.2295642468
5.13586104248 -12.335164833 15.1761999919
5.08049496841 -12.730456051 15.6047206115
5.45431580662 -12.5754148467 15.2224058448
5.28570430204 -12.8015018925 15.6439467676
5.51231505176 -12.6355404229 15.2598960747
5.4077746305 -12.5128750898 15.1890697948
5.57286720918 -12.5282438173 15.151258046
5.27730950113 -12.6981476957 15.4401578112
5.33742972317 -12.2374900537 15.0839896937
5.12536907259 -12.7983436106 15.7308667822
5.54793791666 -12.6068625916 15.2194817437
5.48317690143 -12.376612266 15.0973666123
5.19277184098 -12.1087065114 15.0842282614
5.09670222894 -12.8254843951 15.8284427976
5.15875349238 -12.6477668548 15.4267460175
5.06474265068 -12.2963389887 15.1837643168
4.96543987799 -12.1959366852 15.1799254634
4.80610164666 -12.8156109956 16.0150981574
4.57510922904 -12.8628204678 16.4113608708
4.94635115677 -12.7589799012 15.7535529918
5.39399870212 -12.4947169709 15.1810648384
5.15571848317 -12.46953767 15.2496232421
5.41067775287 -12.7075531168 15.3927693157
5.18478952281 -12.3933658892 15.1892953308
5.37974730552 -12.767311489 15.5145033858
4.69597307371 -12.8287229911 16.1567974517
5.59777808221 -12.659779119 15.2567882251
5.25463212063 -12.6665304286 15.4046381252
5.27154898389 -12.6170378602 15.3347730929
5.19787632041 -12.2735120264 15.12967103
5.06306747632 -12.817791341 15.8271824909
5.22201889306 -12.6954835146 15.4637572715
5.01199736743 -12.7395192838 15.6662906801
5.29750467699 -12.7966330467 15.624897539
5.15043147003 -12.7542567069 15.6108544212
5.44003974991 -12.7771004493 15.5060764385
5.27516292262 -12.7434859664 15.5198513472
5.54970165567 -12.7482953093 15.4005481051
5.49948840734 -12.7477340843 15.4208876691
5.47938219232 -12.7339889582 15.4055269741
5.50398734504 -12.6796234859 15.3147601305
4.79602755671 -12.8540731268 16.1608312526
5.54747283456 -12.5141890946 15.1491083716
4.30447663096 -12.7743875598 16.4385625779
5.37272008782 -12.7004753755 15.398864382
5.29317680706 -12.5773589686 15.2840411674
5.17101349459 -12.6515822225 15.4256041046
5.45738481801 -12.7860976855 15.5177460888
5.29864715665 -12.7655031574 15.5520661367
4.54935940539 -12.8240478393 16.2887011969
5.0766521779 -12.8553995795 15.9475608253
5.4399059217 -12.623513748 15.2734675265
5.28061802035 -12.3796174814 15.150522969
5.21110530381 -12.6130921409 15.3577245642
5.05342155871 -12.3077034894 15.1935819183
4.5092211446 -12.8286293963 16.3491735726
4.68605934378 -12.7956463647 16.0611858421
4.85564807131 -12.8565255766 16.1200071914
5.25946927298 -12.5897700387 15.3105444508
5.25084048264 -12.831195305 15.7497127008
5.52865284887 -12.5643848026 15.1895388656
4.34907552296 -12.8372328167 16.578638405
5.22575157762 -12.3702274162 15.1630501576
5.0971690006 -12.7354190959 15.6042714348
5.51708643713 -12.6309854689 15.253432459
5.08535305815 -12.1606342178 15.1252104502
5.53703124489 -12.7460301482 15.4018319198
5.26638085458 -12.1635113229 15.0805790085
4.80655114226 -12.8124025984 16.0046730382
5.15527867394 -12.4583324408 15.2417169236
5.05816532226 -12.0058458942 15.0956237745
5.18040503637 -12.054267324 15.0766051593
5.52682368638 -12.4960587288 15.1436004261
4.68631338134 -12.8765982595 16.3616087058
5.3156498786 -12.5426689949 15.2439786046
5.081348966 -12.7503090249 15.6444225957
5.46864949166 -12.7317847962 15.4064459717
5.39800299971 -12.4217154623 15.1377033634
4.29176917122 -12.7885421358 16.4970282699
5.25628300302 -12.4895950697 15.2247515021
5.4671251385 -12.4386482193 15.1279931779
5.38747926483 -12.8041185301 15.5961077655
5.31300990123 -12.8088892735 15.6484826136
4.33974263145 -12.8123429563 16.5036453614
5.41383879746 -12.2934958659 15.0841337923
5.47580395794 -12.4332296568 15.1231772045
4.91533702504 -12.782191826 15.8327056352
5.39003865519 -12.2821316694 15.0856008288
5.41946733985 -12.7125689034 15.3966965141
5.27853694944 -12.673046652 15.4023325758
5.46856671925 -12.7591740027 15.456038029
4.71966922053 -12.8219296086 16.1116913899
5.2014635078 -12.4505333777 15.2181716781
4.79193612294 -12.8713658761 16.2390281063
5.31857040078 -12.4120659133 15.1555003742
5.20879550412 -12.6126128796 15.3582533085
5.00382080963 -12.8161105735 15.863271067
5.33900122408 -12.5390498967 15.2323494493
5.06174761695 -12.7354844954 15.6262021655
5.18261134305 -12.4448867698 15.2216277263
5.51689030301 -12.4508821016 15.1217301722
5.01980079036 -12.8422505875 15.9382929145
5.44448449732 -12.565049513 15.2169338598
5.32600332981 -12.4941450502 15.2030278345
5.02316980973 -12.1905611955 15.1557560458
5.0614191053 -12.0834438841 15.111378574
5.19728129584 -12.2646573546 15.1265858012
5.33153056111 -12.2685456169 15.0939618554
4.90658907222 -12.8190417914 15.9446295201
5.43707491943 -12.7296505065 15.416720852
5.22040397065 -12.7011603926 15.4736881456
5.0801855636 -12.0097491205 15.0908260253
4.94668534216 -12.1433308643 15.1682864331
5.2904527292 -12.8134693885 15.6737068387
5.33398342253 -12.4240533558 15.157244793
4.57471928028 -12.8668754852 16.4298587248
5.26748251811 -12.7510157843 15.5386611596
5.60591224618 -12.6371072349 15.2299291259
4.53551707361 -12.8568172921 16.4286880944
5.10505489347 -12.2243911569 15.1400138104
5.32544990873 -12.4014270102 15.1479925852
5.19431391007 -12.5608418492 15.3101374652
5.0208789583 -12.2434626228 15.177148279
5.55822575571 -12.6782799621 15.292691055
5.46742868206 -12.7279507464 15.4005704288
5.22303675307 -12.1539520406 15.0875319323
4.65301291384 -12.8118743468 16.141973995
5.15644421427 -12.7610610405 15.6218990931
4.62699064922 -12.7982201952 16.1255531198
4.57162432394 -12.8436459816 16.3361857267
5.50611145176 -12.7152828252 15.3641428715
5.18698062876 -12.7889516311 15.6687824133
4.25304323395 -12.8340417063 16.7042178263
5.13384827594 -12.6787460621 15.4845468388
4.41285341191 -12.8577130913 16.5776272541
5.32518753202 -12.4411631357 15.1695223152
5.1330834005 -12.2208567857 15.1300444802
5.06417842594 -12.2835859712 15.1781222594
4.85335917287 -12.8396566309 16.057009328
5.16220233667 -12.7149031661 15.5282452372
5.02019082997 -12.7414737702 15.6649627221
5.21282576525 -12.7875948006 15.6502127849
5.27032278086 -12.7669186163 15.5702248577
5.0465144245 -12.7730360477 15.7178949791
5.26374596861 -12.2324795379 15.0987377376
5.18092340766 -12.8080921513 15.7229465898
5.09969194231 -12.8265552981 15.8298582949
5.45065206508 -12.6407398409 15.2882058462
5.23404231534 -12.4089200566 15.1808740648
5.05949767083 -12.7665903151 15.6942943762
5.32825689247 -12.7109435853 15.4358822739
5.26060737633 -12.1531161835 15.0794844314
4.7722371493 -12.8770467452 16.2834801621
5.03657925447 -12.7732698379 15.725030978
5.43423427342 -12.340938292 15.0949870712
4.71666990289 -12.8165084951 16.0966925092
5.05137694467 -12.7525583676 15.668220378
4.41000183885 -12.835208396 16.4915607535
5.32255965386 -12.2639902964 15.094584756
5.15107915331 -12.3414348613 15.1739100894
4.27624822237 -12.7853795443 16.5105119742
5.39844742994 -12.5993065934 15.264320106
4.98003499024 -12.8396519623 15.9580192139
5.24629376937 -12.7202771392 15.4923935816
5.30883940574 -12.6601854804 15.3708141389
5.49211160516 -12.3971119755 15.103409167
5.09330839571 -12.0471945959 15.0947493086
5.01044905269 -12.8083708706 15.8355365595
4.30712506095 -12.8009275438 16.5124569286
5.15533766717 -12.3955369229 15.2013258288
4.50521848882 -12.8184196126 16.318452741
5.3609402795 -12.453204466 15.1654634825
5.25961686586 -12.6643780585 15.3992868513
5.56807185295 -12.5302601396 15.1538502322
5.3759483612 -12.2880051811 15.0902442411
4.90020261202 -12.8565414241 16.0837283517
5.11491445905 -12.8414434562 15.8695946074
5.11638736218 -12.1477847022 15.1124565258
5.56203197421 -12.6379977816 15.24530608
4.62858588197 -12.802936013 16.1381597937
5.20816933117 -12.6971031548 15.4735213314
5.38343753616 -12.6081285384 15.2788977234
4.6942463776 -12.8168160174 16.1184785483
5.12143166305 -12.1003305349 15.0991324384
4.52475844336 -12.8636679576 16.4703552871
4.29686832683 -12.8217188104 16.5953331575
5.08214749785 -12.7317336089 15.6061925355
5.35885905188 -12.2730183891 15.0893888682
5.20579189546 -12.7551204802 15.5807679218
5.46710164516 -12.4079407124 15.1136888854
5.56144031362 -12.6039173917 15.2124935778
5.33723165346 -12.4686922582 15.1823439033
5.09253045139 -12.8489436338 15.9118834615
5.45317533606 -12.4564107819 15.1408332752
5.33246274968 -12.7144872938 15.4396558972
5.14609317481 -12.0725557883 15.0872451646
5.31609182886 -12.7262372383 15.4674867411
5.40805614866 -12.5688366631 15.232676346
5.21506125631 -12.8064298836 15.6977879697
4.48453537927 -12.8264762221 16.3698444853
5.49636682319 -12.4477335138 15.1251858863
5.40328022909 -12.7381508824 15.4468476878
5.24018457777 -12.2436974346 15.107908531
5.07954170942 -12.183623793 15.1342285477
4.99684235639 -12.8328073418 15.9219260693
5.32911431658 -12.6862601166 15.3976219778
4.31479403038 -12.8100266121 16.5305952615
5.32975490153 -12.7865504395 15.5828611923
4.45268421337 -12.8422995247 16.4658543765
4.92343403048 -12.767996696 15.7912926188
5.31411883932 -12.5921715606 15.2901387308
5.14260612441 -12.7373359862 15.5810468912
4.94239838317 -12.8372777962 15.9779119629
4.96661874238 -12.8073857495 15.8640547947
5.08881852747 -12.1123559381 15.110791251
5.29886787642 -12.4692714305 15.1954861773
4.90706911603 -12.800349073 15.8881983971
5.41873257618 -12.7487680835 15.4590844548
5.31313626592 -12.2857662427 15.1036272352
4.43893937094 -12.8388044161 16.4691502798
4.66014627525 -12.8760221585 16.3845010199
5.10644100316 -12.777150753 15.6891733724
4.82528025191 -12.7913464403 15.9274873171
5.10747530216 -12.3597918402 15.1994172726
5.3704760889 -12.81593535 15.636807274
5.14640284585 -12.8404557315 15.8454285628
5.26234954093 -12.739419015 15.5188013984
5.0873406277 -12.8271351776 15.8399688382
5.18496024828 -12.8198010355 15.7543380551
4.92110074468 -12.8536361138 16.0554975112
5.35308248513 -12.4454733934 15.1633817587
5.56072369474 -12.7126851533 15.3384930329
5.10677120854 -12.7748570801 15.683499743
5.261346097 -12.7749040474 15.592799958
5.43599276257 -12.5316327752 15.1935385324
5.08657196036 -12.7477775829 15.6358459549
5.4275566751 -12.7281078501 15.4183651535
5.53272117835 -12.7503383813 15.4113428172
4.35939470766 -12.8471778832 16.6034103492
5.39424547393 -12.5769181245 15.2447689649
5.096461723 -12.2936303769 15.1707953767
5.00660724821 -12.7802143527 15.7623003721
4.88492293607 -12.8561282901 16.0943621493
5.31285013898 -12.8332958642 15.7204440737
5.12170907024 -12.1212479157 15.1040732029
4.6366311714 -12.8063647078 16.1407315321
5.33711640939 -12.4810468586 15.1903709687
4.34426675175 -12.8475725857 16.6253795695
5.36038086178 -12.293121084 15.0951870168
5.51221843193 -12.6068890938 15.2312580732
4.2774204661 -12.8251404268 16.635591829
5.11743418533 -12.3713548081 15.2019514128
5.20864994747 -12.4620882397 15.2232658697
4.60594333302 -12.7981293128 16.1463577863
5.40670796911 -12.787066061 15.5446356303
5.42137919418 -12.6314598086 15.2890730857
5.34252555858 -12.75977508 15.5175165259
5.42265458572 -12.6548740528 15.3156675727
5.22045423903 -12.6409786958 15.3871129116
5.24972924125 -12.268459508 15.1135967913
4.82635747628 -12.8779937926 16.2404535407
5.3943061672 -12.7641670155 15.5008616051
5.16061606832 -12.6591328662 15.4414137778
5.1385981994 -12.6956531427 15.5087199754
4.94178256632 -12.7978280494 15.8550265256
5.3911899034 -12.3148686419 15.0954745586
5.55135087534 -12.7000598387 15.3240217031
5.04320687578 -12.0800953285 15.1159014543
5.25274179345 -12.8033780044 15.6675472159
4.88770257292 -12.8203884521 15.9636822971
4.88206826435 -12.7898446039 15.8782498512
4.32097376122 -12.8059643528 16.5088490129
4.5803192006 -12.8053118044 16.194528451
4.50393367817 -12.8467792957 16.4232368214
5.51347772605 -12.4197661646 15.108127554
5.17006028563 -12.1092983253 15.089395729
5.39053999783 -12.7468470694 15.4687424164
5.16566203236 -12.4286617581 15.2175967846
4.43062088071 -12.8162276451 16.3990293412
5.5287981207 -12.6868381849 15.314693259
4.35381649829 -12.8450658686 16.6024863528
4.87206704648 -12.8642449411 16.1388573794
5.25874000053 -12.3009466198 15.1228896136
5.19417636075 -12.4715920934 15.2355698305
4.75551891478 -12.8457581948 16.1640478145
5.3025951736 -12.1824913576 15.0776381754
5.10526669451 -12.8357121686 15.8562369445
5.49753253355 -12.5138800175 15.1626729846
4.24836811043 -12.8042819632 16.6096146705
4.36024077396 -12.8405156016 16.5761490928
5.20843283045 -12.7401256216 15.549173247
5.50643312725 -12.5268331937 15.1687455417
5.25521484596 -12.8280813085 15.7372975536
5.3970421392 -12.4365360686 15.1456060714
5.30559098077 -12.3215206746 15.1182809255
5.03238794297 -12.1802507101 15.1488592856
4.42872899284 -12.836614855 16.4734444975
4.7116774148 -12.8184179459 16.1074805083
5.21225448316 -12.6670285567 15.4261311641
4.7528833156 -12.7977883631 16.006964248
5.12009408856 -12.8403275946 15.8622414704
5.19443530018 -12.7223059519 15.523619256
5.21048132089 -12.4430082356 15.2098531549
5.2401449241 -12.7122373419 15.4817838136
5.17950052206 -12.7355301022 15.5564296548
5.23126120468 -12.4312526354 15.1949503661
5.22068720097 -12.4824093982 15.2330439831
5.10294011061 -12.8214722388 15.8117628586
5.45181345651 -12.5075695139 15.1718588843
5.29776426426 -12.535828554 15.2450361003
5.19363122143 -12.5584830636 15.3081656915
5.35437771 -12.2952831547 15.0972133943
4.86194844926 -12.7920385144 15.8999674906
4.8428721929 -12.7989631021 15.9346420709
5.42886291235 -12.6216600826 15.2756521448
5.20116072986 -12.3385968909 15.1557672082
5.47740791152 -12.7284990099 15.3971825237
4.84786219976 -12.8741541667 16.2037346492
5.05104017019 -12.007117123 15.0977216063
5.11323233232 -12.7786525088 15.6885249057
5.36689388554 -12.5006614165 15.1938132889
4.61340950171 -12.8180666277 16.2013683338
5.48576274508 -12.4950326598 15.1541037621
4.75578297347 -12.8522533635 16.1892532107
5.24357070939 -12.2738999923 15.1171027266
5.45311368204 -12.4076184697 15.116893076
5.36836684251 -12.759048394 15.5031659314
4.92956986624 -12.7932312336 15.8514113757
4.9963851459 -12.8402689063 15.9481784391
5.27996981258 -12.7416338854 15.513806911
5.51874178758 -12.4270397354 15.1101285882
5.49865194299 -12.4166575944 15.1101468177
5.30537169791 -12.683114856 15.4040725987
5.36499511208 -12.678436345 15.3704095862
5.32947889261 -12.3043630419 15.1060364856
5.18915921982 -12.7986189669 15.6922689338
5.26813530252 -12.2722923212 15.1101710614
5.12647326463 -12.6883066516 15.5036001063
4.43894940891 -12.8302499007 16.4375130832
4.27348024821 -12.7876658198 16.5212555157
5.0213682636 -12.1385452085 15.1390909446
5.29983177089 -12.2181950997 15.0867474288
5.43141015149 -12.4095890901 15.1231385837
5.22623355255 -12.6065967777 15.3433547217
5.43287915269 -12.652426738 15.3086551332
5.60123450865 -12.6524964624 15.2475770592
5.20226637909 -12.3931803453 15.1830219787
5.13246661911 -12.3406946569 15.18015176
5.19102090051 -12.3307694811 15.1554359298
5.29754457831 -12.4029341874 15.1571150704
4.81709630108 -12.8680677803 16.2020455621
5.56766468987 -12.5803388069 15.1904604001
5.60458939522 -12.6246922565 15.2181522501
4.51221828804 -12.8614068319 16.4745948421
5.42291036183 -12.7780559252 15.5163894933
5.35450670751 -12.58659597 15.2686590426
5.46290765328 -12.6532228576 15.2979168376
5.09438167474 -12.3337951728 15.1907617525
5.10095122782 -12.000841242 15.0844120223
5.33477556553 -12.4622430985 15.1791010959
5.52134108627 -12.5803581666 15.2047143466
4.90195241107 -12.860352441 16.0980298226
5.34190672331 -12.5945415815 15.2813726491
5.1398154085 -12.8265470634 15.8035775839
5.26301572932 -12.8213235341 15.7121349331
5.39925216927 -12.546846141 15.2173848661
5.34236115588 -12.7328709222 15.466343352
5.27592370381 -12.2244496567 15.0936430254
4.75419001161 -12.8518219704 16.188967569
4.29233931938 -12.7892319779 16.4982312477
5.41911943148 -12.3088414454 15.0876653879
5.09395748904 -12.269723087 15.1613185287
5.583667094 -12.5423094957 15.1576732576
5.49399629004 -12.4134390858 15.1098164746
4.65000860601 -12.8113132211 16.1431182407
5.34258543727 -12.3183018249 15.1078181764
5.50782207713 -12.7566987321 15.4338165481
5.47885762626 -12.7625992124 15.4580806685
5.39718172324 -12.7202592014 15.4190067444
5.18521549308 -12.6648825922 15.4368011921
5.44920621573 -12.5538498135 15.2062603191
5.10666356843 -11.9950842563 15.0822025092
5.46317050397 -12.6087088553 15.2499360174
5.38539295925 -12.3964013384 15.1289169448
4.90112633943 -12.8118569848 15.9265978705
5.33679474072 -12.5547069159 15.246300929
5.05820570824 -12.7275418176 15.6128374358
5.51446492981 -12.6637386615 15.2909770458
5.48027415049 -12.6636209623 15.3037399173
5.2065837578 -12.8238563043 15.7533738308
5.06048214814 -12.8651038793 15.9986696465
4.5686471354 -12.8465544201 16.3507056165
5.22425347219 -12.5919675964 15.3283146177
5.276775243 -12.6567936141 15.3810218997
5.46415376962 -12.7528285593 15.4459058992
5.32585622822 -12.5953046729 15.2885513297
5.10793247947 -12.2909583905 15.1655377851
5.23729302623 -12.7412519624 15.5356289932
4.39650256253 -12.8575252925 16.5976195985
4.8397170491 -12.8580920711 16.1397798517
5.08113597388 -12.2031136899 15.1402640891
5.30503703639 -12.7029529501 15.4342311307
5.31723105038 -12.528892727 15.2321184901
5.50075275421 -12.4703059739 15.1358271441
4.67514866802 -12.8298742687 16.1806226176
5.28158614867 -12.724683985 15.4819984468
4.8606588066 -12.8681302205 16.1653830888
5.12537564909 -12.2256859685 15.1340712058
5.15012980155 -12.8092854317 15.7453691486
5.36791622042 -12.4860691309 15.1836457257
4.53678256952 -12.7979624609 16.2183999236
4.77741904556 -12.8398087047 16.1222291891
4.49741291021 -12.8685853931 16.5237621323
5.59736350406 -12.6594023032 15.2565053676
4.3733565795 -12.7909584516 16.3920294593
5.28959012715 -12.5806653234 15.2887250335
5.1624861353 -12.8019988232 15.7175196101
5.39975156211 -12.5151830407 15.1932790586
5.13205651573 -12.1614381765 15.1119047394
4.3143383826 -12.851929387 16.6845120436
5.28036208645 -12.2021817684 15.0867878014
5.21887065982 -12.7074689833 15.484863518
4.98311701464 -12.8083703374 15.8549804707
4.25615822349 -12.8396703525 16.7206766481
5.23455845386 -12.4267373132 15.1910614505
4.3245022972 -12.7705538833 16.3999746453
5.32809769516 -12.5208026088 15.2218440032
5.17034149887 -12.4510908602 15.2306128432
4.32910580882 -12.8456676363 16.6385681184
5.35716235691 -12.5634113976 15.2463147939
5.59700390128 -12.6653158635 15.2633617461
5.12566740645 -12.7649205106 15.6489152654
5.19139025137 -12.7267640509 15.5333794778
4.27757838182 -12.8325762222 16.6621184579
5.30938215135 -12.6568452341 15.3662046679
5.19070669161 -12.1994369549 15.1071257168
5.41251765517 -12.3910867837 15.11957698
5.43274037145 -12.6512237193 15.3072756188
5.30970435185 -12.2871395317 15.1049062501
5.52741463387 -12.6540994526 15.2749539023
5.3487654576 -12.7413908031 15.4787058102
4.99916410211 -12.8045199073 15.8324037651
5.44276491721 -12.5795481158 15.2299543995
5.54586187359 -12.5647333266 15.1846415319
5.53570414313 -12.5271713116 15.1606696208
5.21114385275 -12.6124884229 15.357010553
5.19042359753 -12.5899360752 15.3415840597
5.00340578317 -12.803047691 15.8252292515
5.07329331685 -12.0805870605 15.1073353248
5.35426562336 -12.4060565087 15.1420221341
5.27356582192 -12.5481256341 15.2649713718
4.62450799632 -12.861602576 16.3543802528
5.49058887853 -12.4800197665 15.1439178652
4.43826596504 -12.8683692755 16.5932778358
5.09108880642 -11.9852131643 15.084080729
5.2828673384 -12.1805515533 15.0810828066
4.97885714844 -12.7979753317 15.8284745871
5.0473790648 -12.8517312347 15.9538380309
5.02158820921 -12.7897480358 15.776424732
5.27750593539 -12.2027481462 15.0875406733
4.25281135742 -12.8004244152 16.590743079
5.11850714859 -12.7343950164 15.5894746161
5.50139151384 -12.5786645163 15.2096502577
5.23526031611 -12.6088383822 15.341758267
5.50329242192 -12.7373360883 15.4009821296
5.16772576584 -12.8510302068 15.8698087495
4.29739852935 -12.8390826201 16.6576474147
5.32349653862 -12.6415069872 15.3407404653
5.25372325938 -12.8129291516 15.693188758
5.37792933805 -12.7075220491 15.4073491519
4.30813450161 -12.8478822645 16.6767902256
4.7912960285 -12.8144507837 16.0240246099
5.44622613878 -12.7337632911 15.4196613374
4.28968137321 -12.7786873008 16.471776648
5.16267841955 -12.3867876698 15.1936060582
5.0040470635 -12.2361432296 15.1806573918
5.26697074426 -12.7326295869 15.5037413796
4.33848382613 -12.8228152622 16.5408111485
5.44337845218 -12.7243658296 15.4051303244
5.53674681758 -12.5080375004 15.1481679516
5.44936493755 -12.5141908495 15.1770362576
5.22581606821 -12.6800391584 15.4381683914
4.264846335 -12.7985223728 16.5666761281
5.26863398511 -12.4103432528 15.1701812267
5.15096280664 -12.7577030567 15.617879392
5.52402245385 -12.6635899379 15.2872682808
4.45337774567 -12.8608962271 16.5413667
4.95821782444 -12.8372703168 15.9658962085
5.32992216151 -12.3082815783 15.1073026925
5.22242332842 -12.8011675851 15.679260819
4.57540072071 -12.8213989966 16.251816168
5.19480484109 -12.212537207 15.1099526493
5.30694479534 -12.4957548928 15.2108014845
5.11486766456 -12.3420260299 15.1872624311
5.28911207827 -12.6184423501 15.3286763483
5.30367319183 -12.2568439948 15.0966983227
5.1474551633 -12.6741493287 15.4701804061
5.33376659697 -12.5200054796 15.2192137692
5.41242848492 -12.8025816516 15.5794169409
5.45585313787 -12.423119894 15.1233175236
5.20571144312 -12.7083086999 15.4932151716
5.57020866483 -12.6707556874 15.2791388516
5.43236726083 -12.4487245054 15.1423321751
4.4829515244 -12.8307588095 16.3869308728
5.14309913495 -12.039297459 15.0817156759
4.29222693667 -12.8457499234 16.6910450708
5.28377915168 -12.7720063941 15.5741048069
5.27501263004 -12.7734726248 15.5821072783
5.18043721786 -12.792895422 15.6826580269
4.49060854176 -12.8429943677 16.4237449738
5.36236083818 -12.7308327209 15.4531305065
5.3127611508 -12.7183613708 15.4556132214
4.79562722678 -12.8740564121 16.2483299479
5.03812396421 -12.1714751277 15.1439086983
5.10575589656 -12.8204972137 15.8069098993
5.38297071417 -12.7266080062 15.4361490728
5.18244730742 -12.789193789 15.6720911249
5.39230577693 -12.6305619537 15.2994533682
5.24757138872 -12.7763467038 15.6037157742
5.13371501365 -12.0368616138 15.0833196997
4.56560706448 -12.8517764987 16.37487182
5.56929139769 -12.6401167405 15.2450740352
5.33377956263 -12.8068596133 15.6316863786
5.09979805692 -12.7759948328 15.6905920103
4.92480277846 -12.7723647305 15.8009201369
5.45239280111 -12.5202648086 15.1802890827
5.39079195833 -12.5571038386 15.2287447386
5.38618742258 -12.3355099396 15.1037470587
5.05294317713 -12.8263699811 15.8609369081
4.59146754859 -12.8598107521 16.3809178732
5.32284679959 -12.6676765243 15.3744729234
4.84088322849 -12.8610259895 16.1510732995
5.44826105459 -12.4261884951 15.1266903519
4.81206546964 -12.7816198794 15.9120103917
5.10982590802 -12.2559165322 15.1503023611
4.67201158766 -12.7943414305 16.070598307
5.24786082448 -12.6465119682 15.3811554203
5.54749593871 -12.4677562455 15.1228393897
4.46019420174 -12.8419981989 16.4556776177
5.20682763279 -12.6726473927 15.4369203251
5.37899824268 -12.4859792546 15.1800619603
5.2395613778 -12.3736742938 15.160331679
5.38293587388 -12.7425648982 15.4644046164
5.11930683238 -12.8194028443 15.7947128277
5.54918202225 -12.6468256555 15.2591260406
5.42156412918 -12.7010756177 15.3782264354
5.12469206795 -12.8214803284 15.7975587666
5.19018383007 -12.5939645631 15.3460536953
4.99469565582 -12.8642022882 16.0426151354
4.26769479128 -12.835666984 16.6882168095
5.47809842895 -12.7713377129 15.4760758295
5.08710368846 -12.1737023329 15.1286820237
5.01617684096 -12.2109098417 15.1658776147
5.48142288444 -12.5577392515 15.1989706823
4.76445617652 -12.8014243342 16.0074940416
5.13633735551 -12.0866752981 15.0924203992
5.14862696362 -12.8424241469 15.8508762343
5.2458294131 -12.4637359534 15.2105234732
5.18397000503 -12.80609079 15.7155381229
5.12741246771 -12.7556278656 15.6274971861
4.64980411749 -12.8559033491 16.3046681923
5.17687516495 -12.8428858091 15.8343527139
5.14749576189 -12.813084242 15.7579129912
5.55549724379 -12.6890274921 15.3075085922
4.32957899134 -12.8198979976 16.5429700538
5.33740295217 -12.7940465018 15.5969075335
5.32401363762 -12.3496177406 15.1246700513
4.49799436356 -12.7941368987 16.2499906423
4.51794347148 -12.8084379034 16.2715448032
5.28912352186 -12.455673668 15.1900658318
5.30947555582 -12.4458977255 15.1773216162
5.26730326898 -12.2378174667 15.0994681517
5.09193288246 -12.0886007821 15.1041220686
5.20893058981 -12.4637864928 15.2243310693
5.41998454425 -12.5507311684 15.2134617363
4.89604309006 -12.8696820526 16.1433015804
5.03325108552 -12.7794240177 15.7422420737
4.58470732262 -12.8211562649 16.2412280631
5.20820723426 -12.3533223815 15.1604424117
5.15563583929 -12.4619153975 15.2441254124
5.19678097715 -12.5229874603 15.2747068161
5.1586269393 -12.6431344343 15.4206259962
5.35633552881 -12.4289940434 15.1532623721
4.21425638487 -12.8347424069 16.7672402239
4.59024370134 -12.8048083509 16.1826791623
4.9509806954 -12.1775983816 15.1788385218
5.39727853089 -12.3852455589 15.1208532628
5.36337075139 -12.6794510506 15.372529688
5.37093158478 -12.6294433442 15.3067700185
5.03668857713 -12.7855206753 15.7552497228
4.80824339292 -12.8118470526 16.0015277532
5.22309798585 -12.6073262462 15.3456062881
4.60711495506 -12.8608216107 16.3689103533
5.07097122749 -12.7981166641 15.7654603566
5.40874711529 -12.5644537879 15.2286647017
5.18242939374 -12.5918158761 15.3473469135
5.00375890031 -12.2167332449 15.1728760988
5.22808662753 -12.4797290859 15.2282587449
5.31018305247 -12.7637465035 15.5423063077
5.4721787511 -12.7363265121 15.4126488112
5.17337674099 -12.4042902313 15.1997261394
5.22180155392 -12.2722586531 15.1224295858
5.08228836052 -12.3131091494 15.1850885215
4.96212975279 -12.7990606207 15.8435533462
5.33998936088 -12.5736413499 15.2620208167
5.27160437084 -12.737301064 15.5099801934
5.29213625534 -12.6373584596 15.3494726521
5.26479317122 -12.6235887672 15.3453105998
4.83773848301 -12.8650654844 16.1710982518
4.32730177296 -12.8257015883 16.5663201766
5.20839614561 -12.4363304006 15.2063548882
5.43549992088 -12.5653301607 15.2201984316
4.45794523387 -12.8461268455 16.4745058094
5.0160383951 -12.837735544 15.9249990712
5.27334036129 -12.5165446129 15.2387341842
5.28478432276 -12.2654436097 15.1038030682
5.35763966114 -12.6396546536 15.3240097023
5.30015252984 -12.4693703655 15.1951122591
5.25930709883 -12.8405074774 15.7753900822
5.23263796732 -12.5181936296 15.2559592481
5.33261474578 -12.3642135222 15.1285747809
5.42095741867 -12.7241875924 15.4147698633
5.1227554581 -12.3498103352 15.1883459109
5.32821655147 -12.7720989387 15.5508283976
5.14623480495 -12.7414124906 15.5869781377
5.19454379749 -12.6409902308 15.3997457835
5.43947405786 -12.3895826977 15.1123714525
5.38368300387 -12.4284539322 15.1451103468
5.07912091374 -11.9790296729 15.0858201127
5.24545765143 -12.2181405384 15.0989322173
4.80188535971 -12.8113210847 16.005263464
5.01398105768 -12.8502667758 15.9722006017
5.4074599154 -12.6827574546 15.3580326293
5.37837391792 -12.613913067 15.2868870983
5.19380538493 -12.3915481716 15.1850818475
5.26834672759 -12.5297383709 15.25132257
5.23061373685 -12.6298355434 15.3684205585
5.2479584695 -12.6470292951 15.3817745207
4.71179395433 -12.8739345813 16.3243890159
5.20880221291 -12.668324225 15.429705733
5.44730024763 -12.7075166214 15.376861631
5.0589112121 -12.749437584 15.6567141087
5.56475188104 -12.5467532337 15.1659491119
4.55028583591 -12.8575939277 16.4156847909
5.22115483983 -12.662964505 15.4160067969
5.57114591689 -12.6024882673 15.2081710158
4.82840667213 -12.8556654672 16.1393948398
5.20131202654 -12.6274892901 15.3794811324
5.35389345413 -12.5723211808 15.2555192665
5.4105367996 -12.7471982173 15.4599737635
5.15671025391 -12.6652763564 15.4522070424
5.44689713109 -12.7466269728 15.4421878763
5.03359226054 -12.0981602146 15.1235016675
5.11469772222 -12.8510667083 15.9048541814
4.88251257915 -12.8696995149 16.1543930583
5.22076429063 -12.7392396388 15.5407061252
4.64746058112 -12.8649904745 16.3460349619
5.1768589423 -12.3341604302 15.1616333847
4.94137328057 -12.7607161878 15.7611081462
5.13924820572 -12.3008483805 15.1591193635
5.46434437064 -12.7277618034 15.4015918214
4.57140171266 -12.8520856402 16.3699082196
5.54817290663 -12.6870476283 15.3076451183
5.06793096118 -12.0851271111 15.1099259578
5.24310702568 -12.1512545315 15.082640167
5.16668774582 -12.4895216921 15.2601553558
5.0873240857 -12.2824159756 15.1691044661
5.54786911175 -12.7254504079 15.3630352063
5.31542456628 -12.7876892389 15.5931879009
5.463495537 -12.7216771992 15.3920304734
5.44755996317 -12.3878390504 15.1097417598
4.66563351768 -12.8069645792 16.114409122
5.04336815836 -12.867190852 16.0198782927
5.05479358444 -12.7714522391 15.7087004133
5.30313901122 -12.7790998287 15.5796805205
5.33130279372 -12.4791767921 15.1910646351
4.65475809353 -12.8749775233 16.3848291515
5.09400955913 -12.115674769 15.1101850289
4.43888659171 -12.8126707408 16.3771623628
4.71525713416 -12.8268759718 16.132440601
5.07575410508 -12.1211989501 15.1168651049
5.02766569461 -12.845271119 15.9436279526
5.18286410902 -12.3560192931 15.1701800297
5.28579606798 -12.6806919295 15.4097971178
4.95386570148 -12.1680453077 15.1741274773
5.21922903189 -12.116727591 15.0803088781
5.24241217855 -12.6985431252 15.4581896942
5.49935936637 -12.4894212887 15.1470149178
4.63586017271 -12.8284535222 16.2140985443
5.27278366547 -12.2457256466 15.1005374769
5.5276787536 -12.6830838131 15.3101938182
5.01492965786 -12.851926313 15.9778831335
5.44077077942 -12.3641266616 15.1019323588
5.24704579209 -12.4883940827 15.2273424088
4.75807958939 -12.8189776934 16.0673889532
4.99027129482 -12.8290304595 15.9140599585
5.27517372931 -12.1860238328 15.0839293681
5.4740105954 -12.6498021076 15.2897004614
4.61525518426 -12.8386481938 16.2716688252
5.18912292341 -12.8426052749 15.8256190516
5.15445371611 -12.8029286797 15.7250122558
5.24941870995 -12.4202368041 15.18212203
5.06597113617 -12.1536559309 15.129108612
5.25912951146 -12.6021161212 15.3237237041
5.50910056302 -12.4238535436 15.1109159383
5.39382768262 -12.7746149555 15.5231086689
5.28871468002 -12.3944021111 15.1554283283
5.09292693314 -12.0977123781 15.1060192361
4.40270019377 -12.8339090253 16.4959862884
4.959730136 -12.7936104818 15.8302960962
5.20910572293 -12.6922036325 15.4652631303
4.76750379201 -12.8378245164 16.1237415915
5.48919590279 -12.4143826013 15.1113329381
5.06654621735 -12.199996468 15.1440068456
5.31184371298 -12.7576188837 15.5287700143
5.06185099465 -12.8500733708 15.937328528
5.46014052801 -12.7015440351 15.3625612449
4.81165893846 -12.8689601756 16.2107697898
5.41421328283 -12.7192955092 15.4097619247
4.8126485275 -12.8106549639 15.9941595978
5.10730620396 -12.8017417263 15.7515958671
5.13423289132 -12.1638377585 15.1119805226
5.50045589898 -12.5968729787 15.2259204551
5.34587952316 -12.6113429066 15.2971068362
5.5554045783 -12.7171488399 15.3472259437
5.26403864486 -12.660184613 15.3914969816
4.6557848883 -12.8369877666 16.2249408804
5.07177395513 -12.8309718421 15.8630003976
5.2478602996 -12.758708553 15.564952887
5.40099681323 -12.7271885012 15.4288281413
5.48304711096 -12.4458222019 15.1275517026
4.98011184103 -12.8487160407 15.9912428096
4.42284056889 -12.8164907771 16.4094992327
4.88289953021 -12.8286091207 15.9944636761
5.34371446261 -12.6783131083 15.3796810477
5.17611912931 -12.4828648539 15.2511430186
5.1956785295 -12.1539605344 15.0937417432
5.25469292628 -12.7907605091 15.6340365757
5.28041698991 -12.6745479737 15.4035597973
5.12592704149 -12.2938545736 15.1605805155
5.01176344687 -12.2523712334 15.1845182954
4.45414386822 -12.8615646351 16.5433649289
5.1814443875 -12.1387308126 15.0934233531
5.20988496679 -12.7080498228 15.4905675996
4.28413055226 -12.833142343 16.6545925455
5.21128035508 -12.5912180617 15.3333747216
4.90178302387 -12.853763094 16.0712990709
4.80770389468 -12.7985245061 15.9622333924
5.2423091495 -12.4136429922 15.1807460177
5.54180459169 -12.5761651647 15.1949007822
5.22185722778 -12.4415778284 15.2047585562
5.16903970595 -12.4265683505 15.2149627034
5.11512875051 -12.8360215335 15.8507248996
5.26391714092 -12.2786260872 15.1134162528
5.19500960562 -12.4579147703 15.2256377098
4.67055992745 -12.8299208208 16.1852046038
5.44975233141 -12.485879204 15.1586962601
5.29901757393 -12.2378804112 15.0922327732
5.20642371335 -12.3046787651 15.1393460396
5.306147452 -12.702442044 15.4328918397
5.16655611095 -12.3416965766 15.1686891446
5.18561593603 -12.3351513655 15.1592088254
5.17257821275 -12.8124806272 15.74050229
5.28487537389 -12.7031962445 15.4444150489
5.40990891284 -12.7109064582 15.3983108538
4.79153221454 -12.8688690595 16.2279763229
5.444249887 -12.3763023817 15.1058478579
5.34840904911 -12.6600527648 15.3531176764
4.35531855321 -12.8451159926 16.6006668982
5.09367127384 -12.8275150232 15.8369452138
5.22919910662 -12.5569294502 15.2912361434
5.01476679314 -12.7497226721 15.6859835024
5.42427577215 -12.6514569264 15.3109031369
4.7239093142 -12.8169874456 16.0916185501
4.9810546494 -12.8236706056 15.9033254394
4.46953486665 -12.8281885963 16.3934474416
4.87433278376 -12.7737072862 15.8421771359
5.49100766209 -12.5048740469 15.1587451432
5.3932765829 -12.5684490202 15.2375873057
4.9298128109 -12.8154087396 15.9154875131
5.35206271406 -12.380568816 15.1305773246
5.36125371495 -12.6409524094 15.3240385789
5.32440805044 -12.6246659816 15.3206105111
5.00123961942 -12.8609088339 16.0238930152
5.16021937355 -12.7917580767 15.6919984055
4.67503682393 -12.8181479195 16.1409940234
4.43202834844 -12.8559200453 16.5460833116
5.11749104696 -12.8395390065 15.8612228481
5.12914072963 -12.7857416577 15.6959748928
4.95988570741 -12.7643236065 15.7563604563
5.18427892144 -12.8175109592 15.7479397125
5.16065885009 -12.8477603269 15.8622521448
4.69957744406 -12.8181685381 16.1178941864
4.51593414776 -12.8469030735 16.4100871921
5.38402047043 -12.6812963932 15.3660673637
5.14837487598 -12.2791093655 15.1469629457
5.46837819218 -12.6886602852 15.3408985161
4.70477896101 -12.8699932229 16.3126560284
5.18416316642 -12.3254941089 15.1552584963
5.22372535343 -12.3992524482 15.1789863848
5.27541351787 -12.1857564706 15.0838161893
4.91829914595 -12.7752617833 15.8128921625
5.47951630449 -12.7853154843 15.5055292304
4.36743050649 -12.7918964609 16.4025795874
5.36376636837 -12.5647488349 15.2450539945
5.21133328563 -12.7684415468 15.6062937609
5.27984725677 -12.5783667205 15.2904903546
5.10671690444 -12.736384083 15.6004133085
4.80086475007 -12.8529670832 16.1521702521
5.11007211782 -12.2971797582 15.1675448549
5.83199984274 -11.8461254387 15.0824070803
4.16622009396 -12.9442624521 17.4886260124
7.52939100464 -12.5620328517 15.0401070047
5.68487868172 -12.6901469165 18.5042065728