0.867196816801 1.98370650703
0.0243323725148 3.54944803687
0.399988960125 2.56801430792
0.00169774485224 4.12561496392
0.160629144332 3.15438821085
0.00320373780712 4.22122234057
0.136581604924 3.16455975748
0.424026432381 2.56160234416
0.0159250215406 3.85024794726
0.0533218999466 3.51819308153
0.997620879567 1.82421168274
0.745449025887 2.10830180902
0.651353916136 1.98629888157
0.307588360693 2.69240822272
0.0811445677634 3.29008855117
0.00343510390058 4.16952699862
0.158324824046 2.96168806592
0.0432840792045 3.59220291041
0.0118598782578 3.90775194348
0.103799445589 3.14761049366
0.698484907351 2.14986593312
0.834615071616 2.04785106432
0.011751785948 3.86077178514
0.277438088289 2.66396295764
0.950368646265 2.17961777806
0.0568656942026 3.44266619626
0.557895372224 2.34653681244
0.152938108267 3.10311252561
0.0101495216698 3.69416651447
0.287890619084 2.72335765951
0.104948873392 3.24230086668
0.00141951851748 3.9254224532
0.867769886316 2.05147448745
0.596313810616 2.32185091128
0.0630361850517 3.02839655106
0.000534873034143 4.3222415062
0.533782758689 2.12864829076
0.00579909075392 4.15181746087
0.874585299672 2.06576313821
0.0135133983494 3.50097107212
0.27982590936 2.60422788925
0.504095238339 2.35711743849
0.730091593535 2.18959790862
0.480378695559 2.38653188731
0.0138601756419 3.94032019166
0.0322966531182 3.64302600073
0.235975660041 2.93342384416
0.134720500661 3.22559344792
0.95610578246 1.91831618321
0.00850062699915 4.003909414
0.457418891143 2.32790534228
0.0990430683081 3.33504524801
0.252281309047 2.80829494189
0.0206338252767 3.88141134141
0.0580444022997 3.50414981896
0.152156613526 3.17071921249
0.0110515222823 3.92870033728
0.766383980452 2.0920584468
0.27704921652 2.78904208707
0.989839806667 1.86473588889
0.0727629889825 3.56496888306
0.00336017075699 4.23058888851
0.108521892386 2.93462090233
0.171803123083 2.73512181627
0.0195687935854 3.7525691863
0.954865050637 1.95114668988
0.940836838708 1.96043068469
0.91540229476 2.11274355165
0.000565145905643 4.35098151021
0.440683448332 2.46866922199
0.027854518389 3.83351921346
0.188805346125 3.17964028103
0.0112737792323 4.06671214976
0.0605440486408 3.66160317511
0.941641785623 2.03504632515
0.569996478319 2.30155886003
0.196534584319 2.89906176206
0.086738127868 3.3382896097
0.0222484357222 3.9373150964
0.00214756758735 4.46923225771
0.164575132692 3.12863550046
0.0211093635957 3.53957933904
0.542409794535 2.34845808334
0.924869442475 1.97200224874
0.201104912538 2.88284632957
0.0453700290134 3.55845566824
0.0191839417628 3.92341882839
0.0374346416706 3.6406463752
0.96847556341 1.90862072885
0.000367432107168 4.72265939412
0.529172303602 2.40164550757
0.974850403892 1.6968780402
0.0330019588385 3.3554344195
0.544374320305 2.36056082147
0.304533441904 2.7614798152
0.0126866943844 3.80482627848
0.881612794977 1.91709729143
0.0171993132773 3.6781437443
0.146787236938 3.08706923427
0.442596683899 2.33682973973
0.0714301997673 3.33851436259
0.652403027474 2.0036718341
0.00971817830048 3.73607577185
0.146013602589 3.11870269119
0.899815823704 1.9731445558
0.308779907827 2.61887612899
0.134626426752 3.13765685707
0.00672478859472 3.96836870406
0.0639173002315 3.44669436328
0.666118276005 2.11524388755
0.0148502239495 3.9429284898
0.148745904089 2.92241264083
0.000548776201464 4.22999364024
0.936571753925 1.8688027562
0.994039255487 1.70436839807
0.190642003691 3.10442370345
0.557816383563 2.22756249791
0.00795254599586 3.86909112102
0.00213729106567 3.95497231919
0.152086285707 3.20845404248
0.0407455911115 3.59347191547
0.00263631949617 3.97020376746
0.269638503167 2.78918042583
0.868034542694 1.88624632432
0.0178213557465 3.73105231507
0.322081856409 2.69492704159
0.095268419553 3.40067662231
0.840626147709 1.95673747931
0.0139583078559 3.83115512495
0.48193154427 2.2953262181
0.25830508128 2.92493013097
0.00712765640872 3.99903182081
0.94938256888 1.87568424539
0.0373420452688 3.48827282139
0.00774669504552 3.95727433127
0.147595584401 2.98878325188
0.61674860079 2.20256287213
0.249533096925 2.57017036818
0.703637085516 2.06942750522
0.0275175681938 3.68584146506
0.00984807408267 3.92020364224
0.0507632303975 3.43663617703
0.272772608044 2.76468008708
0.00508004983862 4.31827545265
0.0839843831134 3.28608417595
0.939989747698 1.86990914002
0.713344249991 2.06927778635
0.0879863490389 3.29488286699
0.49054896324 2.27596763724
0.0185788421458 3.65489419203
0.00187537414982 4.42698872428
0.00185300019567 4.45764718785
0.0322612659782 3.43685187625
0.504614592244 2.47330048349
0.992460025158 1.9059947762
0.901445598138 1.99393885116
0.0176192091938 3.78035276716
0.453810099412 2.04569586169
0.244229278999 2.79442259504
0.00664491264365 4.12361730013