1.0 0.999999999899
0.999999579701 1.0
0.999900122932 0.999999997669
0.999829088942 0.999999999759
0.99981303496 0.999999999635
0.999999999917 0.999999999998
0.999994261315 0.997578818045
0.999999999978 0.999999999997
0.99993184864 0.999999980188
0.999999999999 0.999999996905
0.99999984733 0.999979715041
0.999999990231 0.999967848717
0.999999996305 0.999999999544
0.999999999983 0.999999999994
0.958667167434 0.999971134885
0.999999801507 0.99999962589
0.997729601193 0.999999994613
0.999999862552 0.999999983278
0.907739995261 0.979004654392
0.986296617631 0.999999371749
0.989469609038 0.999999386218
0.842082806221 0.992609811822
0.972057101555 0.999929714071
1.0 0.999999998079
0.999965762487 0.999999999939
0.929609947746 0.999986441392
0.905600745219 0.997321899649
0.999964652683 0.9999999996
0.964572609271 0.999204508018
0.837656202765 0.999957761164
0.900583682632 0.996083512677
0.902067693715 0.999971825434
0.898751847526 0.995232572705
0.935719006323 0.999993643798
0.999186855604 0.999999998797
0.999124521805 0.999997016611
0.985582641504 0.999999500671
0.997658770303 0.997710955704
0.999982331262 0.999999999881
0.99960447523 0.999999770389
0.999077694568 0.936634575974
0.986733049334 0.997599208268
0.999999560828 1.0
1.0 0.999999997988
0.97128972888 0.999996315896
0.999999999761 0.999999999721
1.0 0.999999999906
0.99999957377 1.0
0.99989871357 0.999999997836
0.999826677222 0.999999999776
0.999810396702 0.999999999661
0.999999999916 0.999999999998
0.999994180336 0.997752109935
0.999930886958 0.999999981606
0.999999999999 0.999999997127
0.999999845176 0.999981166901
0.999999990093 0.99997014989
0.999999996253 0.999999999577
0.999999999982 0.999999999994
0.958083921194 0.999973200856
0.999999798706 0.999999652666
0.99769756367 0.999999994998
0.999999860612 0.999999984474
0.906438117371 0.980507359764
0.986103249653 0.999999416715
0.989321015038 0.999999430148
0.839854441898 0.993138751697
0.971662800235 0.999934744664
1.0 0.999999998217
0.999965279363 0.999999999943
0.928616676036 0.999987411825
0.904268680443 0.997513580027
0.999964153898 0.999999999628
0.964072694527 0.999261443974
0.835365374787 0.999960784336
0.899180822251 0.99636382845
0.900685774165 0.99997384198
0.89732313818 0.995573793027
0.934811939337 0.999994098732
0.999175381351 0.999999998883
0.999112167961 0.999997230142
0.985379198632 0.999999536409
0.997625733288 0.997874790071
0.999982081939 0.999999999889
0.999598893993 0.999999786823
0.999064679947 0.941169846069
0.98654583983 0.997771040764
0.999999554631 1.0
1.0 0.999999998132
0.970884599189 0.999996579579
0.999999999758 0.999999999741
0.960156445511 0.999984824292
0.999987447492 0.953437198857
0.953228440419 0.999726961335
0.999999580692 0.984401955544
0.99999682772 0.957575733752
1.0 0.999999999518
0.999991005946 0.999999999688
0.999999999995 0.999999975533
0.989586803827 0.999002900408
0.984791198095 0.977504818636
0.999999969513 0.999891714302
0.999331822094 0.995493499451
0.999900626617 0.960810965787
0.999998419816 0.99999964837
0.999999999959 0.999999999855
0.999698400936 0.999999798833
0.999999048887 0.999901662276
0.992772843447 0.997478359521
0.982129905655 0.999953666215
0.999209872337 0.999391724898
0.999999999842 0.999986640553
0.999999999972 0.999986309696
0.849039228325 0.996270669585
0.999627976461 0.999845761722
0.883333136308 0.965434351198
0.999911169406 0.988350332232
0.999998847646 0.999238391679
0.999827461007 0.998426659323
0.999999998245 0.999999999679
0.982725458364 0.999994984821
0.946474199547 0.999507482855
0.850328032786 0.959502669089
0.999999999501 1.0
0.999999999001 0.99999999981
1.0 0.999999999904
0.999999571986 1.0
0.999898289605 0.999999997789
0.999825951726 0.999999999771
0.999809603059 0.999999999653
0.999994155976 0.997703259018
0.999930597664 0.999999981206
0.999999999999 0.999999997064
0.999999844528 0.999980757622
0.999999990052 0.99996950119
0.999999996238 0.999999999567
0.957908468531 0.999972618459
0.999999797864 0.999999645118
0.997687926114 0.999999994889
0.999999860029 0.999999984137
0.906046485282 0.980083747694
0.986045080523 0.999999404039
0.989276314856 0.999999417764
0.83918410332 0.992989643749
0.971544186154 0.999933326542
1.0 0.999999998178
0.999965134029 0.999999999942
0.928317879138 0.99998713826
0.903867967508 0.997459545401
0.999964003853 0.99999999962
0.96392230972 0.99924539375
0.834676245835 0.999959932105
0.898758812517 0.996284807541
0.900270063872 0.999973273516
0.896893352537 0.995477603149
0.934539074623 0.999993970487
0.999171929655 0.999999998859
0.999108451667 0.999997169947
0.985317998763 0.999999526335
0.997615795063 0.997828605225
0.999982006937 0.999999999887
0.99959721504 0.99999978219
0.999060764877 0.939891355162
0.986489523297 0.997722601249
0.999999552767 1.0
1.0 0.999999998091
0.970762727708 0.999996505247
0.999999999757 0.999999999736
0.959989668036 0.999984494495
0.99998739495 0.952425300809
0.953032663644 0.999721027687
0.999999578937 0.984062980432
0.999996814441 0.956653773923
1.0 0.999999999508
0.999990968298 0.999999999682
0.999999999995 0.999999975002
0.989543216186 0.998981231541
0.984727536969 0.977015955648
0.999999969386 0.999889361048
0.99932902523 0.995395564641
0.99990021066 0.959959313691
0.999998413202 0.999999640729
0.999999999959 0.999999999852
0.9996971385 0.999999794461
0.999999044906 0.999899525211
0.992742591956 0.997423559487
0.982055104869 0.999952659294
0.999206565015 0.999378505925
0.999999999841 0.999986350227
0.999999999972 0.999986012179
0.8484073355 0.996189624157
0.999626419242 0.999842409832
0.882844791202 0.964683174042
0.999910797578 0.98809716284
0.999998842823 0.999221840484
0.999826738792 0.998392467644
0.999999998238 0.999999999672
0.982653150448 0.999994875831
0.946250150816 0.999496779523
0.84970153465 0.958622585223
0.999999999499 1.0
0.999999998996 0.999999999806
0.999795175217 0.998834529882
0.990770987777 0.999963290859
0.999999998942 0.999999999987
0.999996164752 0.999999864078
0.999999999927 0.99974599366
0.99999999818 0.999990220523
0.999999990446 0.999995962983
0.999996039063 0.999975893863
0.976241697255 0.967340322775
0.999994937069 0.996116228538
1.0 0.999999964642
1.0 0.999999999925
0.999999931732 0.999593168767
0.999999999994 0.999992753856
0.999842514971 0.999999193693
0.999652912057 0.823887616327
0.994698438995 0.999171211122
0.999345552828 0.985792098621
0.989937786409 0.993152359484
0.999979056859 0.997418738347
0.999999791159 0.99695033883
0.999895902006 0.999905572941
0.99989447858 0.999999999978
0.999830937376 0.996955605019
0.970612444791 0.999854954077
1.0 1.0
0.95928645066 0.999984311285
1.0 0.999999999897
0.999999578815 1.0
0.999899912376 0.999999997633
0.999828728636 0.999999999755
0.999812640809 0.999999999629
0.999994249217 0.997541390977
0.999931704966 0.999999979882
0.999999999999 0.999999996858
0.999999847008 0.999979401472
0.999999990211 0.999967351717
0.999999996298 0.999999999537
0.958580031534 0.999970688683
0.999999801089 0.999999620107
0.997724814847 0.999999994529
0.999999862262 0.999999983019
0.907545497134 0.978680104548
0.986267728816 0.999999362037
0.989447409372 0.99999937673
0.84174989275 0.992495572959
0.971998193674 0.999928627579
1.0 0.99999999805
0.999965690309 0.999999999938
0.929461554806 0.9999862318
0.905401737228 0.99728050109
0.999964578165 0.999999999593
0.964497922942 0.999192211159
0.837313957341 0.999957108229
0.90037409791 0.996022970909
0.901861237514 0.999971389906
0.898538401017 0.995158876952
0.935583492208 0.999993545543
0.999185141372 0.999999998779
0.999122676164 0.999996970493
0.985552247518 0.999999492952
0.997653834635 0.997675571243
0.999982294013 0.999999999879
0.999603641403 0.999999766839
0.999075750208 0.935655061805
0.986705080584 0.997562096396
0.999999559902 1.0
1.0 0.999999997956
0.97122920326 0.999996258947
0.999999999761 0.999999999717
0.960628025867 0.99998340171
0.999987596061 0.949072365758
0.95378201926 0.999701366479
0.999999585655 0.982939782757
0.999996865266 0.953598850125
1.0 0.999999999473
0.999991112398 0.999999999659
0.999999999995 0.99999997324
0.989710052338 0.998909431518
0.984971206438 0.975396102886
0.999999969874 0.999881563516
0.999339730514 0.995071056594
0.999901802781 0.957137355321
0.999998438519 0.999999615408
0.99999999996 0.999999999842
0.999701970603 0.999999779976
0.999999060145 0.999892444021
0.992858382629 0.997241978986
0.982341412524 0.99994932285
0.999219224131 0.999334704718
0.999999999844 0.999985388228
0.999999999973 0.999985026356
0.850825969878 0.995921079259
0.999632379657 0.999831303307
0.884713982014 0.962194140466
0.999912220787 0.987258283338
0.999998861285 0.999166997924
0.999829503144 0.998279173147
0.999999998266 0.999999999649
0.98292991639 0.999994514694
0.947107720235 0.999461313916
0.852099520308 0.955706417875
0.999999999507 1.0
0.999999999012 0.999999999792
0.999798443161 0.998752390727
0.990918235049 0.999960703699
0.999999998958 0.999999999986
0.999996225943 0.999999854499
0.999999999928 0.999728091986
0.999999998209 0.999989531292
0.999999990598 0.999995678465
0.999996102259 0.999974194928
0.976620756809 0.965038557795
0.999995017848 0.995842510917
1.0 0.99999996215
1.0 0.99999999992
0.999999932821 0.999564496412
0.999999999994 0.999992243167
0.999845027617 0.999999136866
0.999658449784 0.811475695827
0.994783024471 0.999112800342
0.999355994418 0.98479076448
0.990098327262 0.992669756456
0.999979391003 0.997236818065
0.999999794491 0.996735407028
0.999897562871 0.999898917979
0.999896162156 0.999999999976
0.999833634741 0.996741044363
0.971081318081 0.999844731636
0.9599360282 0.999983205588
0.994933305468 0.99995007028
0.99999999345 1.0
0.997701769266 0.87708420654
0.947183514485 0.943897901559
0.967667315603 0.926323318547
0.99999993299 0.999999425787
0.980969681654 0.996756548638
0.999999998424 0.999944378738
0.999928734212 0.999999999968
0.999896534008 0.999999999576
0.99999979656 0.999864733432
0.985262629599 0.999999707881
0.995893960209 0.999281761706
0.999118153366 0.999999865827
0.834491860387 0.987180867182
0.999985686817 0.999999616304
0.999999996583 0.999993633857
0.999999442837 1.0
0.999998268148 0.999999999998
0.999999999915 0.999932939675
0.999999999992 1.0
0.889955271733 0.999959835355
0.999999231114 0.967128401777
0.999814780911 0.99999999985
0.999429115795 0.999040464082
0.953857354415 0.965884402769
0.9904429436 0.980773417848
0.974364295306 0.994385685293
1.0 0.999999999905
0.999999542436 1.0
0.999891267564 0.999999997809
0.99981393551 0.999999999773
0.999796458138 0.999999999656
0.99999999991 0.999999999998
0.999993752508 0.997723505069
0.999999999976 0.999999999997
0.999925806157 0.999999981372
0.999999999999 0.99999999709
0.999999833794 0.999980927246
0.999999989365 0.999969770041
0.999999995978 0.999999999571
0.999999999981 0.999999999994
0.95500248778 0.999972859831
0.999999783908 0.999999648246
0.997528301553 0.999999994935
0.999999850365 0.999999984277
0.899559976103 0.98025931188
0.985081639043 0.999999409292
0.988535956367 0.999999422897
0.828081444807 0.993051440891
0.969579609328 0.999933914277
1.0 0.999999998194
0.999962726897 0.999999999943
0.923368977159 0.999987251638
0.897231054423 0.997481939818
0.999961518695 0.999999999624
0.96143152191 0.999252045696
0.823262366831 0.999960285308
0.891769165627 0.996317557414
0.893384753108 0.999973509113
0.889774915114 0.995517468627
0.930019681233 0.999994023638
0.999114760044 0.999999998869
0.999046899563 0.999997194895
0.984304359879 0.99999953051
0.997451190607 0.997847746334
0.999980764704 0.999999999888
0.999569406944 0.99999978411
0.998995920498 0.940421220176
0.98555676595 0.997742676796
0.99999952189 1.0
1.0 0.999999998108
0.968744199336 0.999996536054
0.99999999974 0.999999999738
0.957227372381 0.999984631178
0.999986524703 0.952844677568
0.949790059477 0.999723486862
0.999999549866 0.984203467197
0.999996594512 0.957035876177
0.999999999999 0.999999999512
0.999990344754 0.999999999684
0.999999999995 0.999999975222
0.988821284448 0.998990212109
0.983673132863 0.977218562794
0.999999967272 0.999890336344
0.999282701428 0.995436153299
0.999893321248 0.960312277211
0.99999830365 0.999999643896
0.999999999956 0.999999999853
0.999676229076 0.999999796273
0.999998978967 0.999900410908
0.992241543708 0.997446271123
0.980816197231 0.999953076608
0.999151786614 0.999383984471
0.99999999983 0.999986470552
0.99999999997 0.999986135484
0.837941444865 0.996223213084
0.999600627391 0.999843799008
0.874756447306 0.964994496158
0.999904639082 0.988202087797
0.999998762932 0.999228700055
0.999814776915 0.998406638237
0.999999998116 0.999999999675
0.981455531613 0.999994921002
0.942539284957 0.999501215473
0.839324994953 0.958987332166
0.999999999465 1.0
0.999999998927 0.999999999807
0.999781034205 0.998844803643
0.990133820847 0.999963614454
0.999999998869 0.999999999987
0.999995899968 0.999999865276
0.999999999922 0.999748232757
0.999999998054 0.999990306731
0.999999989786 0.99999599857
0.999995765601 0.999976106361
0.974601434522 0.967628221801
0.999994587527 0.996150464456
1.0 0.999999964954
1.0 0.999999999926
0.999999927019 0.999596755034
0.999999999993 0.999992817732
0.999831642274 0.9999992008
0.999628949258 0.825440068406
0.994332421564 0.999178516996
0.999300370084 0.985917343
0.989243095624 0.993212722268
0.999977610954 0.997441492482
0.999999776741 0.996977221964
0.999888715126 0.999906405327
0.999887193428 0.999999999978
0.999819265367 0.996982441731
0.968583540953 0.999856232674
0.956475605187 0.999984449583
0.994495682697 0.999953768674
0.999999992884 1.0
0.997503265469 0.886188825402
0.942621625742 0.94805349629
0.96487466275 0.931780697821
0.999999927202 0.99999946832
0.979325986619 0.996996797573
0.999999998287 0.999948498717
0.999922578812 0.99999999997
0.999887597398 0.999999999607
0.999999778989 0.999874752897
0.983989726953 0.999999729519
0.995539311533 0.999334963054
0.99904198612 0.999999875765
0.820196518476 0.98813040601
0.999984450552 0.999999644725
0.999999996287 0.99999410541
0.999999394714 1.0
0.999998118564 0.999999999998
0.999999999907 0.999937906967
0.999999999991 1.0
0.880450440009 0.999962810431
0.999999164703 0.969563266856
0.999798783086 0.999999999861
0.999379807133 0.999111538829
0.949871901513 0.968411413345
0.989617477317 0.982197569274
0.972150076933 0.994801548821
0.998027706472 0.99000570378
0.999837794448 0.950585257299
0.978558252745 0.879014453374
0.947245901965 0.892018622272
0.978890699591 0.993677560418
0.999999940732 0.991286953552
0.996877677658 0.999999950277
0.999988297362 0.931026328338
0.999999975724 0.996163513018
0.978442187846 0.997991310255
0.988864518847 0.961759568236
0.999999929217 0.99716783495
0.999999899734 0.992730675567
0.938138064788 0.922508780987
1.0 0.999999999901
0.999999567705 1.0
0.999897272296 0.999999997718
0.999824210893 0.999999999764
0.999807698707 0.999999999642
0.999999999915 0.999999999998
0.999994097524 0.997629915951
0.999999999977 0.999999999997
0.999929903501 0.999999980606
0.999999999999 0.999999996971
0.999999842973 0.999980143145
0.999999989952 0.999968527255
0.9999999962 0.999999999554
0.957487468627 0.99997174407
0.999999795842 0.999999633785
0.997664800728 0.999999994726
0.999999858629 0.99999998363
0.90510676132 0.979447751282
0.985905503283 0.999999385008
0.989169056453 0.999999399171
0.837575621167 0.992765778266
0.971259570829 0.999931197423
1.0 0.99999999812
0.999964785299 0.99999999994
0.927600913873 0.99998672754
0.90290645399 0.997378419696
0.999963643819 0.999999999608
0.963561460313 0.999221296502
0.833022676048 0.999958652595
0.897746197181 0.996166168299
0.899272564087 0.999972420045
0.895862078853 0.995333187014
0.933884333815 0.999993777943
0.999163647288 0.999999998822
0.999099534392 0.999997079574
0.985171149245 0.999999511209
0.997591948222 0.997759264906
0.99998182697 0.999999999883
0.999593186381 0.999999775235
0.999051370638 0.93797187343
0.986354391379 0.997649875848
0.999999548293 1.0
1.0 0.99999999803
0.970470296228 0.999996393647
0.999999999755 0.999999999727
0.959589484309 0.99998399935
0.999987268874 0.950906072315
0.952562895892 0.999712119114
0.999999574725 0.983554055002
0.999996782579 0.955269575538
0.999999999999 0.999999999492
0.999990877963 0.999999999671
0.999999999995 0.999999974203
0.989438627333 0.998948698659
0.984574781646 0.97628199378
0.99999996908 0.999885827955
0.999322314133 0.995248528727
0.999899212566 0.958680672888
0.999998397331 0.999999629256
0.999999999958 0.999999999847
0.999694109277 0.999999787898
0.999999035353 0.999896316695
0.992670003291 0.997341284624
0.981875619855 0.999951147538
0.99919862907 0.99935865942
0.99999999984 0.999985914342
0.999999999972 0.999985565499
0.846891104205 0.996067945373
0.999622682683 0.99983737742
0.881673003672 0.963555382816
0.999909905375 0.987717063129
0.999998831249 0.999196991097
0.999825005832 0.998341133447
0.99999999822 0.999999999662
0.982479647091 0.999994712199
0.945712544306 0.999480709912
0.848198247947 0.957301257949
0.999999999494 1.0
0.999999998986 0.999999999799
0.999793126558 0.998797312297
0.990678679108 0.999962118606
0.999999998931 0.999999999986
0.999996126392 0.999999859738
0.999999999926 0.999737882339
0.999999998161 0.99998990823
0.99999999035 0.999995834067
0.999995999445 0.999975124068
0.976004066481 0.96629738371
0.99999488643 0.995992205972
1.0 0.999999963513
1.0 0.999999999923
0.999999931049 0.999580177206
0.999999999994 0.999992522461
0.999840939804 0.999999167945
0.99964944048 0.818263724719
0.99464541273 0.99914474496
0.999339007041 0.985338390053
0.989837144051 0.992933690091
0.999978847386 0.997336309528
0.99999978907 0.996852952357
0.999894860817 0.999902557551
0.999893423154 0.999999999977
0.99982924641 0.996858386714
0.97031851018 0.999850322247
0.958879233346 0.999983810289
0.994799657793 0.999951868055
0.999999993277 1.0
0.997641147258 0.881509927462
0.945790337833 0.945917920499
0.966814454218 0.928976130048
0.999999931222 0.999999446462
0.980467705899 0.99687333274
0.999999998382 0.999946381444
0.999926854385 0.999999999969
0.999893804814 0.999999999591
0.999999791194 0.999869603856
0.984873891875 0.999999718399
0.995785652382 0.999307622681
0.999094892293 0.999999870658
0.830126138708 0.987642434428
0.999985309268 0.99999963012
0.999999996492 0.999993863077
0.999999428141 1.0
0.999998222466 0.999999999998
0.999999999913 0.999935354257
0.887052546483 0.999961281529
0.999999210832 0.968311980517
0.99980989526 0.999999999855
0.999414057191 0.999075013249
0.952640218215 0.967112773088
0.990190850571 0.98146569249
0.973688084747 0.994587834987
0.998136626085 0.989594827676
0.999846752225 0.948553764884
0.979742370013 0.874040609401
0.950159239096 0.887579393456
0.980056457532 0.99341763823
0.999999944005 0.990928750983
0.99705010744 0.999999948233
0.999988943638 0.928190747637
0.999999977064 0.996005790974
0.979632714781 0.997908730892
0.989479474119 0.960187463581
0.999999933126 0.997051401645
0.999999905272 0.99243182594
0.941554380858 0.919323034892
0.998655502795 0.927591560198
0.999999999652 0.999696080101
0.999999998629 0.99999999999
0.999843052911 0.999999975433
0.999999997085 0.999999964732
0.999986483267 0.986276202784
0.957870046433 0.999962673441
0.904632210607 0.993777335877
0.999950532908 0.999999999982
0.999999121705 0.969071253333
0.999426045059 0.999999999452
0.981041612246 0.99999980943
0.979348254082 0.962604296893
0.965333765634 0.999890075108
0.894473159326 0.996888780902
1.0 0.999999999993
0.99999999999 0.999920297739
0.999079286948 0.999999999296
0.999990386216 0.924010201058
0.999232045135 0.998516738524
0.997442839639 0.999999965783
0.9999932191 0.999999994254
0.999829473839 0.999775842595
0.998728839202 0.809366425299
0.944178189642 0.999520293659
0.830100058424 0.996591438203
0.999999999978 0.999999999831
1.0 0.999999999894
0.999999576387 1.0
0.999899335515 0.999999997551
0.999827741502 0.999999999747
0.999811560952 0.999999999616
0.999994216072 0.997456021852
0.999999999978 0.999999999996
0.999931311343 0.999999979183
0.999999999999 0.999999996748
0.999999846127 0.999978686239
0.999999990154 0.999966218086
0.999999996276 0.999999999521
0.958341304809 0.99996967092
0.999999799942 0.999999606916
0.997711701667 0.999999994339
0.999999861468 0.999999982429
0.907012629498 0.977939823841
0.986188581964 0.999999339886
0.989386588818 0.999999355088
0.840837807802 0.992235000267
0.971836803413 0.999926149348
1.0 0.999999997982
0.999965492563 0.999999999936
0.929055001817 0.999985753733
0.90485651389 0.997186073207
0.999964374009 0.999999999579
0.964293304375 0.999164162687
0.836376305585 0.999955618918
0.89979989744 0.995884878397
0.901295608272 0.999970396492
0.897953620387 0.994990780913
0.935212223409 0.999993321428
0.999180444881 0.999999998736
0.99911761965 0.999996865301
0.985468976942 0.999999475346
0.997640312356 0.997594861196
0.999982191964 0.999999999875
0.999601356964 0.999999758744
0.999070423234 0.933420842765
0.986628454437 0.997477446215
0.999999557366 1.0
1.0 0.999999997885
0.971063380872 0.999996129048
0.99999999976 0.999999999707
0.960401102892 0.999982825375
0.99998752457 0.947304029456
0.953515638874 0.999690997168
0.999999583266 0.982347408854
0.999996847199 0.951987684811
1.0 0.999999999455
0.999991061173 0.999999999647
0.999999999995 0.999999972311
0.989650745545 0.998871564222
0.984884586994 0.974541793333
0.999999969701 0.999877451102
0.999335925008 0.99489991121
0.999901236815 0.95564905586
0.999998429519 0.999999602054
0.999999999959 0.999999999836
0.99970025289 0.999999772336
0.999999054728 0.999888709406
0.992817221445 0.997146213519
0.982239636088 0.999947563212
0.999214724077 0.999311603982
0.999999999843 0.999984880871
0.999999999973 0.999984506433
0.8499661955 0.995779448812
0.999630260853 0.999825445731
0.884049523432 0.960881425379
0.999911714866 0.986815858701
0.999998854722 0.999138073984
0.999828520474 0.998219421686
0.999999998256 0.999999999637
0.982831531836 0.99999432423
0.946802872085 0.999442609372
0.851247086121 0.954168432646
0.999999999504 1.0
0.999999999007 0.999999999785
0.999797281475 0.998709070576
0.990865891696 0.999959339232
0.999999998952 0.999999999985
0.999996204191 0.999999849446
0.999999999928 0.999718650652
0.999999998198 0.999989167792
0.999999990544 0.99999552841
0.999996079794 0.99997329891
0.976486008996 0.963824608073
0.999994989133 0.995698152378
1.0 0.999999960836
1.0 0.999999999917
0.999999932434 0.999549374625
0.999999999994 0.999991973831
0.999844134424 0.999999106896
0.999656481237 0.80492965504
0.994752956088 0.999081994525
0.999352282649 0.984262661345
0.990041258317 0.992415231855
0.999979272222 0.997140873398
0.999999793307 0.9966220521
0.999896972468 0.999895408156
0.99989556368 0.999999999976
0.999832675883 0.996627885179
0.970914643347 0.999839340325
0.959705116851 0.999982622443
0.99490410324 0.999948336594
0.999999993412 1.0
0.997688523261 0.872816259228
0.946879103181 0.941949894768
0.967480964041 0.923765077773
0.999999932604 0.999999405849
0.980859999157 0.996643927802
0.999999998415 0.999942447428
0.999928323467 0.999999999966
0.999895937675 0.999999999561
0.999999795388 0.999860036634
0.985177689791 0.999999697738
0.995870294778 0.999256822655
0.999113070785 0.999999861168
0.833537943289 0.98673575446
0.999985604322 0.999999602981
0.999999996563 0.999993412809
0.999999439626 1.0
0.999998258167 0.999999999997
0.999999999914 0.999930611171
0.889321021671 0.999958440737
0.999999226682 0.965987016725
0.999813713388 0.999999999845
0.999425825466 0.999007146568
0.953591408228 0.964699822925
0.990387860874 0.980105822275
0.974216542229 0.994190742082
0.998174050723 0.98883139565
0.999849830106 0.944779132205
0.980149231165 0.864798914047
0.951160257941 0.879331044586
0.980457010443 0.99293468748
0.999999945129 0.990263189491
0.997109354088 0.999999944435
0.999989165698 0.922922071512
0.999999977525 0.995712734118
0.980041778286 0.997755293566
0.98969077195 0.957266400442
0.999999934469 0.996835061699
0.999999907174 0.991876545712
0.942728222611 0.913403730821
0.998682506136 0.92227892143
0.999999999659 0.999673781366
0.999999998657 0.99999999999
0.99984620509 0.999999973631
0.999999997144 0.999999962144
0.999986754742 0.985269281805
0.958716198792 0.999959934776
0.906547609823 0.993320776299
0.999951526422 0.999999999981
0.999999139345 0.966801997718
0.999437572566 0.999999999412
0.981422378973 0.999999795448
0.979763030793 0.959860557867
0.966030014111 0.999882009871
0.896592596394 0.996660509401
1.0 0.999999999992
0.999999999991 0.999914449949
0.999097778863 0.999999999244
0.999990579303 0.91843479641
0.999247469002 0.998407910983
0.99749419852 0.999999963273
0.99999335529 0.999999993832
0.999832898745 0.999759396068
0.998754369629 0.795379556887
0.945299333925 0.999485097396
0.83351238681 0.996341350539
0.999999999979 0.999999999819
0.995545899698 0.886656027275
0.95089581516 0.999900276117
0.952160777412 0.975423535922
0.851801218615 0.995878108581
0.985239913109 0.99206877174
0.963352551314 0.993167170538
0.974343960346 0.999867742484
0.999895607356 0.919419961009
0.999999573106 1.0
0.999898555707 0.999999997623
0.999826407084 0.999999999754
0.999810101189 0.999999999627
0.999994171266 0.997530677889
0.999930779239 0.999999979794
0.999999999999 0.999999996844
0.999999844935 0.999979311717
0.999999990078 0.999967209456
0.999999996248 0.999999999535
0.95801859148 0.999970560963
0.999999798393 0.999999618451
0.997693975131 0.999999994505
0.999999860395 0.999999982945
0.906292293352 0.978587205712
0.986081590406 0.999999359257
0.989304370947 0.999999374014
0.839604841653 0.992462873336
0.97161863434 0.999928316582
1.0 0.999999998041
0.999965225248 0.999999999938
0.928505419156 0.999986171807
0.904119475175 0.997268651206
0.999964098029 0.999999999592
0.964016698817 0.999188691318
0.835108777955 0.999956921333
0.89902368713 0.996005641491
0.900530984639 0.999971265241
0.897163107704 0.995137782351
0.934710338293 0.999993517419
0.999174096113 0.999999998773
0.999110784201 0.999996957292
0.985356410891 0.999999490743
0.997622032795 0.99766544283
0.999982054012 0.999999999878
0.999598268835 0.999999765823
0.999063222172 0.935374686608
0.986524870396 0.997551473529
0.999999553937 1.0
1.0 0.999999997948
0.970839220402 0.999996242645
0.999999999758 0.999999999716
0.960094345999 0.999983329385
0.999987427928 0.948850454822
0.953155543031 0.99970006522
0.999999580038 0.982865444947
0.999996822776 0.953396662791
1.0 0.999999999471
0.999990991928 0.999999999658
0.999999999995 0.999999973123
0.98957057399 0.9989046795
0.984767493906 0.975288894414
0.999999969466 0.999881047444
0.999330780683 0.995049579326
0.999900471736 0.95695058659
0.999998417353 0.999999613732
0.999999999959 0.999999999841
0.999697930869 0.999999779017
0.999999047405 0.999891975359
0.992761579319 0.997229961247
0.982102053619 0.999949102031
0.999208640857 0.999331805775
0.999999999842 0.999985324559
0.999999999972 0.99998496111
0.848803943337 0.995903305861
0.999627396631 0.999830568231
0.883151301244 0.962029406058
0.999911030956 0.987202762867
0.99999884585 0.999163368219
0.999827192091 0.998271674855
0.999999998242 0.999999999647
0.982698534547 0.999994490792
0.946390775111 0.999458966657
0.850094756508 0.95551341401
0.9999999995 1.0
0.999999998999 0.999999999791
0.999795711095 0.998746954422
0.990795133395 0.99996053247
0.999999998944 0.999999999986
0.999996174786 0.999999853865
0.999999999927 0.99972690718
0.999999998184 0.999989485676
0.999999990471 0.999995659635
0.999996049425 0.999974082485
0.976303855468 0.964886217587
0.999994950315 0.995824395167
1.0 0.999999961985
0.999999931911 0.999562598758
0.999999999994 0.999992209368
0.999842926995 0.999999133105
0.999653820134 0.810654224234
0.994712309327 0.999108934478
0.99934726504 0.984724492097
0.989964111909 0.992637815816
0.999979111652 0.997224777838
0.999999791705 0.996721181963
0.999896174354 0.999898477527
0.999894754653 0.999999999976
0.99983137969 0.996726843863
0.970689330666 0.999844055073
0.959392968431 0.999983132408
0.994864627356 0.999949852717
0.999999993361 1.0
0.997670617171 0.876548616007
0.946467596739 0.943653443528
0.967229052013 0.926002281421
0.999999932081 0.999999423285
0.980711729189 0.996742415696
0.999999998402 0.999944136376
0.999927768217 0.999999999967
0.999895131545 0.999999999574
0.999999793803 0.999864144024
0.985062867253 0.999999706608
0.995838303595 0.99927863207
0.999106200097 0.999999865242
0.832248427996 0.987125009379
0.999985492804 0.999999614632
0.999999996536 0.999993606118
0.999999435285 1.0
0.999998244673 0.999999999998
0.999999999914 0.999932647468
0.888463635681 0.999959660343
0.999999220692 0.966985167809
0.9998122703 0.999999999849
0.999421377565 0.999036283022
0.953231899341 0.965735748228
0.990313399459 0.980689640369
0.974016808044 0.994361221603
0.99815990582 0.989159151509
0.999848666799 0.946399653657
0.97999545516 0.86876654927
0.9507819159 0.88287221731
0.980305618682 0.993142027404
0.999999944704 0.990548927672
0.997086961405 0.999999946066
0.999989081769 0.925184014172
0.999999977351 0.995838548989
0.979887169886 0.997821167122
0.989610910464 0.958520468289
0.999999933962 0.996927940544
0.999999906455 0.992114938053
0.942284560949 0.915945000407
0.998672300035 0.924559738087
0.999999999657 0.999683354636
0.999999998646 0.99999999999
0.999845013702 0.999999974405
0.999999997122 0.999999963255
0.999986652136 0.985701572092
0.958396389617 0.999961110537
0.905823671355 0.993516785991
0.999951150917 0.999999999981
0.999999132678 0.967776232224
0.999433215665 0.999999999429
0.981278465538 0.999999801451
0.979606263048 0.961038497107
0.965766862152 0.999885472431
0.895791540399 0.996758510689
0.999999999991 0.999916960517
0.999090789715 0.999999999266
0.999990506324 0.920828423446
0.999241639444 0.998454632712
0.997474787074 0.999999964351
0.999993303816 0.999999994013
0.999831604278 0.999766456874
0.998744720227 0.801384384967
0.944875589638 0.99950020782
0.832222673541 0.996448717919
0.999999999979 0.999999999824
0.995511395556 0.889982239748
0.950515424586 0.999903202632
0.951790185997 0.976144761228
0.850653181645 0.995999070343
0.985125572591 0.992301522981
0.963068658116 0.993367687972
0.974145213219 0.999871623736
0.999894798668 0.92178467723
0.999999053398 0.999770590245
0.993038049331 0.999994650378
0.999173067297 0.999999953119
0.999238516998 0.998348842728
0.999843888799 0.989675941073
0.983110413531 0.999996062595
0.9773772084 0.997826852739
0.913503273285 0.999930520587
0.993494697876 0.999999973314
0.999629486033 0.999999923824
0.999493768101 0.999803060974
0.876343334466 0.994938639361
0.925072919998 0.999835663293
0.915155276427 0.999969949864
0.989737017461 0.999997647822
0.96959064734 0.999882542207
0.998570759581 0.987723811424
0.999767506164 0.996640155973
0.999758094838 0.999999989887
0.999999574262 1.0
0.999898830396 0.999999997834
0.999826877136 0.999999999776
0.999810615394 0.99999999966
0.999994187049 0.997750121834
0.999930966674 0.99999998159
0.999999999999 0.999999997124
0.999999845355 0.999981150245
0.999999990105 0.999970123489
0.999999996258 0.999999999576
0.95813226805 0.999973177154
0.999999798939 0.999999652359
0.997700219347 0.999999994994
0.999999860773 0.999999984461
0.906546033545 0.980490119888
0.986119278447 0.999999416199
0.989333332396 0.999999429644
0.840039157035 0.993132683403
0.971695484936 0.999934686951
1.0 0.999999998215
0.99996531941 0.999999999943
0.92869901101 0.999987400692
0.904379098889 0.997511380962
0.999964195244 0.999999999628
0.96411413381 0.999260790773
0.835555267704 0.999960749652
0.899297109136 0.996360612511
0.900800325209 0.999973818845
0.897441567756 0.995569878357
0.934887128569 0.999994093513
0.999176332482 0.999999998882
0.999113192005 0.999997227692
0.985396062561 0.999999535999
0.997628471815 0.997872910471
0.999982102606 0.999999999889
0.999599356636 0.999999786634
0.999065758764 0.941117814914
0.986561358131 0.997769069405
0.999999555144 1.0
1.0 0.99999999813
0.970918181483 0.999996576554
0.960202401875 0.99998481087
0.99998746197 0.953396017316
0.953282387684 0.999726719852
0.999999581175 0.984388160165
0.999996831379 0.957538212456
0.99999101632 0.999999999688
0.999999999995 0.999999975512
0.989598814619 0.999002018543
0.984808740236 0.977484923222
0.999999969549 0.999891618531
0.999332592784 0.995489513767
0.999900741237 0.960776305828
0.999998421639 0.999999648059
0.999698748807 0.999999798655
0.999999049984 0.999901575303
0.992781179396 0.997476129306
0.982150517385 0.999953625236
0.999210783687 0.999391186921
0.999999999842 0.999986628738
0.999999999972 0.999986297588
0.849213349542 0.996267371254
0.99962840556 0.999845625309
0.883467702236 0.9654037803
0.999911271865 0.988340028916
0.999998848975 0.999237718089
0.999827660017 0.998425267813
0.999999998247 0.999999999679
0.982745383171 0.999994980385
0.946535937291 0.999507047258
0.85050066747 0.959466852033
0.999999999502 1.0
0.999999999002 0.99999999981
0.999796264265 0.998858310192
0.990820058182 0.999964039874
0.999999998947 0.999999999987
0.999996185144 0.999999866851
0.999999999927 0.999751176418
0.999999998189 0.999990420064
0.999999990496 0.999996045355
0.999996060123 0.999976385725
0.976368019499 0.968006712438
0.999994963989 0.996195473202
1.0 0.999999965364
1.0 0.999999999927
0.999999932095 0.999601469772
0.999999999994 0.999992901707
0.999843352315 0.999999210145
0.999654757514 0.827481022083
0.994726627249 0.999188121771
0.999349032506 0.986081997341
0.989991286922 0.993292079079
0.999979168213 0.997471406537
0.999999792269 0.997012564266
0.999896455492 0.999907499635
0.999895039635 0.999999999978
0.999831836277 0.997017723004
0.970768697617 0.999857913601
0.959502923486 0.999984631399
0.994878532834 0.999954309211
0.999999993379 1.0
0.997676924636 0.887519504976
0.946612550903 0.948660854501
0.967317788649 0.932578317494
0.999999932265 0.999999474537
0.980763957653 0.997031910998
0.999999998407 0.999949100869
0.999927963805 0.99999999997
0.999895415506 0.999999999612
0.999999794361 0.999876217285
0.985103313777 0.999999732681
0.995849572568 0.999342738662
0.999108620314 0.999999877218
0.832702662954 0.988269185232
0.999985532086 0.999999648879
0.999999996546 0.99999417433
0.999999436814 1.0
0.999998249427 0.999999999998
0.999999999914 0.999938632959
0.888765652021 0.999963245251
0.999999222802 0.969919132958
0.999812778631 0.999999999863
0.999422944349 0.999121926711
0.953358537238 0.968780746912
0.990339628677 0.982405715188
0.974087164906 0.994862329081
0.998164888397 0.990122557032
0.999849076577 0.951163014175
0.980049623139 0.880429015662
0.950915187822 0.893281139895
0.980358946805 0.993751482344
0.999999944854 0.991388826439
0.997094849283 0.999999950859
0.999989111333 0.931832768095
0.999999977412 0.996208369201
0.979941631078 0.998014795843
0.98963904187 0.962206675136
0.99999993414 0.997200948607
0.999999906708 0.992815668465
0.942440841869 0.923414807857
0.998675895159 0.931263970234
0.999999999658 0.999711494305
0.99999999865 0.999999999991
0.999845433371 0.999999976679
0.999999997129 0.99999996652
0.999986688279 0.986972246101
0.958509043192 0.999964566569
0.906078680475 0.994092936851
0.999951283189 0.999999999983
0.999999135026 0.970639896988
0.999434750394 0.99999999948
0.981329159402 0.999999819096
0.979661484874 0.964500931537
0.965859558082 0.999895650277
0.896073714359 0.99704657566
0.999999999991 0.999924340077
0.99909325166 0.999999999331
0.999990532031 0.927864250407
0.99924369292 0.998591966555
0.997481624804 0.999999967519
0.999993321948 0.999999994545
0.999832060257 0.999787211406
0.998748119253 0.819034975746
0.945024854613 0.999544623397
0.832676978237 0.996764313583
0.999999999979 0.99999999984
0.995523549725 0.899759308204
0.950649418108 0.999911804829
0.951920727741 0.978264730785
0.851057580513 0.996354625329
0.985165849322 0.992985671946
0.963168660199 0.993957088889
0.974215222387 0.99988303229
0.999895083531 0.928735523741
0.999999055961 0.999790977452
0.993056900787 0.999995125788
0.999175306452 0.999999957285
0.99924057893 0.998495577925
0.999844311514 0.990593420493
0.983156146877 0.999996412504
0.977438466024 0.99801997619
0.913737487704 0.99993669509
0.993512312826 0.999999975685
0.999630489304 0.999999930594
0.999495138868 0.999820562569
0.876678169959 0.995388432825
0.925275806318 0.999850267583
0.915385017579 0.999972620363
0.989764807397 0.999997856856
0.969672989286 0.999892980457
0.998574629655 0.988814772881
0.999768135707 0.996938738902
0.999758749864 0.999999990785
0.999999998576 0.999999999999
0.999893367152 0.999994783175
0.99999999838 0.998862292968
0.999999999949 1.0
0.999999999992 0.999999609424
0.972534459926 0.966893131975
0.999996119716 0.999919859333
0.999825420439 0.999999551868
0.999996077222 0.991225673208
0.999999999837 0.99999992619
0.997548256451 0.999921827064
0.999994474276 0.999523534459
0.999999999235 0.999947163813
0.999999635952 0.999837965938
0.982315492052 0.991484338159
0.999997833961 0.999999997952
0.99999999933 0.999943210647
0.999999964471 1.0
0.999860978778 0.999999467317
0.999780165507 0.972755927048
0.999999973387 0.999999891329
0.999988565154 0.999999993674
0.999999962499 0.997789319769
0.999999999901 0.999999999914
0.997963877303 0.9883821356
0.978792112869 0.990542558937
0.999999999873 0.999999997106
0.999999572099 1.0
0.999898316516 0.999999997822
0.999825997777 0.999999999775
0.999809653436 0.999999999659
0.999994157523 0.997737520399
0.999930616027 0.999999981487
0.999999999999 0.999999997108
0.999999844569 0.999981044669
0.999999990055 0.999969956153
0.999999996239 0.999999999574
0.957919605468 0.999973026921
0.999999797917 0.999999650412
0.997688537862 0.999999994966
0.999999860066 0.999999984374
0.906071344305 0.980380846204
0.986048772834 0.999999412929
0.98927915222 0.99999942645
0.839226653362 0.993094219969
0.971551715236 0.999934321136
1.0 0.999999998205
0.999965143254 0.999999999943
0.928336845406 0.999987330124
0.903893402941 0.997497442354
0.999964013377 0.999999999626
0.963931855463 0.999256650506
0.834719988605 0.999960529813
0.898785599774 0.996340228517
0.900296451269 0.999973672206
0.896920633374 0.995545065508
0.934556394833 0.999994060431
0.999172148753 0.999999998876
0.99910868756 0.999997212164
0.985321883452 0.999999533401
0.997616425896 0.997860996769
0.999982011698 0.999999999889
0.999597321612 0.999999785439
0.999061013387 0.94078801928
0.986493098014 0.997756574095
0.999999552885 1.0
1.0 0.999999998119
0.970770463555 0.99999655738
0.999999999757 0.99999999974
0.960000254311 0.999984725797
0.999987398285 0.953134991168
0.953045090663 0.999725189226
0.999999579048 0.984300719174
0.999996815284 0.957300386498
1.0 0.999999999515
0.999990970688 0.999999999686
0.999999999995 0.999999975374
0.989545982931 0.998996428908
0.984731577887 0.97735881761
0.999999969394 0.999891011492
0.999329202762 0.995464250801
0.999900237063 0.960556616239
0.999998413622 0.999999646088
0.999999999959 0.999999999854
0.999697218634 0.999999797527
0.999999045159 0.999901024032
0.992744512183 0.997461993256
0.982059852883 0.999953365494
0.999206774948 0.999387776995
0.999999999841 0.999986553846
0.999999999972 0.999986220841
0.848447445181 0.996246465021
0.999626518087 0.999844760666
0.882875789127 0.965210008921
0.99991082118 0.988274722108
0.999998843129 0.999233448594
0.999826784635 0.998416447831
0.999999998238 0.999999999677
0.982657740225 0.999994952271
0.94626437241 0.999504286259
0.8497413019 0.95923982827
0.999999998997 0.999999999808
0.999795229412 0.998851915655
0.990773429668 0.999963838463
0.999996165767 0.999999866106
0.999999999927 0.999749782772
0.99999999818 0.999990366408
0.999999990448 0.999996023205
0.999996040111 0.999976253463
0.976247983429 0.967827519929
0.999994938409 0.996174164273
1.0 0.99999996517
0.99999993175 0.999599237628
0.999999999994 0.999992861949
0.99984255664 0.999999205721
0.999653003892 0.826514753499
0.994699841727 0.999183574489
0.999345725987 0.986004043432
0.989940448755 0.993254508411
0.9999790624 0.997457244034
0.999999791214 0.996995831816
0.999895929549 0.999906981546
0.9998945065 0.999999999978
0.999830982108 0.997001019447
0.970620220401 0.999857117784
0.959297222998 0.99998454532
0.994852518899 0.999954053299
0.999999993346 1.0
0.997665124828 0.886889508381
0.946341375172 0.948373306985
0.967151782918 0.932200692641
0.999999931921 0.999999471594
0.980666250272 0.997015286907
0.999999998398 0.999948815786
0.999927597905 0.99999999997
0.999894884281 0.99999999961
0.999999793317 0.999875523986
0.985027647682 0.999999731184
0.995828490925 0.99933905738
0.999104092648 0.99999987653
0.831852894359 0.988203481633
0.999985458598 0.999999646913
0.999999996528 0.9999941417
0.999999433954 1.0
0.999998240535 0.999999999998
0.999999999913 0.999938289246
0.888200649271 0.99996303939
0.999999218854 0.969750651802
0.999811827661 0.999999999862
0.999420013258 0.999117008675
0.95312162701 0.968605889723
0.990290559873 0.98230717064
0.973955543483 0.994833553291
0.998155567148 0.990067234058
0.999848309978 0.950889481108
0.979948287373 0.879759305656
0.950665866867 0.892683413876
0.980259182215 0.993716484767
0.999999944574 0.991340595765
0.997080092886 0.999999950583
0.999989056025 0.931450967464
0.999999977298 0.996187132501
0.979839746779 0.998003676832
0.989586414512 0.96199499696
0.999999933806 0.997185271286
0.999999906235 0.992775429449
0.942148476397 0.922985858729
0.998669169513 0.9308789838
0.999999999656 0.999709878402
0.999999998643 0.999999999991
0.999844648267 0.999999976549
0.999999997115 0.999999966333
0.999986620664 0.986899278423
0.958298294398 0.999964368109
0.905601617366 0.99405985174
0.999951035738 0.999999999983
0.999999130633 0.970475452789
0.99943187927 0.999999999477
0.981234322902 0.999999818082
0.979558177603 0.964302103356
0.965686145427 0.999895065821
0.895545832115 0.997030033705
0.999999999991 0.99992391631
0.999088645931 0.999999999328
0.99999048394 0.927460222343
0.999239851341 0.998584080243
0.997468832991 0.999999967337
0.999993288027 0.999999994515
0.999831207226 0.99978601959
0.998741760461 0.818021401357
0.944745614352 0.99954207286
0.831827079179 0.996746190695
0.999999999979 0.999999999839
0.995500812084 0.899197866023
0.950398747205 0.999911310853
0.951676514316 0.978142992829
0.850301043722 0.996334207801
0.98509050087 0.99294638511
0.962981579421 0.993923242901
0.974084251419 0.999882377161
0.999894550619 0.928336375628
0.999999051166 0.999789806729
0.993021634071 0.999995098488
0.999171117511 0.999999957046
0.999236721533 0.998487151746
0.999843520712 0.990540734798
0.98307059036 0.999996392411
0.97732386717 0.998008886194
0.913299326672 0.999936340523
0.993479359326 0.999999975549
0.999628612415 0.999999930205
0.999492574481 0.999819557551
0.876051770161 0.99536260371
0.924896252918 0.999849428941
0.914955224996 0.999972467011
0.989712818851 0.999997844852
0.96951894654 0.999892381047
0.998567389642 0.988752125086
0.999766957978 0.99692159296
0.999757524461 0.999999990734
0.999999998569 0.999999999999
0.999892825522 0.999994753956
0.999999998372 0.998855920738
0.999999999948 1.0
0.999999999992 0.999999607237
0.972394951708 0.966707702366
0.999996100007 0.999919410469
0.999824533681 0.999999549358
0.999996057297 0.991176528723
0.999999999836 0.999999925777
0.997535803087 0.999921389222
0.999994446209 0.999520865804
0.999999999231 0.999946867881
0.999999634103 0.999837058395
0.982225665521 0.991436642441
0.999997822959 0.99999999794
0.999999999327 0.999942892574
0.999999964291 1.0
0.999860272635 0.999999464334
0.999779048882 0.972603334608
0.999999973251 0.999999890721
0.999988507072 0.999999993638
0.999999962309 0.99777693788
0.999999999901 0.999999999913
0.997953535039 0.988317064629
0.978684389718 0.990489588369
0.999999999873 0.99999999709
0.999999999844 0.999996722381
0.994277973394 0.828448773038
0.999999999999 0.999997261117
0.999999487254 0.999999073122
0.999996258244 1.0
0.983513597148 0.977663942237
0.999999992863 0.999999999999
0.99961932889 0.99986643706
0.999993645721 0.999999989742
0.999930670062 0.999999954527
0.997952877648 0.802530045641
0.999999913271 0.999996188391
0.959570754999 0.998925631855
0.999992952771 0.999994642927
0.999996113033 1.0
0.974198740946 0.999905278645
0.987295456444 0.850449419293
1.0 0.999994626104
0.855347650762 0.985234407925
0.999980333387 0.882373178693
0.954845175289 0.999225486039
0.999135056356 0.856728607344
0.999999999973 0.999999086565
0.999999635352 0.999999999996
0.99996717964 0.99999924476
0.999999999974 0.999999999992
0.99999846327 0.970609134782
0.999980783857 0.983417575692
1.0 0.999999999903
0.999999580435 1.0
0.999900297355 0.999999997773
0.999829387417 0.99999999977
0.999813361471 0.999999999651
0.999999999918 0.999999999998
0.999994271337 0.997687020827
0.999931967657 0.999999981074
0.999999999999 0.999999997044
0.999999847597 0.999980621577
0.999999990248 0.99996928556
0.999999996312 0.999999999564
0.958739350075 0.999972424869
0.999999801854 0.999999642609
0.997733566162 0.999999994853
0.999999862792 0.999999984025
0.907901115862 0.97994293778
0.98632054888 0.999999399825
0.989487999054 0.999999413648
0.842358588921 0.992940079822
0.972105900345 0.999932855154
1.0 0.999999998165
0.999965822279 0.999999999942
0.929732875201 0.999987047327
0.905765601754 0.997441584131
0.999964714412 0.999999999618
0.964634478795 0.999240058608
0.837939715977 0.999959648821
0.900757300842 0.996258540755
0.902238720285 0.999973084557
0.898928664808 0.995445629347
0.935831265068 0.999993927857
0.99918827566 0.999999998851
0.999126050719 0.999997149939
0.985607819624 0.999999522986
0.997662858969 0.997813253245
0.999982362118 0.999999999886
0.999605165964 0.99999978065
0.99907930526 0.939466380976
0.98675621841 0.99770649981
0.999999561595 1.0
1.0 0.999999998077
0.971339867791 0.999996480539
0.999999999762 0.999999999734
0.960779466964 0.99998438487
0.999987643772 0.952088942884
0.953959792965 0.999719055324
0.999999587248 0.983950304095
0.999996877324 0.956347311729
1.0 0.999999999504
0.999991146583 0.999999999679
0.999999999995 0.999999974825
0.989749631785 0.998974028745
0.985029013471 0.976853456135
0.99999996999 0.999888578819
0.999342270187 0.995363010818
0.999902180489 0.959676221997
0.999998444525 0.999999638188
0.99999999996 0.999999999851
0.999703116948 0.999999793008
0.99999906376 0.999898814844
0.992885852279 0.997405343792
0.982409334845 0.999952324591
0.999222227322 0.999374111899
0.999999999845 0.999986253722
0.999999999973 0.999985913284
0.851399755657 0.996162684415
0.999633793679 0.999841295654
0.885157420309 0.964433480518
0.999912558423 0.988013008579
0.999998865665 0.999216338818
0.999830158947 0.998381102228
0.999999998273 0.99999999967
0.982995575079 0.999994839603
0.947311166088 0.999493221703
0.852668407478 0.958330042723
0.999999999509 1.0
0.999999999016 0.999999999804
0.999799218433 0.998826289891
0.990953167319 0.999963031321
0.999999998962 0.999999999987
0.99999624046 0.999999863117
0.999999999928 0.999744197809
0.999999998215 0.999990151381
0.999999990634 0.999995934441
0.999996117251 0.99997572343
0.976710683167 0.96710941556
0.999995037011 0.996088769882
1.0 0.999999964392
0.99999993308 0.999590292429
0.999999999994 0.999992702625
0.999845623706 0.999999187992
0.999659763529 0.822642483997
0.994803091143 0.999165351501
0.999358471533 0.985691647324
0.990136413241 0.993103945975
0.999979470274 0.997400488566
0.999999795281 0.996928777417
0.999897956887 0.999904905332
0.99989656156 0.999999999978
0.999834274651 0.996934080839
0.97119255144 0.999853928588
0.96009013101 0.999984200365
0.994952794097 0.999953027748
0.999999993475 1.0
0.997710609224 0.884364830831
0.947386668803 0.947220975748
0.967791680645 0.930687381306
0.999999933248 0.999999459799
0.981042880227 0.996948666755
0.99999999843 0.999947673331
0.99992900833 0.999999999969
0.999896931981 0.999999999601
0.999999797343 0.999872745625
0.985319315696 0.999999725184
0.995909753757 0.999324304841
0.999121545318 0.999999873774
0.835128473989 0.987940177985
0.999985741871 0.999999639031
0.999999996596 0.999994010941
0.99999944498 1.0
0.99999827481 0.999999999998
0.999999999915 0.999936911834
0.890378549833 0.999962214413
0.999999234071 0.969075472611
0.999815493341 0.999999999859
0.999431311655 0.999097299907
0.95403483835 0.967905158922
0.990479704041 0.981912258652
0.97446290096 0.994718235853
0.998191497512 0.989845530211
0.999851264966 0.949793312019
0.980338903561 0.877075478743
0.951626917495 0.890288058929
0.980643742035 0.993576233853
0.999999945654 0.991147313929
0.997136973962 0.99999994948
0.999989269219 0.929920921921
0.99999997774 0.996102027567
0.980232477385 0.997959117993
0.989789275741 0.96114670803
0.999999935095 0.997122445262
0.999999908061 0.992614173753
0.943275449541 0.921266868114
0.998695094677 0.929336171323
0.999999999663 0.999703402756
0.99999999867 0.999999999991
0.999847674587 0.999999976025
0.999999997171 0.999999965581
0.999986881299 0.986606864367
0.959110661978 0.999963572789
0.90744053941 0.993927264933
0.999951989583 0.999999999982
0.999999147569 0.969816451485
0.999442946512 0.999999999465
0.981599886552 0.999999814022
0.979956393301 0.963505310088
0.966354594418 0.999892723642
0.897580645282 0.996963742708
0.999999999991 0.999922218088
0.999106399509 0.999999999313
0.999990669317 0.925841101557
0.999254659371 0.998552476271
0.997518141239 0.999999966608
0.99999341878 0.999999994392
0.999834495383 0.99978124345
0.998766271521 0.813959556377
0.945821994106 0.999531851718
0.8351031617 0.996673564193
0.999999999979 0.999999999836
0.995588458245 0.896947916607
0.951365001442 0.999909331271
0.952617877088 0.977655134501
0.853217245283 0.996252385654
0.985380944476 0.992788945222
0.963702714548 0.993787606922
0.974589101608 0.999879751766
0.999896604819 0.926736810981
0.99999906965 0.99978511512
0.993157575711 0.999994989084
0.999187264507 0.999999956087
0.999251590534 0.998453384285
0.999846568997 0.990329599702
0.983400382712 0.999996311888
0.977765608219 0.99796444363
0.914988293951 0.999934919615
0.993606384277 0.999999975003
0.999635847209 0.999999928647
0.999502459353 0.999815529993
0.878466336236 0.995259094918
0.926359306969 0.999846068126
0.916611934647 0.999971852462
0.989913217668 0.999997796748
0.970112730878 0.999889978943
0.998595297522 0.988501067409
0.999771497739 0.996852881516
0.999762247991 0.999999990527
0.999999998597 0.999999999999
0.999894913328 0.999994636862
0.999999998403 0.998830384369
0.999999999992 0.99999959847
0.972932710199 0.965964603161
0.99999617598 0.999917611675
0.999827951842 0.999999539299
0.999996134102 0.990979584837
0.999999999839 0.99999992412
0.997583806728 0.999919634593
0.999994554399 0.999510171311
0.999999999246 0.999945681948
0.999999641231 0.999833421464
0.98257191738 0.991245504411
0.999997865369 0.999999997894
0.99999999934 0.99994161791
0.999999964986 1.0
0.999862994585 0.999999452378
0.999783353107 0.971991828592
0.999999973772 0.999999888281
0.999988730959 0.999999993496
0.999999963043 0.997727318124
0.999999999902 0.999999999911
0.997993401077 0.988056296205
0.979099627188 0.990277311662
0.999999999875 0.999999997025
0.999999999847 0.999996649223
0.994389440991 0.824619671731
0.999999999999 0.999997199984
0.999999497242 0.999999052434
0.999996331135 1.0
0.983834759532 0.977165391283
0.999999993002 0.999999999999
0.99962674453 0.999863455875
0.999993769505 0.999999989513
0.99993202064 0.999999953512
0.997992756493 0.798122426566
0.999999914961 0.999996103314
0.960358334487 0.99890165147
0.999993090054 0.999994523355
0.999996188753 1.0
0.974701360829 0.999903164421
0.987542946544 0.847111382403
1.0 0.999994506157
0.858165542196 0.984904833203
0.999980716501 0.879747694614
0.955724811149 0.999208198536
0.999151905838 0.853530724784
0.999999999973 0.999999066177
0.999999642456 0.999999999996
0.999967818995 0.999999227903
0.999998493206 0.969953117321
0.999981158196 0.98304744845
0.980607152687 0.998793724803
0.999997912249 0.987891581034
0.940512578464 0.999950752162
0.994525719717 0.999999161897
0.999999846513 0.99304895853
0.999795349571 0.957397140738
0.986239866664 0.851387456334
0.942163206977 0.999825427774
0.999997400445 0.918982691273
0.999977437652 0.988121303015
1.0 0.99999999989
0.999999576459 1.0
0.999899352479 0.999999997465
0.999827770531 0.999999999738
0.999811592708 0.999999999603
0.999994217046 0.997366427735
0.999931322919 0.99999997845
0.999999999999 0.999999996634
0.999999846153 0.999977935609
0.999999990156 0.999965028351
0.999999996277 0.999999999504
0.999999999982 0.999999999993
0.958348325149 0.999968602787
0.999999799976 0.999999593072
0.997712087292 0.99999999414
0.999999861492 0.999999981811
0.907028299765 0.977162906005
0.986190909469 0.999999316638
0.989388377394 0.999999332376
0.840864629875 0.991961531608
0.971841549486 0.999923548467
1.0 0.999999997911
0.999965498378 0.999999999934
0.929066957495 0.999985252007
0.904872547507 0.997086972008
0.999964380013 0.999999999565
0.964299321681 0.999134726072
0.836403879513 0.9999540559
0.8998167832 0.995739951569
0.901312241974 0.999969353912
0.897970817282 0.994814365655
0.93522314147 0.999993086221
0.999180582992 0.999999998692
0.999117768349 0.999996754903
0.985471425716 0.999999456869
0.997640710011 0.99751015674
0.999982194965 0.99999999987
0.999601424144 0.999999750247
0.999070579886 0.931076050305
0.986630707815 0.997388606624
0.99999955744 1.0
1.0 0.999999997811
0.971068257283 0.99999599272
0.99999999976 0.999999999697
0.960407776114 0.999982220517
0.999987526673 0.94544817667
0.953523472436 0.99968011467
0.999999583337 0.981725717857
0.99999684773 0.950296781542
1.0 0.999999999436
0.99999106268 0.999999999635
0.999999999995 0.999999971335
0.989652489605 0.99883182284
0.984887134249 0.973645203266
0.999999969706 0.999873135161
0.999336036918 0.994720295693
0.999901253458 0.95408709918
0.999998429784 0.999999588039
0.999999999959 0.99999999983
0.999700303404 0.999999764318
0.999999054887 0.999884789961
0.99281843189 0.997045708536
0.982242629072 0.999945716487
0.999214856412 0.999287359972
0.999999999843 0.999984348404
0.999999999973 0.999983960779
0.849991479254 0.995630808952
0.999630323162 0.999819298258
0.884069063451 0.959503742893
0.999911729744 0.986351538088
0.999998854915 0.999107718574
0.999828549372 0.998156713073
0.999999998256 0.999999999624
0.982834425072 0.99999412434
0.946811836886 0.999422979125
0.851272154019 0.952554331206
0.999999999007 0.999999999777
0.999797315637 0.998663606474
0.99086743098 0.999957907236
0.999999998953 0.999999999985
0.999996204831 0.999999844144
0.999999999928 0.999708742058
0.999999998199 0.999988786302
0.999999990545 0.99999537093
0.999996080454 0.999972358548
0.976489971583 0.962550578936
0.999994989977 0.995546649411
1.0 0.999999959457
1.0 0.999999999914
0.999999932445 0.999533504449
0.999999999994 0.999991691164
0.99984416069 0.999999075443
0.999656539127 0.79805964507
0.994753840322 0.999049664102
0.999352391803 0.983708421932
0.990042936568 0.992148110613
0.999979275715 0.997040180346
0.999999793341 0.996503087141
0.99989698983 0.999891724628
0.999895581279 0.999999999975
0.999832704081 0.996509125649
0.970919544823 0.999833682194
0.959711907361 0.999982010438
0.994904962002 0.999946517106
0.999999993413 1.0
0.997688912792 0.868337087535
0.946888055135 0.939905479448
0.967486444161 0.921080227465
0.999999932615 0.999999384924
0.980863224637 0.996525733263
0.999999998415 0.999940420534
0.999928335545 0.999999999965
0.999895955211 0.999999999546
0.999999795422 0.999855107388
0.985180187652 0.999999687093
0.995870990717 0.99923064935
0.99911322025 0.999999856279
0.833565995539 0.986268612726
0.999985606748 0.999999588999
0.999999996563 0.99999318082
0.999999439721 1.0
0.99999825846 0.999999999997
0.999999999914 0.999928167427
0.889339673335 0.999956977099
0.999999226812 0.964789143546
0.999813744781 0.999999999839
0.999425922226 0.998972180141
0.953599229022 0.963456617206
0.990389480716 0.979405186823
0.974220887267 0.993986150965
0.998174358432 0.988438058451
0.999849855412 0.942834357296
0.980152576424 0.860037386564
0.951168488433 0.875081311357
0.980460303835 0.992685860487
0.999999945138 0.989920277373
0.997109841221 0.999999942478
0.999989167524 0.920207532112
0.999999977529 0.995561744693
0.980045141653 0.997676239236
0.989692509265 0.95576140359
0.99999993448 0.996723598536
0.99999990719 0.99159045296
0.942737874073 0.910353973397
0.99868272816 0.919541731495
0.999999999659 0.99966229256
0.999999998657 0.999999999989
0.999846231007 0.999999972702
0.999999997144 0.999999960811
0.999986756974 0.984750493667
0.958723155954 0.999958523754
0.906563358456 0.993085546626
0.999951534591 0.99999999998
0.99999913949 0.965632826634
0.999437667347 0.999999999391
0.981425509681 0.999999788244
0.979766441134 0.958446922352
0.966035738746 0.999877854481
0.896610022649 0.996542898835
0.999999999991 0.999911437038
0.999097930906 0.999999999217
0.99999058089 0.915562223636
0.999247595819 0.998351840608
0.997494620799 0.99999996198
0.99999335641 0.999999993615
0.999832926905 0.999750922451
0.998754579543 0.788173210455
0.945308552102 0.999466963496
0.833540443367 0.996212499799
0.999999999979 0.999999999813
0.995546650304 0.882664266134
0.950904090216 0.99989676403
0.952168839296 0.974557999168
0.85182619313 0.995732943332
0.985242400485 0.991789448826
0.963358727156 0.99292653116
0.974348283912 0.999863084623
0.999895624949 0.916582083876
0.999999060833 0.999755330758
0.99309273043 0.99999429454
0.999179562257 0.99999995
0.999244497898 0.998239013867
0.99984511494 0.988989222941
0.983243069045 0.999995800693
0.977554894102 0.997682303039
0.914182642654 0.999925899075
0.99354579233 0.999999971538
0.999632396153 0.999999918757
0.999497744188 0.99978996132
0.877314568339 0.994601976412
0.925661418142 0.999824732225
0.915821670504 0.999967951041
0.989817625783 0.999997491364
0.96982949086 0.99987472935
0.998581985233 0.986907244863
0.999769332235 0.996416671602
0.999759994828 0.999999989214
0.999999998584 0.999999999999
0.999893917427 0.999993893498
0.999999998388 0.998668268473
0.999999999992 0.999999542816
0.972676194972 0.961247088521
0.99999613974 0.999906192148
0.999826321351 0.999999475443
0.999996097465 0.989729299999
0.999999999838 0.999999913602
0.997560908596 0.999908495455
0.999994502792 0.999442278052
0.999999999239 0.999938153133
0.999999637831 0.999810332658
0.982406752392 0.990032077657
0.999997845139 0.999999997603
0.999999999333 0.999933525794
0.999999964654 1.0
0.999861696193 0.999999376474
0.999781299956 0.968109724344
0.999999973524 0.999999872797
0.999988624163 0.999999992595
0.999999962693 0.997412310484
0.999999999902 0.999999999899
0.997974384649 0.986400825644
0.978901555496 0.988929687458
0.999999999874 0.999999996612
0.999999999846 0.999996184784
0.99433627003 0.800310883143
0.999999999999 0.999996811884
0.999999492478 0.999998921095
0.999996296365 1.0
0.983681562431 0.974000374537
0.999999992935 0.999999999999
0.999623207209 0.999844530022
0.999993710459 0.999999988059
0.999931376403 0.999999947068
0.997973733956 0.770140957369
0.999999914155 0.99999556321
0.959982652587 0.998749413631
0.999993024569 0.999993764258
0.999996152634 1.0
0.974461607007 0.999889742417
0.987424891729 0.82592008279
1.0 0.999993744676
0.856821384783 0.982812550551
0.999980533753 0.863079987935
0.955305217602 0.999098449999
0.999143868496 0.833229185375
0.999999999973 0.999998936743
0.999999639067 0.999999999996
0.999967514018 0.999999120885
0.999999999974 0.999999999991
0.999998478926 0.965788435193
0.999980979633 0.980697720885
0.980423367732 0.998626527667
0.999997892463 0.98621327994
0.939948819418 0.99994392611
0.994473840262 0.999999045731
0.999999845059 0.992085501572
0.99979341011 0.951492123287
0.986109462631 0.83078884678
0.941615090847 0.999801230994
0.999997375809 0.907753195644
0.99997722383 0.986474842796
0.92293184017 0.999562000989
0.934061351397 0.999997784002
0.862481245479 0.951837306858
0.955124404613 0.99278861019
0.886413968004 0.999989787216
0.838272986958 0.998001099044
0.971998729529 0.830280687708
0.964778450386 0.999998099419
0.880361723039 0.99995833072
0.999999574644 1.0
0.999898921332 0.999999997793
0.999827032747 0.999999999772
0.999810785622 0.999999999654
0.999994192274 0.997707636095
0.999931028725 0.999999981242
0.999999999999 0.99999999707
0.999999845494 0.999980794294
0.999999990114 0.999969559314
0.999999996261 0.999999999568
0.958169900717 0.999972670643
0.999999799119 0.999999645794
0.997702286497 0.999999994899
0.999999860898 0.999999984167
0.906630034322 0.980121703642
0.986131755086 0.999999405175
0.989342920093 0.999999418874
0.84018293729 0.993003003929
0.971720926353 0.999933453607
1.0 0.999999998182
0.999965350583 0.999999999942
0.92876309966 0.999987162772
0.904465047408 0.997464386943
0.999964227427 0.999999999621
0.964146389698 0.999246831862
0.835703078288 0.999960008465
0.899387625584 0.996291887872
0.900889490496 0.999973324451
0.897533752051 0.995486221832
0.93494565505 0.999993981978
0.999177072833 0.999999998861
0.999113989109 0.999997175341
0.985409189261 0.999999527237
0.997630603455 0.997832743421
0.999982118693 0.999999999887
0.999599716753 0.999999782605
0.999066598504 0.940005908874
0.986573437409 0.997726941464
0.999999555544 1.0
1.0 0.999999998095
0.970944321576 0.999996511907
0.999999999759 0.999999999736
0.960238173809 0.999984524045
0.99998747324 0.952515967608
0.95332437965 0.999721559346
0.999999581552 0.984093352847
0.999996834227 0.956736382192
1.0 0.999999999509
0.999991024395 0.999999999682
0.999999999995 0.999999975049
0.989608163689 0.998983173087
0.984822394848 0.977059758126
0.999999969576 0.999889571901
0.999333192681 0.995404339671
0.999900830455 0.960035622336
0.999998423057 0.999999641413
0.999699019585 0.999999794853
0.999999050838 0.999899716693
0.992787668008 0.997428469609
0.982166561331 0.999952749515
0.999211493071 0.999379690355
0.999999999842 0.999986376241
0.999999999972 0.999986038837
0.849348883606 0.996196885886
0.999628739567 0.999842710164
0.883572446893 0.96475048006
0.999911351618 0.988119847
0.99999885001 0.999223323483
0.999827814924 0.998395531243
0.999999998249 0.999999999673
0.982760892424 0.999994885597
0.946583993281 0.999497738549
0.850635044433 0.958701441375
0.999999999003 0.999999999806
0.999796447392 0.998836751009
0.990828309541 0.999963360818
0.999999998948 0.999999999987
0.999996188573 0.999999864337
0.999999999927 0.99974647774
0.999999998191 0.999990239161
0.999999990505 0.999995970677
0.999996063664 0.999975939804
0.976389261024 0.967402564858
0.999994968515 0.996123630143
1.0 0.99999996471
0.999999932156 0.999593944097
0.999999999994 0.999992767665
0.999843493117 0.999999195229
0.999655067834 0.824223247371
0.994731367202 0.999172790609
0.999349617625 0.985819175722
0.99000028322 0.993165409564
0.999979186938 0.997423657657
0.999999792456 0.996956150806
0.999896548563 0.999905752898
0.999895133978 0.999999999978
0.999831987431 0.996961406959
0.970794972073 0.999855230502
0.959539324144 0.999984341185
0.994883136247 0.999953446405
0.999999993385 1.0
0.997679012724 0.885395471338
0.946660538029 0.947691387999
0.967347164943 0.931305155232
0.999999932326 0.999999464614
0.980781247904 0.996975862873
0.999999998408 0.999948139712
0.999928028554 0.99999999997
0.999895509512 0.999999999604
0.999999794546 0.999873879826
0.985116703612 0.999999727633
0.995853303166 0.99933032722
0.999109421528 0.999999874899
0.832853037592 0.988047665535
0.999985545091 0.999999642249
0.999999996549 0.99999406432
0.999999437321 1.0
0.999998251 0.999999999998
0.999999999914 0.99993747413
0.888865634634 0.99996255119
0.9999992235 0.96935109871
0.999812946915 0.99999999986
0.999423463034 0.99910534555
0.953400460756 0.968191215867
0.990348311868 0.982073472226
0.974110456569 0.994765311498
0.998166537881 0.989936035616
0.999849212234 0.950240797388
0.980067555466 0.878171088252
0.950959307537 0.891265906511
0.980376601098 0.993633488005
0.999999944903 0.991226216714
0.997097460568 0.999999949931
0.99998912112 0.930545527196
0.999999977433 0.996136769664
0.979959660474 0.997977308096
0.989648354782 0.961493002127
0.9999999342 0.997148092516
0.999999906792 0.992680002616
0.942492578721 0.921968605791
0.998677085327 0.929965988399
0.999999999658 0.999706046287
0.999999998651 0.999999999991
0.999845572303 0.999999976239
0.999999997132 0.999999965888
0.999986700244 0.98672623556
0.958546337196 0.999963897459
0.906163101331 0.993981390393
0.999951326978 0.999999999982
0.999999135804 0.97008547334
0.999435258467 0.99999999947
0.981345941623 0.999999815679
0.979679766079 0.963830582286
0.965890245101 0.999893679782
0.896167128145 0.996990804456
0.999999999991 0.999922911347
0.999094066688 0.999999999319
0.999990540541 0.926502069714
0.999244372724 0.998565377852
0.997483888437 0.999999966906
0.99999332795 0.999999994442
0.999832211209 0.999783193197
0.998749244501 0.815617709502
0.945074268834 0.99953602426
0.832827375961 0.996703212262
0.999999999979 0.999999999837
0.995527573367 0.897866405784
0.95069377671 0.999910139389
0.95196394363 0.977854291242
0.851191456896 0.99628578763
0.985179182948 0.992853216371
0.963201765922 0.993842977135
0.974238398946 0.999880823522
0.999895177834 0.927389795802
0.99999905681 0.999787030359
0.993063141568 0.999995033746
0.999176047725 0.999999956478
0.999241261533 0.998467169061
0.999844451455 0.990415790663
0.983171286916 0.99999634476
0.977458745381 0.997982586266
0.913815024467 0.999935499667
0.993518144262 0.999999975226
0.999630821438 0.999999929283
0.999495592661 0.99981717415
0.876789017363 0.995301349959
0.925342971903 0.9998474401
0.915461073466 0.999972103337
0.989774007265 0.999997816385
0.969700248616 0.999890959546
0.998575910844 0.988603555828
0.999768344117 0.996880931355
0.999758966711 0.999999990611
0.999999998578 0.999999999999
0.999893462998 0.999994684663
0.999999998381 0.998840808994
0.999999999992 0.999999602049
0.972559147233 0.966267956016
0.999996123204 0.99991834599
0.999825577359 0.999999543405
0.999996080748 0.991059982568
0.999999999837 0.999999924796
0.997550460193 0.999920350879
0.999994479243 0.999514537088
0.999999999236 0.999946166077
0.999999636279 0.999834906156
0.982331387711 0.991323532037
0.999997835908 0.999999997913
0.999999999331 0.999942138262
0.999999964503 1.0
0.999861103737 0.999999457258
0.999780363105 0.972241461608
0.99999997341 0.999999889277
0.999988575432 0.999999993554
0.999999962533 0.997747574227
0.999999999901 0.999999999912
0.997965707464 0.98816274881
0.978811175506 0.990363968658
0.999999999874 0.999999997051
0.999999999845 0.999996679088
0.994312008153 0.8261828127
0.999999999999 0.99999722494
0.999999490304 0.999999060879
0.9999962805 1.0
0.983611658689 0.977368913039
0.999999992905 0.999999999999
0.999621593131 0.999864672874
0.999993683516 0.999999989606
0.999931082438 0.999999953926
0.997965053984 0.79992173387
0.999999913787 0.999996138045
0.959811229169 0.998911440901
0.999992994688 0.999994572167
0.999996136153 1.0
0.974352207487 0.999904027504
0.98737102339 0.848474057819
1.0 0.999994555122
0.85620804659 0.985039374368
0.999980450365 0.880819487026
0.955113757327 0.999215255754
0.999140201062 0.854836185476
0.999999999973 0.9999990745
0.999999637521 0.999999999996
0.999967374857 0.999999234784
0.999998472411 0.970220921092
0.999980898155 0.983198544232
0.980339506771 0.99880447617
0.999997883435 0.987999501722
0.939691576515 0.999951191102
0.994450167698 0.999999169367
0.999999844395 0.993110912215
0.999792525136 0.957776854218
0.986049959352 0.852712019686
0.941364985797 0.999826983713
0.999997364568 0.919704787507
0.999977126263 0.988227176223
0.922601701163 0.999618748596
0.933778888185 0.999998071109
0.861892152588 0.958077315446
0.954932169785 0.99372292535
0.885927396378 0.999991110395
0.83758019248 0.99826007873
0.971878779712 0.852269698231
0.96462757086 0.99999834566
0.879849225244 0.999963729436
0.999917096356 0.980870078081
0.931264339574 0.999890805204
0.999948277263 0.996299580701
0.989464112147 0.987213278185
0.950000485102 0.999941144746
0.966806213359 0.878039112774
0.993658285352 0.999998526649
0.991662795536 0.999837302039
0.995373565355 0.999992767131
0.989088282401 0.992191669735
0.998942188397 0.828822925205
1.0 0.999999999902
0.999999559704 1.0
0.999895370915 0.999999997733
0.999820957222 0.999999999765
0.999804139412 0.999999999645
0.999999999914 0.999999999998
0.999993988276 0.997644916888
0.999928606089 0.999999980729
0.999999999999 0.99999999699
0.999999840066 0.999980268825
0.999999989767 0.999968726455
0.99999999613 0.999999999556
0.956700606402 0.99997192291
0.999999792063 0.999999636103
0.997621578647 0.99999999476
0.999999856012 0.999999983734
0.903350387319 0.979577832322
0.985644628979 0.9999993889
0.988968587085 0.999999402974
0.834569316818 0.992811565718
0.970727615726 0.999931632894
0.999964133512 0.999999999941
0.926260882967 0.999986811545
0.901109354615 0.997395012425
0.999962970905 0.999999999611
0.962887021284 0.999226225139
0.829932101475 0.999958914295
0.895853586883 0.996190433713
0.897408205233 0.999972594606
0.893934595506 0.995362724604
0.932660602401 0.999993817324
0.999148167279 0.99999999883
0.999082867721 0.999997098058
0.98489668282 0.999999514303
0.997547377718 0.997773447157
0.999981490607 0.999999999884
0.999585656689 0.999999776657
0.999033812506 0.938364467124
0.986101825521 0.997664750453
0.999999539933 1.0
1.0 0.999999998043
0.969923732482 0.999996416473
0.99999999975 0.999999999729
0.958841528184 0.999984100622
0.999987033234 0.951216801777
0.951684885009 0.999713941194
0.999999566854 0.983658146075
0.999996723028 0.955552687145
0.999999999999 0.999999999495
0.999990709124 0.999999999674
0.999999999995 0.999999974367
0.989243147438 0.998955352645
0.984289277085 0.976432111802
0.999999968507 0.999886550582
0.999309770881 0.995278602143
0.999897347096 0.958942194688
0.999998367667 0.999999631602
0.999999999958 0.999999999848
0.999688447561 0.99999978924
0.999999017499 0.999896972936
0.992534332764 0.997358112392
0.981540156649 0.999951456739
0.999183796538 0.999362718647
0.999999999837 0.999986003494
0.999999999971 0.999985656859
0.844057219644 0.996092832467
0.999615698937 0.999838406705
0.879482895473 0.963786051187
0.999908237818 0.987794805338
0.999998809616 0.99920207357
0.999821766874 0.998351632886
0.999999998187 0.999999999664
0.982155363793 0.999994745667
0.944707740622 0.999483996647
0.845388557242 0.957571510459
0.999999999485 1.0
0.999999998968 0.999999999801
0.999789297548 0.99880492445
0.990506151266 0.999962358368
0.999999998911 0.999999999986
0.999996054696 0.999999860625
0.999999999925 0.999739541356
0.999999998127 0.999989972104
0.999999990171 0.999995860434
0.999995925399 0.999975281515
0.975559927 0.966510697176
0.999994791783 0.996017572443
1.0 0.999999963744
1.0 0.999999999924
0.999999929773 0.999582834385
0.999999999994 0.999992569788
0.999837995767 0.999999173211
0.999642951992 0.819413985409
0.994546304954 0.999150158113
0.999326772757 0.985431187562
0.989649040281 0.992978414781
0.999978455873 0.997353168784
0.999999785166 0.996872870918
0.999892914801 0.999903174292
0.999891450529 0.999999999977
0.999826085941 0.99687827088
0.969769137034 0.999851269601
0.958118131222 0.999983912759
0.99470340493 0.999952172696
0.999999993153 1.0
0.997597487376 0.882259884907
0.944786974026 0.946260221396
0.966200224683 0.929425660367
0.999999929949 0.999999449966
0.980106183687 0.996893122309
0.999999998352 0.999946720811
0.999925500537 0.999999999969
0.999891839253 0.999999999594
0.999999787329 0.99987042917
0.984593923529 0.999999720181
0.995707649242 0.999312004934
0.999078139702 0.999999871477
0.826981952276 0.987720648983
0.999985037358 0.999999632461
0.999999996427 0.99999390192
0.999999417556 1.0
0.999998189566 0.999999999998
0.999999999911 0.999935763418
0.884962007962 0.999961526589
0.999999196226 0.968512543025
0.999806376621 0.999999999856
0.999403212006 0.999080867754
0.951763638486 0.967320925722
0.990009293536 0.981583001406
0.973201078881 0.994622090122
0.998102136995 0.989660684978
0.99984391577 0.948879382771
0.979367422597 0.874837842288
0.949236739054 0.888290935521
0.979687323546 0.993459299874
0.999999942968 0.990986165504
0.996995508032 0.999999948561
0.999988738996 0.928645248864
0.99999997664 0.996031071462
0.979255737762 0.99792196713
0.989284750255 0.960439448472
0.999999931888 0.997070064164
0.999999903518 0.992479727071
0.940472613944 0.919833662401
0.998630617567 0.928049853853
0.999999999646 0.999698003697
0.999999998604 0.99999999999
0.999840147985 0.999999975589
0.999999997031 0.999999964955
0.999986233087 0.986363064609
0.957090265321 0.999962909692
0.902867053171 0.993816720892
0.999949617324 0.999999999982
0.999999105449 0.969267010187
0.999415421757 0.999999999455
0.980690712437 0.999999810636
0.978966011995 0.962840984958
0.964692130112 0.999890770854
0.892519968541 0.996908472694
0.99999999999 0.999920802197
0.999062245518 0.9999999993
0.999990208275 0.924491162156
0.999217831098 0.998526126509
0.997395509292 0.999999966
0.999993093593 0.99999999429
0.99982631758 0.999777261351
0.998705311353 0.810572999534
0.943144986668 0.999523329857
0.826955389274 0.996613011962
0.999999999978 0.999999999833
0.99537047809 0.89507202483
0.94896188138 0.999907680798
0.950276663281 0.97724838339
0.845964513854 0.996184166568
0.984658597469 0.992657679964
0.961909217325 0.993674520639
0.973333515271 0.999877562847
0.999891495926 0.92540317648
0.99999902368 0.999781203498
0.992819482413 0.999994897869
0.999147106164 0.999999955288
0.999214610625 0.998425230719
0.999838987767 0.990153566149
0.98258017351 0.999996244752
0.976666977305 0.997927389712
0.910787752317 0.999933734935
0.993290467207 0.999999974548
0.999617853934 0.999999927349
0.999477875207 0.999812172024
0.872461196023 0.995172794626
0.922720622235 0.999843266052
0.912491619263 0.999971340083
0.989414816317 0.999997756642
0.9686359611 0.999887976193
0.998525889301 0.988291748467
0.999760207138 0.996795593459
0.999750500347 0.999999990355
0.999999998528 0.999999999999
0.999889720856 0.999994539235
0.999999998325 0.998809093462
0.999999999947 1.0
0.999999999992 0.999999591161
0.971595279356 0.965345045371
0.999995987031 0.999916111932
0.999819450714 0.999999530913
0.999995943083 0.990815383182
0.999999999831 0.999999922739
0.9974644194 0.999918171675
0.999994285325 0.999501254795
0.999999999209 0.999944693178
0.999999623504 0.999830389179
0.981710772603 0.99108614338
0.999997759894 0.999999997856
0.999999999307 0.999940555161
0.999999963256 1.0
0.999856224965 0.999999442409
0.999772648296 0.971481986417
0.999999972476 0.999999886248
0.999988174141 0.999999993378
0.999999961217 0.99768594773
0.999999999898 0.999999999909
0.997894252352 0.987838880943
0.978066911928 0.990100326292
0.999999999869 0.99999999697
0.99999999984 0.999996588227
0.994112215797 0.821427164556
0.999999999999 0.999997149014
0.9999994724 0.999999035185
0.999996149852 1.0
0.983036013468 0.976749725211
0.999999992656 0.999999999999
0.99960830148 0.999860970316
0.999993461648 0.999999989322
0.999928661689 0.999999952665
0.997893575917 0.794447581115
0.999999910759 0.999996032382
0.95839958699 0.998881657862
0.999992748624 0.999994423661
0.999996000434 1.0
0.973451321369 0.999901401691
0.98692742694 0.844328299412
1.0 0.99999440615
0.851157312709 0.984630050799
0.999979763678 0.877558701404
0.953537115093 0.999193785107
0.999110000376 0.850864495244
0.999999999972 0.999999049178
0.999999624789 0.999999999996
0.999966228889 0.999999213848
0.999999999973 0.999999999992
0.999998418754 0.969406163797
0.999980227198 0.982738855445
0.979648926269 0.99877176657
0.99999780909 0.987671167406
0.937573225727 0.999949855688
0.994255228236 0.999999146641
0.999999838929 0.992922426381
0.999785237521 0.956621626545
0.985559960147 0.848682212156
0.939305413994 0.999822249977
0.999997271998 0.91750790592
0.999976322816 0.987905071094
0.919883063569 0.999608317536
0.931452852512 0.999998018334
0.857041074572 0.95693030841
0.953349149236 0.99355118423
0.88192056324 0.999990867175
0.831875149845 0.998212474385
0.97089101373 0.848227788762
0.963385104073 0.999998300397
0.875628894589 0.999962737071
0.999914184342 0.980346682327
0.928849979655 0.999887817628
0.999946460487 0.996198337018
0.989094036044 0.986863432748
0.948244237705 0.999939534463
0.965640272019 0.874702255954
0.993435530794 0.999998486338
0.991369948822 0.999832850614
0.995211060502 0.999992569239
0.98870500517 0.991978033374
0.998905032459 0.82413951069
0.98510526428 0.988377631325
0.999996306122 0.929243392559
0.977990506484 0.999831315495
0.988884969724 0.999948419043
0.989214429873 0.999999949979
0.999753875404 0.860782147506
0.9995405621 0.987813239613
0.999884120111 0.972718996721
0.954835736073 0.853917013847
0.999999576239 1.0
0.99989930018 0.99999999771
0.999827681036 0.999999999763
0.999811494807 0.999999999641
0.999994214041 0.997620739516
0.999931287232 0.999999980531
0.999999999999 0.999999996959
0.999999846073 0.999980066264
0.999999990151 0.9999684054
0.999999996275 0.999999999552
0.958326682003 0.999971634669
0.999999799872 0.999999632367
0.997710898441 0.999999994706
0.99999986142 0.999999983567
0.906979989582 0.979368177579
0.986183733955 0.999999382627
0.989382863357 0.999999396845
0.840781939563 0.992737768981
0.971826917722 0.999930931034
1.0 0.999999998113
0.99996548045 0.99999999994
0.929030099093 0.999986676152
0.904823117146 0.997368269525
0.999964361504 0.999999999607
0.964280770807 0.999218281537
0.836318871294 0.999958492507
0.899764725751 0.996151324562
0.901260961599 0.999972313262
0.897917800627 0.99531511816
0.93518948196 0.999993753853
0.999180157205 0.999999998818
0.999117309922 0.999997068266
0.985463876342 0.999999509316
0.997639484071 0.997750589282
0.999982185713 0.999999999883
0.999601217035 0.999999774364
0.999070096939 0.937731714421
0.986623760831 0.997640776694
0.99999955721 1.0
1.0 0.999999998022
0.971053223699 0.999996379684
0.99999999976 0.999999999726
0.960387203105 0.999983937399
0.999987520191 0.950715991626
0.953499322189 0.999711004503
0.99999958312 0.983490379987
0.999996846093 0.955096389356
1.0 0.99999999949
0.999991058036 0.99999999967
0.999999999995 0.999999974103
0.989647112806 0.998944628256
0.984879281264 0.976190162974
0.99999996969 0.999885385906
0.999335691908 0.995230132094
0.999901202148 0.958520693711
0.999998428968 0.99999962782
0.999999999959 0.999999999847
0.999700147675 0.999999787077
0.999999054396 0.999895915256
0.992814700186 0.997330990674
0.982233401943 0.999950958392
0.999214448434 0.999356176293
0.999999999843 0.999985859805
0.999999999973 0.999985509612
0.849913531457 0.996052721338
0.999630131069 0.999836747782
0.884008823133 0.963414277424
0.999911683877 0.98766950635
0.99999885432 0.999193882027
0.999828460283 0.998334710688
0.999999998255 0.99999999966
0.982825505454 0.999994691725
0.946784199122 0.999478699337
0.85119487169 0.957135937986
0.999999999006 0.999999999799
0.999797210318 0.99879265576
0.990862685492 0.999961971938
0.999999998952 0.999999999986
0.999996202858 0.999999859194
0.999999999928 0.999736867478
0.999999998198 0.999989869157
0.99999999054 0.999995817937
0.999996078418 0.999975027754
0.976477755244 0.966166894731
0.999994987374 0.995976688691
1.0 0.999999963372
0.99999993241 0.999578551747
0.999999999994 0.999992493509
0.999844079712 0.999999164723
0.999656360657 0.817560082578
0.994751114299 0.999141433604
0.999352055291 0.985281623585
0.990037762654 0.992906330922
0.999979264946 0.997325996315
0.999999793234 0.996840767693
0.999896936304 0.999902180276
0.999895527021 0.999999999977
0.99983261715 0.996846223091
0.970904433965 0.999849742729
0.959690972763 0.999983747606
0.994902314506 0.999951681699
0.99999999341 1.0
0.9976877119 0.881051160449
0.946860456976 0.945708526804
0.967469549387 0.928701141537
0.99999993258 0.999999444319
0.980853280739 0.996861226985
0.999999998414 0.999946173845
0.999928298307 0.999999999969
0.999895901147 0.999999999589
0.999999795316 0.999869098991
0.985172486945 0.999999717309
0.995868845191 0.999304941951
0.99911275946 0.999999870157
0.833479512692 0.987594588703
0.999985599269 0.999999628687
0.999999996562 0.999993839317
0.999999439429 1.0
0.999998257555 0.999999999998
0.999999999914 0.999935103963
0.889282171744 0.999961131619
0.999999226411 0.968189291605
0.999813647999 0.999999999855
0.999425623923 0.999071431907
0.953575118139 0.966985441114
0.990384486874 0.981393931804
0.974207491861 0.994566880297
0.998173409788 0.98955454118
0.999849777394 0.948354576588
0.980142263257 0.873552922861
0.951143114483 0.887144126055
0.98045015057 0.9933921528
0.99999994511 0.990893629139
0.997108339429 0.999999948033
0.999989161895 0.9279127183
0.999999977517 0.995990326292
0.98003477266 0.997900633966
0.989687153261 0.96003331836
0.999999934446 0.997039985333
0.999999907142 0.992402523665
0.942708119387 0.919010671759
0.998682043676 0.927311210942
0.999999999659 0.999694903391
0.999999998656 0.99999999999
0.999846151105 0.999999975338
0.999999997143 0.999999964595
0.999986750092 0.986223067316
0.958701707579 0.999962528921
0.906514806678 0.993753243115
0.999951509407 0.999999999982
0.999999139043 0.968951504155
0.999437375146 0.99999999945
0.981415857959 0.999999808692
0.979755927323 0.962459509109
0.966018090153 0.999889649504
0.896556298895 0.996876734958
0.999999999991 0.99991998915
0.999097462171 0.999999999293
0.999990575996 0.923715985582
0.999247204853 0.998510995668
0.997493318948 0.999999965651
0.999993352958 0.999999994231
0.99983284009 0.999774974708
0.998753932395 0.808628334809
0.945280133197 0.999518436344
0.833453947242 0.996578241015
0.999999999979 0.999999999831
0.995544336244 0.893994830283
0.950878578878 0.999906733046
0.95214398515 0.977014814436
0.851749198692 0.996144993078
0.985234732105 0.992582303429
0.963339687527 0.99360958303
0.974334954704 0.999876305902
0.999895570713 0.924637362679
0.999999060345 0.999778957325
0.993089141257 0.99999484549
0.999179135939 0.999999954829
0.999244105322 0.998409064078
0.999845034458 0.990052482288
0.983234361767 0.999996206201
0.977543231121 0.997906112216
0.914138050028 0.999933054655
0.993542438578 0.999999974287
0.999632205137 0.999999926603
0.999497483204 0.999810243775
0.877250818234 0.995123238354
0.925622790145 0.999841657016
0.915777929553 0.999971045859
0.989812334792 0.999997733611
0.969813813586 0.999886826152
0.998581248401 0.988171551116
0.999769212375 0.9967626969
0.999759870116 0.999999990255
0.999999998583 0.999999999999
0.999893862304 0.999994483175
0.999999998387 0.998796867571
0.999999999992 0.999999586964
0.972661996909 0.964989276301
0.999996137735 0.999915250734
0.999826231104 0.999999526097
0.999996095437 0.99072109356
0.999999999837 0.999999921945
0.997559641189 0.999917331622
0.999994499935 0.999496134658
0.999999999238 0.999944125396
0.999999637643 0.999828647948
0.982397610546 0.990994633392
0.99999784402 0.999999997834
0.999999999333 0.999939944898
0.999999964636 1.0
0.999861624327 0.999999436685
0.999781186315 0.971189219415
0.99999997351 0.99999988508
0.999988618252 0.99999999331
0.999999962674 0.997662191582
0.999999999901 0.999999999909
0.997973332094 0.987714034437
0.978890592271 0.989998695869
0.999999999874 0.999999996939
0.999999999846 0.999996553202
0.994333327028 0.819593929099
0.999999999999 0.999997119746
0.999999492214 0.99999902528
0.999996294441 1.0
0.983673083004 0.976511037014
0.999999992932 0.999999999999
0.999623011419 0.999859543032
0.999993707191 0.999999989212
0.999931340745 0.999999952179
0.997972681062 0.792337372237
0.99999991411 0.99999599165
0.959961858674 0.99887017692
0.999993020944 0.999994366414
0.999996150635 1.0
0.974448336684 0.999900389477
0.98741835742 0.842730167868
1.0 0.999994348724
0.856746985959 0.984472262321
0.999980523638 0.876301714419
0.955281993189 0.999185508475
0.999143423631 0.849333464532
0.999999999973 0.999999039417
0.99999963888 0.999999999996
0.999967497137 0.999999205777
0.999998478136 0.969092086322
0.99998096975 0.982561651885
0.980413195274 0.998759157479
0.999997891368 0.987544599146
0.939917615475 0.999949340904
0.994470968745 0.99999913788
0.999999844978 0.992849767744
0.999793302762 0.956176302528
0.986102244796 0.847128778044
0.941584752737 0.999820425189
0.999997374446 0.916661038974
0.999977211995 0.987780904098
0.922891793824 0.999604296509
0.934027088194 0.99999799799
0.862409787646 0.956488153333
0.955101086246 0.993484980445
0.886354946151 0.999990773417
0.83818894997 0.99819412358
0.97198417944 0.846669689522
0.964760148478 0.999998282949
0.880299556303 0.999962354528
0.999917407083 0.980144920628
0.931521964236 0.99988666596
0.999948471122 0.996159309003
0.989503601177 0.986728572254
0.950187885762 0.999938913722
0.966930625316 0.873415944592
0.993682054413 0.999998470799
0.991694043791 0.999831134652
0.995390905461 0.999992492954
0.989129180059 0.991895679562
0.998946153127 0.82233412028
0.985664624684 0.988258315651
0.999996444842 0.92851700256
0.978817056175 0.999829583774
0.989302386182 0.999947889511
0.989619473707 0.999999949466
0.999763118425 0.859352931786
0.999557815939 0.987688129872
0.999888471892 0.972438928913
0.956531845452 0.852417320406
0.918531107259 0.99997209295
0.985460932341 0.977238530228
0.999905723718 0.892199622361
0.886599276782 0.995834180297
0.863023226661 0.999989315906
0.999808803406 0.905764443119
0.91551419403 0.941515981335
0.996854391263 0.993085347283
0.999967861787 0.976009402517