3.69929897965 -16.9730007436 -12.7554262031
3.60021217396 -16.889173163 -12.9855379256
3.60126417161 -16.8812984809 -12.9899944038
3.60525945741 -16.9118225269 -12.9625687484
3.60110005229 -16.9015164769 -12.9750903423
3.65388823848 -16.953982241 -12.8577283445
3.70832262703 -16.9710073774 -12.7714669092
3.61778826815 -16.9320488693 -12.9253857329
3.60362390206 -16.8730132179 -12.9930358217
3.60054582478 -16.8657985438 -12.9942543622
3.6047160691 -16.8647490307 -12.9945422118
3.61121123999 -16.923285363 -12.9438886225
3.72052157509 -16.9747889992 -12.7455066112
3.60146505058 -16.9025341294 -12.9740118444
3.61999570438 -16.9351348912 -12.9177813427
3.60076692449 -16.885279591 -12.9879365427
3.60242013128 -16.8812070803 -12.9899866816
3.66295216282 -16.9572540429 -12.844129113
3.60010779144 -16.8930168231 -12.9827426821
3.60368759789 -16.8690256267 -12.9939386306
3.75641415977 -16.9796248344 -12.7068243468
3.60397034322 -16.9089676557 -12.9664057027
3.66003929177 -16.9530226449 -12.8612338951
3.60051557341 -16.8970769405 -12.9793528461
3.61923814924 -16.9312064579 -12.9273890776
3.70534192958 -16.971054028 -12.7711029817
3.60162082054 -16.8758260971 -12.9921634697
3.60516706789 -16.868252384 -12.994084923
3.60187067418 -16.8801856056 -12.9904908715
3.60000008074 -16.8908673116 -12.9843625675
3.69826771677 -16.9662389162 -12.7995318112
3.60048441193 -16.8990145698 -12.9775860836
3.63643398933 -16.9428014331 -12.8966922171
3.60077339037 -16.8856193912 -12.9877387323
3.60799068295 -16.9184437839 -12.9524792833
3.66492273102 -16.9615955256 -12.8230063781
3.60638278606 -16.8670320725 -12.9942754507
3.60046818101 -16.8933352082 -12.9823909007
3.60191117594 -16.8744675392 -12.9925982163
3.60132903323 -16.861337048 -12.9947094507
3.60065411085 -16.8658819965 -12.9942582755
3.60070892591 -16.8852416844 -12.9879612105
3.67105046493 -16.9693550041 -12.7685287324
3.6008190991 -16.9042478618 -12.9720890408
3.60003136863 -16.8956616741 -12.9806069102
3.60216524771 -16.8741135702 -12.9927103144
3.60350943893 -16.8696542458 -12.9938176184
3.6013861229 -16.8794699738 -12.990803105
3.61030471081 -16.9214918491 -12.9471917508
3.62886132841 -16.9454852469 -12.8869789021
3.70402025813 -16.9678408494 -12.790402881
3.61654629068 -16.928946602 -12.9324296484
3.60065106043 -16.8852157015 -12.9879782953
3.60081547985 -16.9009072446 -12.9757211652
3.60124087685 -16.8779568765 -12.991398108
3.60669908135 -16.9143143213 -12.9589551893
3.64284892233 -16.9503247977 -12.8714393555
3.60128329963 -16.8704732297 -12.9935604736
3.60000459267 -16.8951291457 -12.9810487575
3.60217149332 -16.8655997209 -12.9943985476
3.74307801974 -16.9816050999 -12.6862709461
3.61265004022 -16.9267146541 -12.937089765
3.60006371642 -16.8858813189 -12.9875558652
3.60017944924 -16.9006544557 -12.9758848158
3.60013289783 -16.8656486555 -12.994184642
3.60225957678 -16.8779951165 -12.9913977617
3.6016161938 -16.8609173453 -12.9947369061
3.60380845647 -16.914015728 -12.9593624287
3.66936804936 -16.9587425696 -12.8375184011
3.60593056516 -16.8738804678 -12.9927264974
3.68665554268 -16.9656970478 -12.8029211162
3.64065241535 -16.9442256497 -12.8921921134
3.6002622295 -16.899071359 -12.9775187017
3.60881174221 -16.9191649034 -12.9512598614
3.60832512825 -16.8657872949 -12.9944319281
3.60082724685 -16.8795042461 -12.9907648822
3.60016579818 -16.8877733676 -12.9864525444
3.60216799628 -16.872368708 -12.993180788
3.66437758375 -16.9575956932 -12.8426438384
3.60031914379 -16.859862838 -12.9947243189
3.73860102207 -16.980816229 -12.6937112119
3.61281061371 -16.9217556948 -12.9465801646
3.60080548797 -16.9016322922 -12.9749759329
3.60108024909 -16.8790361475 -12.9909707867
3.66718149797 -16.9593852305 -12.834567006
3.60037796556 -16.8924064193 -12.9831018129
3.60353576193 -16.8691878539 -12.9939065398
3.60053538836 -16.8623640714 -12.9945990373
3.60860229739 -16.9181812793 -12.9528931264
3.60140834329 -16.881957447 -12.9896765733
3.6640850065 -16.9626529112 -12.8166233093
3.60023152735 -16.898270401 -12.9782825684
3.60012462935 -16.8926497254 -12.9830123604
3.60341098019 -16.8693287027 -12.9938781703
3.60776732763 -16.9223673013 -12.9453881429
3.60469157359 -16.9149385788 -12.9580239099
3.60147896182 -16.8836196874 -12.988815142
3.60048569692 -16.8638598731 -12.9944646874
3.63469712661 -16.9480168504 -12.8789509397
3.6033371345 -16.8745784206 -12.9925811025
3.69173103085 -16.9700068963 -12.7764049499
3.60149457733 -16.8771354298 -12.9917103459
3.60020532614 -16.8888561164 -12.9857516345
3.60100428195 -16.8996384428 -12.9769508391
3.60577951678 -16.9122734063 -12.9619110743
3.60724666544 -16.8719038446 -12.9932548165
3.6036120264 -16.866847488 -12.9942833539
3.60045556757 -16.8624107053 -12.9945871574
3.60092625302 -16.8846339645 -12.988294034
3.62266325219 -16.935675004 -12.9165566721
3.63971344357 -16.9493794645 -12.8746701955
3.60002946899 -16.8914868786 -12.9839216003
3.60360686107 -16.9100098654 -12.9650808757
3.60239828943 -16.9078823782 -12.9678263047
3.6005554643 -16.886586558 -12.9871751878
3.63105267565 -16.9462263751 -12.8848443237
3.60239801366 -16.8653871709 -12.9944309094
3.60168389945 -16.8770036119 -12.9917635814
3.60214075321 -16.8688546128 -12.9939253586
3.60002208555 -16.8605821062 -12.9945769309
3.71084651524 -16.9723187253 -12.7628135736
3.6026340117 -16.8764554062 -12.9919651658
3.6051383902 -16.915053501 -12.9578742151
3.601561614 -16.8997841452 -12.9767263057
3.63202978025 -16.9399532164 -12.905030365
3.60164672988 -16.8598601138 -12.9947716883
3.60023922631 -16.8910601157 -12.9841876036
3.60576802601 -16.8716792614 -12.9933582808
3.60468398721 -16.8663825635 -12.9943593672
3.60169272118 -16.8817539038 -12.9897645305
3.66824464241 -16.9591459791 -12.8357050694
3.60000016157 -16.8970219357 -12.9793204964
3.60241875145 -16.9096508884 -12.9655153865
3.60073601077 -16.8869767016 -12.9869161394
3.60272227619 -16.8679712031 -12.9940955007
3.6014870053 -16.8722291968 -12.9931793856
3.60007037961 -16.8669099163 -12.9939750121
3.60540492358 -16.8699494119 -12.9937638525
3.64885271878 -16.9484441386 -12.8782246033
3.6011741775 -16.8804319537 -12.9903868597
3.64740462531 -16.9600767296 -12.8232417877
3.60070575822 -16.8820943947 -12.9896092693
3.60103515555 -16.8875853281 -12.9864765687
3.60243596163 -16.8754116837 -12.9923176849
3.60524987242 -16.8645984657 -12.9945607978
3.60055349843 -16.8995096384 -12.9771093662
3.60636262717 -16.9234797629 -12.9427304253
3.60112603916 -16.8726940976 -12.9930339566
3.63850986303 -16.9497793729 -12.8728746491
3.68050626079 -16.9652638922 -12.8049300183
3.6001475875 -16.8906320244 -12.9844326015
3.60115789039 -16.8779011605 -12.9914145555
3.61091196645 -16.9225317676 -12.945295301
3.60076368977 -16.902617583 -12.9739210816
3.61178225092 -16.8694405353 -12.9936933382
3.63996215412 -16.9500428321 -12.8721143555
3.60412584346 -16.8746360917 -12.9925495277
3.60399440223 -16.849165525 -12.9947695905
3.75454375382 -16.9785384511 -12.7155976042
3.60082798011 -16.8836666829 -12.9888227822
3.60528382784 -16.9166689507 -12.9553016158
3.60122467666 -16.9045361094 -12.9718093916
3.60132555237 -16.8776604918 -12.9915124764
3.60010689005 -16.8947718341 -12.9813606473
3.63584833035 -16.9460194456 -12.8864275777
3.60638090277 -16.8659671273 -12.9944180712
3.6020719337 -16.8726286563 -12.9931113888
3.60007494831 -16.8638956149 -12.9943725964
3.72047807002 -16.9802317359 -12.6880675088
3.60115165591 -16.8819066644 -12.9897067554
3.60000006871 -16.8902269862 -12.9848066167
3.62189934634 -16.9336992899 -12.9215046677
3.60318579375 -16.8609937031 -12.9947593255
3.60054592293 -16.8994402868 -12.9771765767
3.60550223499 -16.9125078282 -12.961608478
3.60355925257 -16.8685092282 -12.994027458
3.60167741186 -16.8707534683 -12.9935302136
3.65942365926 -16.95664832 -12.8466716273
3.60208971392 -16.8786038511 -12.9911584069
3.60028614127 -16.8860795847 -12.9874815098
3.67682837191 -16.9667894197 -12.7944880741
3.60140794376 -16.8623254953 -12.9946564987
3.60065790471 -16.897096097 -12.9793128627
3.60112763535 -16.8737312716 -12.9927598868
3.61021617621 -16.9238011275 -12.9428596723
3.60757718177 -16.9168257219 -12.9551053935
3.66197559616 -16.9594905426 -12.8335518431
3.60364883356 -16.8673556679 -12.9942120048
3.73555652711 -16.9768293227 -12.7302178396
3.60025318278 -16.900263214 -12.9763232234
3.60000112179 -16.8914499857 -12.9839492525
3.62672187891 -16.9397805054 -12.90546004
3.60941994671 -16.9196330471 -12.950451033
3.6000011072 -16.8838507184 -12.9885633511
3.66185667741 -16.9586533989 -12.8376496606
3.60173726691 -16.866282075 -12.9942953434
3.60527531169 -16.8742432804 -12.9926380434
3.70626316092 -16.9718990996 -12.76542204
3.61322699376 -16.9246103091 -12.9413359505
3.60001370725 -16.8898864564 -12.985053955
3.60046431895 -16.8986022991 -12.9779762814
3.6060396768 -16.9144015043 -12.9588640917
3.64886467417 -16.9507754855 -12.8700688797
3.6013602285 -16.8655452503 -12.9943633031
3.60000371156 -16.8836171666 -12.9886899365
3.60143745027 -16.8771786716 -12.991692586
3.60412105559 -16.86751962 -12.9941947846
3.67322299266 -16.9616702256 -12.8237186539
3.60075965326 -16.8985950215 -12.9779572502
3.62980209558 -16.9389542081 -12.9078524546
3.65105728826 -16.9591042563 -12.8321469688
3.60247443948 -16.8772501049 -12.9916788559
3.60029846335 -16.8970430422 -12.9794069542
3.60255764109 -16.8717426014 -12.993346137
3.60885164054 -16.9198201326 -12.9501441992
3.60447127839 -16.8605537816 -12.994779389
3.60139005593 -16.8828273767 -12.9892403091
3.80312724275 -16.9890523806 -12.602997923
3.6015826372 -16.9058148884 -12.9703315667
3.60791373643 -16.91995704 -12.9498860899
3.67539141332 -16.9626638252 -12.8187529576
3.60011032734 -16.8946774913 -12.9814373511
3.60427408511 -16.8754683698 -12.9922694766
3.60006227064 -16.865640847 -12.9941541991
3.60042342156 -16.881337197 -12.9899338616
3.62249549918 -16.933370705 -12.9222795063
3.6044263579 -16.8651067075 -12.9945036746
3.71009711246 -16.9712079427 -12.7701637922
3.62773454457 -16.9350266928 -12.9179834008
3.67591907448 -16.962851563 -12.8178049073
3.60163201559 -16.9012430858 -12.9753101324
3.60645475311 -16.9182084123 -12.9528276973
3.6008477606 -16.8615030955 -12.9942722743
3.6000000546 -16.8684252883 -12.9936293252
3.6013958187 -16.8777158581 -12.9914949184
3.60436047583 -16.8706385712 -12.9936202977
3.60030198781 -16.8930581862 -12.9826501732
3.80392191521 -16.9807688953 -12.6861858436
3.6026509853 -16.9034905855 -12.9728659963
3.60672608174 -16.918843981 -12.9517566431
3.6281692154 -16.9405105622 -12.9034137039
3.60205059581 -16.8802582984 -12.9904522807
3.60000191492 -16.8932580386 -12.9825815166
3.60171234623 -16.8744720906 -12.992588509
3.60352787717 -16.869963889 -12.9937565385
3.60009223342 -16.8605923731 -12.9946553082
3.67057072637 -16.9609340069 -12.8272545511
3.60752802393 -16.9171084675 -12.9546596945
3.60077145456 -16.9005971444 -12.9760341842
3.66691956373 -16.9630751083 -12.8150172567
3.6000217414 -16.8906946331 -12.9844950408
3.63999847559 -16.9462830343 -12.8857323083
3.67112506677 -16.9595378319 -12.8338960889
3.60125934979 -16.8654164699 -12.9943714635
3.60112623285 -16.8714471809 -12.9933338044
3.60349874781 -16.8702379198 -12.993700074
3.60359880331 -16.8780548233 -12.9913260403
3.67045822423 -16.9670343482 -12.7894338333
3.60043050292 -16.8629731437 -12.9945387363
3.61341350287 -16.9230883157 -12.9441643686
3.60352691341 -16.912849824 -12.9610951588
3.60013586485 -16.8942587059 -12.9817708578
3.60075720299 -16.8983459785 -12.9781855789
3.66543024179 -16.961992171 -12.8209072439
3.60174613228 -16.8780510044 -12.9913768564
3.60233281891 -16.881600209 -12.9897995245
3.60141275997 -16.8689730089 -12.9938612699
3.60964234574 -16.9203012275 -12.9493007312
3.60063172714 -16.8774173047 -12.9915408004
3.60082040481 -16.8997511684 -12.9768622536
3.60073682443 -16.8830600956 -12.989135677
3.66546531131 -16.9633848504 -12.8126156913
3.60097594539 -16.894876646 -12.981064375
3.60313942432 -16.868868334 -12.9939564704
3.67105432553 -16.963557652 -12.8132484128
3.6260121218 -16.9432536866 -12.8942044193
3.60000015576 -16.8600436074 -12.9946432765
3.60669625234 -16.9198812017 -12.9499130318
3.64816793416 -16.961573485 -12.8126127739
3.60021366247 -16.8839013125 -12.9886629615
3.60049601301 -16.896134811 -12.9801642696
3.60085592429 -16.8615998835 -12.9946739253
3.65844179061 -16.9581819209 -12.8394629354
3.60116045469 -16.9024111927 -12.9741568033
3.60340288253 -16.8719399457 -12.9933134328
3.63113408949 -16.9443057973 -12.8917053031
3.60584972271 -16.8670304367 -12.9942765553
3.65894770028 -16.9641663264 -12.8032024161
3.60054177185 -16.8851777883 -12.9880020366
3.60452073084 -16.9141555557 -12.9592184816
3.61551653768 -16.930566048 -12.9287354179
3.6008324981 -16.9001856015 -12.976439195
3.60001719788 -16.8904393215 -12.9846741215
3.60353015277 -16.8662640373 -12.9943581471
3.60124726224 -16.876693547 -12.9918531743
3.60214592213 -16.8618990321 -12.9947045488
3.66088726438 -16.959441343 -12.8336138194