0.0520573294835 0.0520573294835
0.0482698496284 0.0482698496284
0.0473822863122 0.0473822863122
0.0458532840616 0.0458532840616
0.0536927590024 0.0536927590024
0.0653912166751 0.0653912166751
0.0465702135347 0.0465702135347
0.0498734554589 0.0498734554589
0.0549185034843 0.0549185034843
0.0688650492956 0.0688650492956
0.0459795823661 0.0459795823661
0.0599989145176 0.0599989145176
0.0432284288645 0.0432284288645
0.0559915917056 0.0559915917056
0.0699075638185 0.0699075638185
0.0532015891469 0.0532015891469
0.0473458714117 0.0473458714117
0.0489420776287 0.0489420776287
0.0571485296845 0.0571485296845
0.0560833350632 0.0560833350632
0.0501356021741 0.0501356021741
0.0496356476174 0.0496356476174
0.0489339190719 0.0489339190719
0.0469676477491 0.0469676477491
0.0473804394982 0.0473804394982
0.0514731938244 0.0514731938244
0.048243357965 0.048243357965
0.0607372264374 0.0607372264374
0.0450430281877 0.0450430281877
0.0536569043151 0.0536569043151
