1.00335224179 1.39980412187e-30 1.09470411526e-30
1.00335224179 1.39980412187e-30 1.09470411527e-30
0.59615594571 0.00142700914525 2.26937381005
1.00335224179 1.39980412187e-30 1.09470411528e-30
0.858597671627 2.02007001642 3.08316901281e-91
1.09813566774 1.57457949089e-30 6.35823029484e-39
0.0750923335331 5.35757192457e-26 2.10495788127
1.00149126061 2.34125431075e-30 5.10344002252e-33
0.0939877047078 1.65012076641 1.7924839171e-30
1.00500251455 3.82438946492e-31 5.54482933757e-29
1.00128973839 2.70485686075e-30 1.96993024259e-30
0.118383878066 1.80315341555 0.000352307033723
0.0632162021712 1.18835770001e-20 1.49366840863
0.180153109475 1.58901974639 9.08843000525e-68
0.041369195322 2.71912595701e-15 2.2271023143
1.01570179584 3.29638411102e-31 2.59315412662e-32
0.258474463296 2.47794057826e-26 1.46959482807
1.0368961046 3.65495463647e-32 2.4835340181e-35
0.0853010623292 2.38889495281 1.49781530813e-13
0.0138871922904 1.40404516248e-50 1.62162967525
1.00877321952 3.51147218843e-34 5.83245941037e-30
0.266783907274 1.65032761252 2.93085090351e-12
1.02150537514 2.08860422701e-40 3.78393902728e-31
0.473789275853 2.06923424684 7.39234726527e-35
1.00453450636 2.64015564877e-30 3.34012213786e-31
0.0109360655946 1.6005547403e-28 1.93300167679
0.412958408494 2.68334885269e-71 2.15745704714
1.00080724538 1.1010303756e-30 1.25334533644e-30
0.15405379467 2.17558759533 2.65266922787e-16
0.0891686318943 1.16338096081e-11 2.13693511707
1.01604457523 3.11553928689e-32 9.1950002147e-31
0.102263375299 1.59612852064 1.1894216346e-41
1.00000001617 1.27027569375e-30 1.23766722581e-30
0.0379442628972 3.46813281082e-28 2.82148277537
1.00007712182 1.21287072461e-30 1.12773546418e-30
0.38517179074 1.70622470146 4.88355086247e-20
0.0156341906741 1.90446864999e-34 1.31181003961
1.00007712146 1.21863902403e-30 1.12430319651e-30
0.0611405585637 2.14366624311e-23 1.71270162335
1.01078058545 1.25004398071e-29 7.4760935608e-30
0.0308241828697 2.04855566735 7.96334423618e-67
0.00983121093071 1.08296749073e-34 2.08216028204
1.01648475447 2.02161545194e-26 7.7320108962e-34
0.093983750445 1.74486293799 7.18354413397e-28
0.170391765631 1.01680180079e-39 1.62830200984
0.0164390904301 1.49764067338e-80 1.8263943511
1.01242040737 2.14732177818e-31 1.59598053161e-32
0.0795407167623 7.60362338551e-78 1.51908026779
1.00000220814 1.56389187722e-30 1.20408541001e-30
0.0795791462646 8.99559992264e-39 1.65526617164
1.0000027049 1.61177231503e-30 1.27376832505e-30
0.368797255146 1.0401298331e-83 2.33111259304
1.01338963324 3.10491745763e-31 1.34935391203e-30
1.01415018454 1.44240813915e-34 3.92749120107e-33
0.321688431314 3.42542446104e-87 2.73611786416
1.01930783101 4.68447377258e-28 8.91096219432e-36
0.0235428636278 2.52955220342 5.07996493049e-94
0.432765409567 3.02688504755e-88 2.15469002409
1.01486054829 1.50003067208e-36 2.13244021484e-31
0.034399919683 1.63717271247 2.88382071948e-15
0.354263046124 1.91289063998 3.11318513619e-34
1.01790697141 9.24939698693e-29 3.21058112319e-33
0.0615260516379 4.52735221195e-33 1.39882247845
0.0370637357447 2.14496732099e-47 1.87453393865
1.00015419487 1.24515773221e-30 1.08141451806e-30
0.0487019234444 6.38962625152e-63 1.82095021012
0.202780485325 2.77867999242e-43 1.45076340248
1.00013614016 2.64880284642e-30 6.39899493666e-31
0.266150697531 2.12162141463 1.41104057319e-09
1.02161481885 1.78307847843e-28 6.33759642738e-34
0.0966693780274 2.57796451682e-28 1.89208279812
1.1002673396 4.13826998824e-41 5.72167732464e-26
0.527649493498 1.82123656381 1.35838471028e-96
0.111053290693 9.35770521134e-43 1.83545905235
0.589269770697 4.4220527523e-34 2.23444952198
1.08971747858 2.30063073613e-26 2.27863797377e-31
0.303913591027 2.25372750848 7.43288902664e-40
0.071554785259 1.12337943217e-13 1.5937305403
0.0193764669253 3.31839755862e-33 1.97217734867
0.195654111707 1.86898958335 0.0982042509753
1.00091713212 1.81096159403e-30 3.05428178953e-30
0.196269948931 1.65796815967e-12 2.13570500416
0.0604626766894 1.55867398825 1.23850109802e-17
1.02537987972 1.23730426638e-27 2.90907609005e-27
1.01830201169 8.23263394826e-33 1.13421990754e-28
1.02995163696 3.71355082011e-31 6.19628379885e-34
0.439845065687 5.32430098089e-22 1.33884807011