0.999278062264 0.998971820983
0.999999574859 0.999999997408
0.999999991363 0.999999999619
0.999967250832 0.999999952493
0.999999644467 0.999999999999
0.999967572928 0.999999999551
0.999606420002 0.999570024333
0.999999959977 1.0
0.999990253386 0.999999813655
0.99994356446 0.999999775084
0.999999534836 0.999992339312
0.999999994753 0.999999999899
0.999992530695 0.999999999274
0.999999954525 0.996040093711
0.999998481687 0.999948992098
0.999668030201 0.87519517848
0.986382319305 0.990598760288
0.949435237981 0.86604768787
0.999979154438 0.995688487728
0.999450290251 0.938562019373
0.999960583513 0.867140026759
0.999999995019 0.999812321002
1.0 0.99999996035
0.999997047338 0.947675714791
0.999999999999 0.999999214308
0.98752306027 0.999680451005
0.969733117498 0.998480740036
0.999927109518 0.999977561954
0.999992243301 0.978830879768
0.999703541263 0.999961250815
0.998420618325 0.999981226975
0.859933372185 0.991323660928
0.999594865904 0.999788877002
0.998648798296 0.880800097565
0.999999695 0.99981840687
0.9999087804 0.923416011456
0.999545374262 0.951336457009
0.955615449067 0.99959436022
0.999994686103 0.956674137407
0.999999010189 0.988914057954
0.999999233164 0.999972345451