1.03699970647 0.0453759355612
1.0378431965 0.0457066747287
0.963925676951 0.134840580317
0.0491235309573 1.03780876039
0.129072151286 0.965552222547
0.0419121474508 1.03842071289
0.146394549837 0.953775962729
0.937562465081 0.166644389684
1.03943144678 0.044345535267
1.03849964389 0.0417601829069
0.166005675616 0.937076265182
0.0436333788002 1.03861410803
0.944836285521 0.157519775679
0.0447394513961 1.03722880238
1.03811572517 0.042338039032
0.967221945741 0.128455100028
0.150131251025 0.947789071312
1.03823113844 0.0423321694152
0.042765370398 1.03873494543
1.0385150367 0.0422846557262
1.03810307452 0.0423820320406
1.038490123 0.0417920441811
0.953771520499 0.149564895309
0.0430672437945 1.03867535909
0.160050682942 0.943064610071
1.03841315856 0.0417786141187
0.138746319476 0.959748901432
0.0460217772763 1.04001012829
1.03841596314 0.0417861095132
0.992371098243 0.102665927594
0.0417765241638 1.03851629288
0.141844224009 0.955072824359
0.942259299675 0.169673812878
1.03636800242 0.0478401557251
1.04161472598 0.0462528044392
0.0420609134056 1.03826448553
0.940645661543 0.170378767377
0.161333713747 0.939934469434
1.0384918326 0.0420642101507
0.0420779184778 1.03824815224
1.03852762544 0.0418393448632
0.969673701253 0.125776994065
0.175125043411 0.934298321459
0.041695835445 1.03844824907
1.0382485614 0.0420771111402
1.03826870117 0.0420546009162
1.03829085597 0.0420457490109
0.158963222931 0.943408600098
1.03868522761 0.0419888773686
0.0418057490359 1.03849695475
0.0418471750233 1.03837664154
0.941139659374 0.165399982499
1.03841878378 0.0417984405174
0.155217213864 0.949685031065
0.949437682829 0.153635516953
1.03842821498 0.0418167370895
0.0417321628278 1.03842549168
0.0417539416261 1.03845327514
0.147756800621 0.949833819312
0.938535641866 0.173114889132
1.03834275897 0.0422330519997
1.03859387481 0.0421415785545
1.03838774371 0.0418635835355
1.03844720793 0.0418173262375
0.0590121210983 1.05041393599
0.130392294193 0.966577645209
0.111433158613 0.981951093298
0.0717805198893 1.02333652708
1.0384733448 0.0417379705068
1.0385390514 0.0417840501707
0.970665338735 0.12502672087
0.0455851070042 1.03828687098
1.03830887376 0.041969758477
0.149882970599 0.949803437894
1.03800357511 0.042803515887
0.16034216916 0.942104027874
0.940168917529 0.162445014853
0.0417136410633 1.03846882944
0.0417772302133 1.03840226633
1.03804311723 0.0427105274479
0.944427109098 0.158947857125
0.147889177329 0.949261976386
0.0418459396124 1.03840313828
1.03847833536 0.0424588056891
0.0419478404598 1.03833897332
1.03813283654 0.0423092999849
0.0424774897668 1.03841317187
0.955547168068 0.140419806425
0.166412432766 0.940459431662
0.953417088485 0.141893073501
0.108889203123 0.984430340037
0.0417516268113 1.03851529019
0.0418018845037 1.03844461383
1.03439843381 0.0582790308736
0.0417362880519 1.03841888105
0.96172864826 0.132817525167
0.0417364292934 1.03841827951
1.03853215253 0.0439222167048
0.148400754585 0.956045051971
1.03840800072 0.042865774798
1.03853101208 0.0439192557844
0.0420695832805 1.03836178562
0.952245872102 0.145227519756
0.041913387572 1.03850262699
1.03421563894 0.0537151804623
1.0366634134 0.04557199301
0.0418728783636 1.03836167249
0.952610783115 0.14618120025
0.14489610272 0.954575711719
0.0418265464494 1.03845342261
0.0418610944667 1.0383595856
0.938227473423 0.174098582459
1.03839226888 0.0417955936284
0.136156000527 0.962783338449
0.0418033531846 1.03844914916
0.937125661969 0.166272554532
0.14022018964 0.956517012733
0.0418323063541 1.03844895136
1.0420113022 0.0463836107116
0.0421411942772 1.03856184261
0.937856816185 0.164587232561
1.03860931169 0.0419007804676
0.131800107879 0.963406850683
1.03825430376 0.0421334587372
0.0418578296222 1.03837403247
1.03979100762 0.0439420012194
0.156268343524 0.94364577106
0.0418433951107 1.03847369191
0.936822597748 0.168186592405
1.03743858225 0.0453141225136
1.0384354781 0.041751932729
0.961077187912 0.142118545515
0.173585463773 0.937199678774
0.0426551002627 1.03890515397
1.03841266386 0.0417711564783
1.03932867509 0.0435703459147
0.0419448138909 1.03840830927
0.143894333474 0.952611521284
0.0419547516269 1.03856918792
0.949138852547 0.147306987682
0.0423840397681 1.03824685789
1.03843636755 0.0417261287767
0.163914627506 0.943581122419
0.0417210896893 1.03842530005
1.03957839554 0.057339663997
0.146531669176 0.953414782962
0.948409435278 0.148215237014
1.03842895502 0.0417576766858
0.0436208248316 1.03842997443
0.164881029774 0.943441150091
0.948896725213 0.15175659576
0.044362722411 1.03761040589