3.68197069925 -16.965618298 -12.8030395272
3.66766307071 -16.9502405473 -12.8693709808
3.60326017533 -16.9179327759 -12.9525227981
3.60178931361 -16.9135905543 -12.9594043543
3.60638612491 -16.8681914846 -12.9940913336
3.60393220696 -16.8911668899 -12.9827704287
3.60222231285 -16.8610609602 -12.9947440232
3.69567884464 -16.9703458385 -12.7748521845
3.63822586003 -16.9507869614 -12.8686300245
3.60370861542 -16.9117326484 -12.9627277224
3.60029570918 -16.8908319665 -12.9843427845
3.60005127414 -16.850474598 -12.9947064858
3.61014215606 -16.8795560123 -12.9897299715
3.61578667318 -16.8756436249 -12.9908966511
3.60208628877 -16.9072762808 -12.968574708
3.65930259084 -16.9598673835 -12.8310327597
3.63354761441 -16.9459183844 -12.8864942375
3.60142921926 -16.8833725664 -12.9889518958
3.61297802977 -16.9225213353 -12.9452176349
3.60093902634 -16.8801759182 -12.990490311
3.60288335655 -16.8725523026 -12.9931531262
3.60010842724 -16.861800655 -12.9945770677
3.6015985979 -16.9018359526 -12.9747199356
3.60299773343 -16.8715882006 -12.9933928045
3.6007591425 -16.8937776349 -12.9817155403
3.70826817898 -16.9789898332 -12.6899866722
3.60195889944 -16.9109928809 -12.9635338866
3.66032708348 -16.9555112333 -12.8515339975
3.6002262592 -16.8705362391 -12.9929744667
3.60045462953 -16.8874142571 -12.9866685909
3.605781122 -16.9226158079 -12.9443372917
3.81266680209 -16.9887139076 -12.6094170199
3.60061110329 -16.864740637 -12.9939085669
3.62834592548 -16.9414804035 -12.900493643
3.60589782221 -16.918862376 -12.9516266533
3.60024980781 -16.8925296743 -12.9830573301
3.60097598438 -16.9066995143 -12.96912708
3.60076087553 -16.8911389252 -12.9839602387
3.8339546321 -16.9856540641 -12.6370941011
3.65051999814 -16.9482977954 -12.8785520311
3.61690179266 -16.9294157726 -12.9314069039
3.60134688714 -16.901537394 -12.9750498555
3.60304680969 -16.8717914113 -12.9933452372
3.60293168409 -16.8882553967 -12.9855103922
3.60268162283 -16.9091471276 -12.9662079718
3.60230514304 -16.8761083576 -12.9920854946
3.60010869114 -16.8578359336 -12.9947715779
3.66336840147 -16.969928822 -12.7403360518
3.61201526325 -16.9270973806 -12.936214044
3.65639761364 -16.9524536786 -12.8636254571
3.60010858647 -16.8917970063 -12.9836683785
3.60009260056 -16.879923433 -12.9904420851
3.60450540641 -16.9109579159 -12.963785221
3.60125131438 -16.8723541991 -12.9931303432
3.60018681823 -16.8556177207 -12.9947885437
3.60028572367 -16.8884637708 -12.9860052077
3.72794866608 -16.9716132542 -12.7657153075
3.61002853553 -16.9171006028 -12.9544697155
3.61730339792 -16.9299796845 -12.9301612991
3.60265721035 -16.8656899371 -12.9944052478
3.60049325664 -16.8886053422 -12.9858845942
3.60146524375 -16.8741538833 -12.9926673912
3.60184152545 -16.9087071717 -12.9667043901
3.60029231185 -16.8992646305 -12.977334411
3.60482931328 -16.8778307469 -12.9913369572
3.74703916044 -16.9814659967 -12.6891118902
3.61833165278 -16.9351188455 -12.9175856566
3.60653999347 -16.8910719605 -12.9811326743
3.62007325309 -16.9169696509 -12.9525556748
3.65946092991 -16.9589205408 -12.8359852812
3.60697091902 -16.8716302035 -12.9933377323
3.61092456058 -16.8666408746 -12.9942758775
3.68104170357 -16.9735117888 -12.7300039091
3.65531218705 -16.9551407492 -12.8529677987
3.61826705229 -16.9309781726 -12.927913378
3.60443451947 -16.9028391368 -12.973175879
3.60008694846 -16.865891329 -12.9939376591
3.60123140994 -16.8858348921 -12.9868316794
3.60661177853 -16.9178157421 -12.953499746
3.60075235808 -16.8760302003 -12.99120096
3.75295356769 -16.9784710024 -12.7163195146
3.60725422601 -16.9159431283 -12.9564899655
3.64586692195 -16.9513604319 -12.8677116302
3.60011218673 -16.8690878619 -12.9933559483
3.60145062252 -16.9066972396 -12.9692389417
3.61813822569 -16.8626511569 -12.9946303597
3.6075845696 -16.888340311 -12.9833981459
3.60399954108 -16.9020136901 -12.9740854584
3.67041505147 -16.9669309427 -12.7902280812
3.66300530111 -16.9561288946 -12.8489211639
3.62555931214 -16.9387486502 -12.9083522691
3.60328190787 -16.9102216638 -12.9647981675
3.60040206516 -16.8973709088 -12.9791069372
3.6052498059 -16.8650871512 -12.9945131017
3.60133517734 -16.8816181573 -12.9898425213
3.60438291069 -16.8727871155 -12.9930913674
3.60035343245 -16.8587406861 -12.9947653832
3.6001280873 -16.8872433844 -12.9867766207
3.76231658789 -16.9799338311 -12.7036382288
3.6539833312 -16.9483317366 -12.8780040443
3.6716770968 -16.959904623 -12.8322025511
3.60048954853 -16.8882788991 -12.9861040063
3.61492984251 -16.8750245485 -12.9913745661
3.60183160151 -16.9199393127 -12.9470603815
3.61565889484 -16.9188730121 -12.9508266895
3.79683640672 -16.9903125512 -12.5696728491
3.63354653691 -16.9346614143 -12.9179780621
3.60117307564 -16.8802072636 -12.9904851033
3.60483285113 -16.9141511279 -12.9592409665
3.63940380605 -16.9483508241 -12.8784996781
3.64942428252 -16.9584748553 -12.8349675478
3.60105182233 -16.8905615002 -12.9843162342
3.60578613885 -16.8762078077 -12.9919209436
3.60222729401 -16.861218635 -12.9947378761
3.60157597109 -16.904930795 -12.9713700271
3.79671345725 -16.9881434623 -12.6157105218
3.60000606775 -16.9098727898 -12.9626401448
3.6788948908 -16.9710387546 -12.7598796088
3.61555341865 -16.850354832 -12.9939705358
3.69511668538 -16.9427497176 -12.8805253788
3.73317890146 -16.9810433126 -12.6881423492
3.66760983533 -16.8519425477 -12.9935708755
3.67056200254 -16.9591404848 -12.8357076386
3.60069857306 -16.8856582669 -12.9877207361
3.61531436915 -16.9360144735 -12.9141106626
3.60388149329 -16.9071847556 -12.9685836571
3.6088108125 -16.9147802504 -12.9580553713
3.75000028028 -16.9850040048 -12.6382405038
3.60458019016 -16.9155863874 -12.9569847217
3.64591893395 -16.9462151372 -12.8856496695
3.67991715352 -16.9604026918 -12.8294475741
3.60413990956 -16.8810716236 -12.9898824246
3.60001797803 -16.8858678927 -12.9875338853
3.60725192386 -16.8652737533 -12.9924843999
3.60002898907 -16.896013991 -12.9802978832
3.61209008473 -16.9231287282 -12.9441668968
3.74202921788 -16.9779581003 -12.7211882011
3.65857050781 -16.9517678584 -12.8659081513
3.61644789593 -16.9312078577 -12.9273002276
3.68090140647 -16.9653196387 -12.8046535624
3.6021788489 -16.9090260686 -12.9663278198
3.60063145535 -16.8712545841 -12.9933144443
3.60127027491 -16.8777970398 -12.9914592931
3.6002086487 -16.8986546795 -12.9779129563
3.60022518044 -16.8833726026 -12.9885404936
3.6028404785 -16.8630353866 -12.9946522154
3.7682289824 -16.9837732712 -12.6674477166
3.63900591728 -16.9314957313 -12.9233495689
3.6022095526 -16.9115774299 -12.9627433134
3.70096618424 -16.9601734218 -12.8261728831
3.60003144304 -16.8803840321 -12.9902045001
3.65355350156 -16.9496986512 -12.8735916611
3.60024967683 -16.8621227531 -12.9945815137
3.76429622189 -16.9771906394 -12.723087024
3.63120639216 -16.9372669598 -12.9121557594
3.64280352173 -16.9563354277 -12.8434079931
3.60484851877 -16.9159994873 -12.9563490283
3.60000436548 -16.8813641236 -12.9897402903
3.60009835406 -16.8675685753 -12.9938848362
3.60044908245 -16.9036344632 -12.9726934567
3.60385728166 -16.8579034968 -12.9947789091
3.60002309826 -16.8722551029 -12.9928629849
3.79152133937 -16.9851741543 -12.6524265874
3.65742957394 -16.9610085272 -12.8238898684
3.61946360335 -16.933593919 -12.9217013754
3.60830442617 -16.894146891 -12.9794001402
3.60178598319 -16.8723910269 -12.9931578744
3.60522141276 -16.9072415458 -12.9683095196
3.60235910141 -16.8627374713 -12.9946608486
3.82087816132 -16.9863951374 -12.6345893604
3.60573804413 -16.9012806268 -12.9743391817
3.68216931334 -16.959567107 -12.8327514295
3.60453459333 -16.8792290503 -12.9907438988
3.6012942725 -16.9155757123 -12.9554455386
3.62299081503 -16.8465344519 -12.9936779767
3.60005421258 -16.8884249528 -12.9860279918
3.6856373383 -16.9676885334 -12.7908723245
3.63225633077 -16.9416943158 -12.9000508724
3.6000236971 -16.9035840646 -12.9722667641
3.60332238702 -16.8769380996 -12.9917755905
3.60612220085 -16.9133049137 -12.9604463027
3.60069890225 -16.8663714876 -12.9936191606
3.60204631753 -16.8558547146 -12.9945984273
3.78384708117 -16.9734557759 -12.7378099431
3.60525211256 -16.918328304 -12.9524612349
3.6426693894 -16.9557371355 -12.8466650787
3.62584621446 -16.9399084819 -12.9049976566
3.60082268938 -16.9004807052 -12.9761485194
3.60225309527 -16.865811221 -12.9943770939
3.60072125262 -16.8747719198 -12.9924153338
3.60246974971 -16.8676290575 -12.994139967
3.6013813811 -16.8890933472 -12.9853371334
3.60011066245 -16.8780323624 -12.9911811448
3.77484302602 -16.986144881 -12.6387524963
3.60004185194 -16.8686568499 -12.9936590049
3.6004725313 -16.906559919 -12.9690486174
3.64206867769 -16.9454620182 -12.8883069848
3.65445459337 -16.9556275841 -12.8507792571
3.61032176061 -16.8880287282 -12.9823491579
3.61206921886 -16.8570896558 -12.9947238478
3.80112627452 -16.9780441399 -12.7049928892
3.60341703866 -16.9041005388 -12.9720958651
3.62634672686 -16.9389474175 -12.9078371896
3.62853905713 -16.9496672721 -12.8688148755
3.60102238195 -16.8749253118 -12.9924054328
3.60349065273 -16.860934409 -12.9947639698
3.61175357549 -16.918017419 -12.9528291644
3.60000004899 -16.8920812514 -12.9834831666
3.77794654758 -16.9820209228 -12.6839652277
3.60463664337 -16.9108777367 -12.9638845454
3.60343045592 -16.8992592155 -12.9767715881
3.64760822778 -16.9504440462 -12.8712812336
3.60038117042 -16.8934671424 -12.9823188942
3.60016892839 -16.8660838732 -12.9938616945
3.6239546355 -16.9371525704 -12.912689501
3.60008580987 -16.8578218382 -12.9947696772
3.71558559385 -16.9727625279 -12.7598700873
3.61965897752 -16.931835929 -12.9259388828
3.60511523135 -16.9130257351 -12.9608955426
3.60012330519 -16.9012172533 -12.9752402088
3.70565332726 -16.9617204052 -12.8187264189
3.60000214298 -16.8824089411 -12.9892616213
3.6027061317 -16.8743223791 -12.9926589976
3.60481399021 -16.8589015612 -12.9947895889
3.82588390451 -16.9774970559 -12.6971025776
3.61538737378 -16.876154843 -12.9906841554
3.60200884162 -16.8991075167 -12.974610423
3.61727234029 -16.9317862102 -12.9259822083
3.6009438054 -16.9176584389 -12.9505879892
3.60003222392 -16.866278661 -12.9939218172
3.60537500284 -16.8924121205 -12.9803264817
3.67514442565 -16.9585176137 -12.8380812345
3.60029903277 -16.8690907333 -12.9932513156
3.76353977264 -16.9875159227 -12.590285549
3.6056959871 -16.8712738394 -12.9934606646
3.66870698081 -16.9564284777 -12.847316352
3.60761190667 -16.9269523048 -12.9353442344
3.60572752482 -16.8947735897 -12.9797201465
3.60624013046 -16.8733172923 -12.9928877517
3.60830816384 -16.8597540047 -12.9947916653