-180.755808925 53.0750455116
-44.7091987962 27.8434045197
-49.9944226521 29.7777907263
-198.878124224 71.5440936314
-41.5937298831 28.6110382678
-9.90857960709 26.1735510433
-193.043907344 53.0520472974
6.32239285459 26.4975024735
-11.8296965031 27.7455933491
-97.0058858461 41.2723872765
-157.792583013 52.1834350429
-183.924876576 69.4630968773
-171.746013152 57.581901882
-190.720676991 58.8582261624
-51.0793192867 28.6518322241
-48.6223569613 29.0508961239
-178.330653799 55.3762771089
-198.687298573 78.3680044718
-6.14928154803 29.2794516136
-200.447627436 53.4191003003
-66.9630220763 34.6882243752
-202.665262331 53.4901808695
-208.70924504 63.2523594394
-68.9954924955 31.0096825002
-200.426451797 61.102076279
-34.2166780034 26.6293716322
-45.9778545283 27.895783458
-207.662528631 65.3734428209
-219.442478505 61.3789636624
-219.173260739 62.0556060854
-55.1801866167 27.2420721448
-73.5523699345 30.2362699835
-210.198105741 62.8692400603
-38.3088307446 28.9529848713
-198.972355718 58.4202516384
-76.0032335996 33.1842378259
-207.499503871 61.2339013814
-6.70935297342 27.7294555233
-1.7983643046 27.5795492573
-209.036646625 61.412219795
-190.30477772 52.9577316974
-209.950770714 62.7682176512
-51.6299680741 26.1991269224
-204.03726151 60.3212580082
-193.75362801 55.6896790676
-24.9217086848 24.5404211165
-135.254098668 52.6648761383
-78.406477668 35.879110991
-208.422822701 84.1625968176
-23.7850085591 24.7178261801
-181.271097695 70.6197112918
-41.231147267 27.3099703914
-12.253035125 29.6199714994
-68.6404799003 32.307471471
-203.362977212 57.7181426661
-67.3318376424 32.2225620543
-196.777815929 55.9489541693
-204.852199085 60.534418987
-1.56087417035 26.3897361109
-207.062671139 56.4626231732
-5.69199071131 26.5759662321
-201.339615368 54.1367807383
-187.758040779 51.8437136948
-209.865656778 60.8913847121
-203.906289713 64.5748626386
-19.5023182788 26.9776937265
-197.651917697 62.1445562728
-12.6453772931 26.6378794826
-69.9230357667 29.1541924668
-75.8913529101 29.7665684197
-189.34021754 52.3627341476
-72.5724902818 29.2743406728
-201.17774229 58.0114585799
-207.348553389 68.7678377153
-75.640895929 27.2968840374
-200.795533638 48.2115298934
-202.025428088 48.7827261976
-75.040724241 29.8748830571
-69.1161964682 30.0818971714
-192.57043031 64.7351782434
-74.8158909845 30.1684653077
-55.3202719925 34.0376013758
-53.5968620513 33.9191327307
-202.112946922 71.9395979717
-56.7121711128 34.3209763149
-59.1846927139 34.1122993299
-199.698216226 71.1196574762
7.89819299014 26.9489046665
-204.840406855 67.3317066974
-4.89049629554 25.4582663568
-132.805411897 47.6910356784
-194.363871346 63.3318701003
-1.65939365983 27.7365156195
-58.4160644024 33.9683176512
-198.588361721 57.2780425015
-19.7377219893 28.9854466507
-212.039323969 60.641906327
-18.7313459254 30.1738737476
-186.156434706 57.9661345377
-30.4225871163 31.7365982416
-19.591397961 30.2230217288
-200.9807071 76.0415113655
-39.467729285 29.1348252597
-191.334263823 59.4709574747
-207.7468437 77.6410575809
-23.1188503432 24.5194128655
-40.0482864695 27.1991285056
-194.888741614 57.3312728945
-22.5682965587 24.662592164
0.329425841703 26.666761544
-32.5806160537 29.0371623382
-5.70241470521 26.9662221321
-193.862210953 52.207773937
-204.222580068 57.6208912873
-209.082477488 62.9509264348
-209.939703914 64.3512301008
-54.0279512898 28.4423235814
-21.0954029901 26.8096416093
-36.0667402525 31.5804296332
-181.630057188 55.8346610252
-211.405508521 69.5485858127
-2.20343586675 27.9637028182
-1.93544896104 27.9557712528
-4.55741773428 26.9531088012
-183.866107762 55.1860653551
-92.4937828277 34.7209332553
-76.2751936213 31.1660586449
-211.931165412 70.8387121183
-75.3465477138 31.3808653628
-207.706825551 62.6645944223
-69.7550783141 30.4714157201
-71.0630595086 30.60867118
-69.6821094654 30.0184711079
-54.8539419492 26.8490810426
-207.167263007 56.4211953579
-70.5640567905 29.5252072987
-64.1972156971 29.2163023945
-69.2643515402 29.5569288891
-199.219696081 68.5862316052
-69.4499108282 29.5976086976
-69.426109157 29.5586124903
-203.565573972 78.0543281766