0.971568899495 2.15669043783
0.369944834581 2.73497653495
0.0416904610541 3.5081344281
0.828867775273 2.26854618537
0.0851875435323 3.31361105743
0.0219719853972 3.82511437551
0.0184235851875 3.45607255541
0.32273553972 2.66782782392
0.818196651409 2.13986428938
0.705480239354 2.20470937281
0.226977026599 2.79731411543
0.128513868215 3.05327326252
0.0823291555586 3.18343868679
0.0148301460938 3.84184691504
0.0444424841169 3.60080935152
0.49575775012 2.50464295969
0.60195096748 2.34603836564
0.93594085603 2.0277162952
0.0906106867097 3.39522910186
0.325984505295 2.62894184209
0.00520674667787 4.29850037569
0.717391629241 2.21517515019
0.0204598956532 3.6500517192
0.183594284839 3.08377513179
0.0777055103713 3.34023648027
0.669032340014 2.18435219549
0.419770410857 2.61219730718
0.000571702941776 4.48113617886
0.821287750371 2.27640325944
0.00130111136177 4.10046997403
0.241632787732 2.87299985376
0.0565800572334 3.58310535298
0.753773013303 2.36131348736
0.360216296718 2.72266668195
0.00382058237101 4.3586418356
0.0710200948533 3.24819617366
0.0240628368024 3.69669385359
0.517587331624 2.2634703731
0.436868113055 2.35791511805
0.187810215426 2.77739253909
0.488312505122 2.6532651783
0.684179245305 2.29438941546
0.0784584943011 3.55874465078
0.01091952696 4.4540580055
0.0352133539816 4.05705517184
0.926111677163 2.127092561
0.534117987562 2.33908164101
0.030067600849 3.90524894783
0.00576934833223 4.43714415756
0.113099483452 3.39957289153
0.370912691153 2.54422986126
0.0124196586933 4.22402565488
0.790114180841 2.0107685964
0.122887183609 3.15525533724
0.0317971558976 3.52304910126
0.527911244164 2.38945575459
0.0115494586412 3.92037366771
0.000205811153863 4.7716702422
0.178489833307 3.36012672121
0.31635696988 3.0187123919
0.972295526691 1.98530307423
0.0383761686041 3.89557874457
0.846394745821 1.83754520049
0.00721618300637 4.01818204989
0.52382762265 2.34302912821
0.0903445757029 3.36785271208
0.21310949535 2.9284669729
0.018490060212 3.88206965339
0.0613784088862 3.47906851314
0.321592326775 2.69070297733
0.883175285094 1.64532335423
0.000592169085445 4.8061634003
0.0094878137407 4.58928211705
0.815863795992 2.13064067171
0.0333001778703 3.79470502969
0.412668551458 2.66665861506
0.214389049996 3.22197399827
0.000113713291089 5.01959553673
0.638426029755 2.22297817929
0.329226045908 2.59032963548
0.00460893658825 3.74756707631
0.201907025212 3.04817402334
0.453328445188 2.35153730781
0.407176312069 2.41233493443
0.0411055279553 3.63358512523
0.00732506547036 4.19726596198
0.223693467986 2.97952111454
0.773421550344 1.96564859723
0.446080404014 2.49390664547
0.0131541487431 3.39064602082
0.00978485667732 3.54658829658
0.0633323726715 3.08025676942
0.796029970796 2.03040201585
0.0253382481427 3.23850388884
0.151176495965 2.77896977774
0.502124561409 2.23244777731
0.0156622719109 3.88185423521
0.00166657418347 4.31716903307
0.201460999123 2.89358712252
0.0974746219747 3.28032903566
0.52728472946 2.34367689522
0.00731636353055 4.07546905588
0.0439025908316 3.64685584487
0.0476627093491 3.34063864959
0.00175559930653 4.57827383364
0.310285020285 2.45151382023
0.633414477305 1.84470994746
0.0257452996564 3.7023492639
0.115150392914 3.1623161065
0.30727529789 2.31578510359
0.497381530943 2.05026276739
0.192713555671 2.70130374897
0.0108626940802 3.62329149823
0.0404030102558 3.43325101726
0.321520383224 2.29583193888
0.308798133503 2.52821172893
0.054434422974 3.36818923497
0.00815399950286 3.97007579281
0.586046035706 2.12478789135
0.17275733665 2.90794423393
0.513388163306 2.16528367753
0.299799801389 2.34070195213
0.033902808848 3.22308863052
0.0777586164424 3.06487385399
0.00636869627662 3.62382377982
0.140765800457 3.31886043211
0.0329449865538 4.12324676061
0.00187607661889 4.69574031477
0.161655563347 3.33986003531
0.392864846232 2.56136160833
0.998648373404 1.82565406192
0.741929465549 2.01513642747
0.573701431524 1.84560145536
0.277799872306 2.41530278771
0.0320224169712 3.32914528318
0.0711858877391 3.08083652757
0.104725979282 2.91303974188
0.00361258087296 3.64681738762
0.480132237445 1.98945545473
0.556939736293 1.86218076773
0.00129412619041 4.58403321075
0.244724170663 2.67458855131
0.132199008192 2.95812992358
0.0877409670543 3.24548048911
0.583161506378 2.15845559376
0.0343681299747 3.82930351654
0.0169902556431 3.97559534129
0.534210152615 2.21285179077
0.991661489124 1.89167803631
0.212983013284 2.91052268369
0.00442173705882 3.93599843379
0.347359639379 2.57108929151
0.0403481805597 3.62310578945
0.0155597889244 3.81960872176
0.90408635073 1.96516894739
0.805321964116 1.79260794163
0.187095031519 2.63398652965
0.24540984944 2.48262088196
0.0154039953768 3.89923243374
0.262456101716 2.49936497804
0.0271864691552 3.70245561859
0.623789156138 1.98512605862
0.0414201477564 3.56731892318
0.0016015112313 4.46455228349
0.0212846067899 3.62078571756
0.0736761031242 3.35649898617
0.346756386773 2.72810801437
0.00244914202133 3.93507229488
0.0259927423841 3.59013516473
0.00245481459597 3.93472817275
0.737215285579 2.31705474606
0.0156108653076 3.97956369981
0.0527830698635 3.67386168961
0.559206141498 2.301316608
0.109949700099 3.34947687932
0.952249051409 1.63834240106
0.283078837817 2.8336465515
0.00309662965937 4.23996870567
0.834762117351 1.95219118491
0.289982570469 2.65738227878
0.0116711970559 3.85426503478
0.0705273035743 3.32729265125
0.762894937736 2.02892431267