0.660733954608 0.332025784106
0.0395784437803 2.07315331886
0.216328202332 1.33622547059
0.0962956626062 1.7521642764
0.00201295688473 2.75882851459
0.0159728690155 2.33462760659
0.844807143845 0.0805506943016
0.848233153493 0.174676525052
0.249757629072 1.51261442805
0.0710444393466 2.17686302319
0.658792116155 0.508279904188
0.0320494232997 2.40422000219
0.851390620189 0.184778767002
0.011515334289 2.81228804702
0.849322152626 0.279503273287
0.0661747179469 2.18764380903
0.012346104943 2.77293828575
0.458095502324 0.931503279718
0.250895155599 1.32048834938
0.844495212426 0.283861468435
0.00481739496812 3.06503620157
0.0339661278703 2.52052348765
0.845837326903 0.277964956424
0.0125205122487 2.96248443223
0.242704325813 1.58781639658
0.443211222366 0.975389041292
0.0859970026854 2.15510432455
0.0245516764898 2.65944065622
0.0560714883715 2.31350469524
0.0253077262715 2.37541543976
0.43677294351 0.945420939559
0.0451636540546 2.02052278687
0.00144058303061 3.10621375362
0.855141625182 0.243601686991
0.852232296491 0.407881563137
0.234237012665 1.45199470491
0.653476724635 0.578101073609
0.00544614949935 3.01893477971
0.0767327713743 2.05789177205
0.0635744751343 2.15496856963
0.0240265559345 2.60848409762
0.253649815286 1.58731599195
0.467785396525 1.02923160403
0.0878302569908 2.18361747385
0.846952608791 0.22763107323
0.0367764816132 2.45119318338
0.0079819346593 3.29899466561
0.265204574129 1.61109829405
0.056400640578 2.47149455839
0.456078987699 1.12585218631
0.0516505414652 2.52172369834
0.0279225076162 2.75373538004
0.653842568766 0.704178141326
0.000804582995244 3.53366213069
0.85942013352 0.524417660159
0.859495051066 0.17007938586
0.24734159609 1.56435596913
0.447244630337 0.969893226422
0.0573814983758 2.41782754998
0.635214317231 0.609976244754
0.00453873185826 3.20796603281
0.0297467417265 2.71989191686
0.00621001922218 2.89199650706
0.0319911322095 2.29309662479
0.243565407665 1.33751448311
0.846002022182 0.194080880709
0.0694193127716 2.08386065542
0.857313226995 0.185361028534
0.456026882121 0.827564889614
0.856159104262 0.0674822843406
0.0559121776549 2.22754709159
0.0284720856562 2.58345296685
0.448142576949 0.901915300652
0.238133664085 1.41043907146
0.0144566076387 2.91086070185
0.85554254687 0.176612498212
0.0647899261464 1.97842657862
0.463183773962 0.842702859685
0.0180799157701 2.645192414
0.0205874262255 2.59708652507
0.00121105441105 3.18685728016
0.0300218466208 2.31390353672
0.23975478854 1.23687198321
0.249729220199 1.20762964762
0.842196012798 0.21257374438
0.647366492085 0.449025672133
0.852238225294 0.104000152043
0.46393640008 0.804162809776
0.23941858993 1.41905055029
0.437859730783 0.861712705857
0.00174057963728 3.41583223826
0.107167175812 1.96073043538
0.0323060380083 2.44574009221
0.851652964242 0.102572645407
0.462574583527 0.739011214875
0.0653542072476 2.03994375526
0.0526799059563 2.12845169191
0.00187817649986 2.88267776728
0.236281354792 1.42817096348
0.0586718450823 2.03729672855
0.658309662511 0.411684644406
0.201718092249 1.39103509769
0.851567722373 0.219582696818
0.0257309136436 2.4711260907
0.00504561669712 3.33594958476
0.084015775644 1.91235303094
0.848354982195 0.127210462258
0.0948952292226 1.92722810177
0.447881372396 0.773148789869
0.0495300072313 2.19971162424
0.640838004756 0.354858698526
0.00365042362392 2.71199168854
0.238724884213 1.32180941988
0.0200146357215 2.50613951493
0.0658673684061 1.9045515428
0.0430083736482 2.01743118705
0.0102427711962 2.56529206783
0.847756511588 0.0395650391085
0.243403126784 1.4185910744
0.650586215809 0.442867863275
0.0169101767811 2.3749209505
0.859902582932 -0.00569144900879
0.0587513866392 1.92929652681
0.855384842109 0.229125796401
0.451299381655 0.879201768119
0.236524232673 1.59583162704
0.0666459583735 2.24324467929
0.0401583372375 2.43885128757
0.0300994018346 2.53533801812
0.0176234943813 2.83893410518
0.00745270510749 2.93418382207
0.101876076227 1.9444780132
0.0198926700177 2.65288051009
0.456669294317 0.860935835372
0.663183144774 0.533098192086
0.852109736225 0.31381850279
0.0458857864319 2.29745903463
0.0798416707517 2.06694770937
0.258143599371 1.37698092129
0.842852481079 0.131086729357
0.0577798239634 2.23965724893
0.249932855802 1.50478087162
0.0126886403275 3.03917013319
0.850835572235 0.221050761947
0.459830399464 0.906289669665
0.0870335137834 1.95136793404
0.0113693104831 2.87627853014
0.00226071621734 2.90945487349
0.0164047695115 2.52939580008
0.0624681220831 2.08406583069
0.0911354962733 1.88917641967
0.243321690139 1.35490709159
0.846677291401 0.141184427994
0.45603092342 0.772777502705
0.850154306946 0.172525927343
0.0772723562245 1.91499196318
0.00681861484947 2.74832788402
0.454587714688 0.946694838374
0.241930208774 1.42263665978
0.0235184273801 2.41155839449
0.0746581102279 2.1097456745
0.048594680737 2.30930129112
0.223005893253 1.49733483829
0.0127546381001 2.84494002091
0.65789324487 0.662317876066
0.853625145608 0.269038437364
0.0180258182609 2.6879084234
0.228832849092 1.42273547944
0.0669258623317 1.93064100366
0.00224830040331 3.12384160574
0.66023208543 0.518227220466
0.844928454643 0.300996039535
0.445576083276 0.91148558206
0.86157578614 0.0726624867181
0.635708503189 0.533173188918
0.00602485835901 3.28237202973
0.0813905425957 2.02722344254
0.255097209597 1.3734132763
0.0238715359652 2.71938901114
0.847829580495 0.191618744295
0.0985053428554 2.10347827987
0.652463151966 0.521545213182
0.246800781108 1.52163353635
0.264370701708 1.47684834529
0.00508036872032 3.04950664078
0.0151123745446 2.88584294084
0.0559498184913 2.39658971009
0.00708471392142 2.97734518079
0.0806311448473 1.98025141895
0.44320818046 0.898906937854
0.245386705259 1.40302161985
0.0206446928713 2.47525883452
0.853621007636 0.282457079076
0.64723313301 0.562957316237
0.0484249516629 2.22853461496
0.0972895611299 1.93006139956
0.0065105785076 2.81090572024
0.25265499121 1.35847425829
0.0815470452435 1.9558200606
0.855796342743 0.111349520903
0.464342788719 0.775329367533