0.0132586907001 0.979698369619
0.0167082414624 0.971751312342
0.97203574736 0.0188675770197
0.0274582875808 0.976720324792
0.983358399122 0.0124007667562
0.967940781748 0.0261552798173
0.985068881663 0.0375665079892
0.0625273861674 0.973243365911
0.978850498846 0.0956711790251
0.982516532934 0.0553572784396
0.983450917181 0.0425780266146
0.983101409967 0.00189437871762
0.981884879664 0.00379753275149
0.98000159738 0.00594490683526
0.981368767137 0.00346404581823
0.00128399511116 0.982627391166
0.00678538704756 0.976373017179
0.0148050541674 0.97205398788
0.00126042450446 0.980604039315
0.981526290306 0.0032893737468
0.00228508973436 0.978641881451
0.975028812715 0.00683766654534
0.984354627737 0.00405238579173
0.975841691086 0.0116918129466
0.00379699626652 0.983739357134
0.0318616093305 0.9661401095
0.00507312670215 0.982150011662
0.0018611802588 0.979127994217
0.00621162406472 0.976938791601
0.00422100080426 0.978151669437
0.987602840661 0.0163093898548
0.948927646557 0.0761573580993
0.98490668854 0.00596734155195
0.981235424925 0.00806191597038
0.980202251149 0.00971336144121
0.00350866957032 0.981158712045
0.0289652422901 0.96522685881
0.98189183401 0.000361376458047
0.973875575108 0.00840373058674
0.977239560985 0.00338534993575
0.979065665794 0.00155917937097
0.00283860201592 0.982402593433
0.0233252584053 0.967250087537
0.00602398513728 0.976867672817
0.868345995774 0.354909921016
0.899026604746 0.340088101306
0.980982348377 0.0167868544643
0.0144714276243 0.976858194429
0.961467100429 0.0383563530414
0.966580350788 0.0346769872853
0.974645120321 0.0101694856365
0.974486344689 0.0176699428969
0.978040501082 0.0128405174107
0.983154933971 0.00835661277755
0.00184839478084 0.979594780956
0.982233211481 0.0106785072173
0.00347394202889 0.982284647545
0.00853029032072 0.976318586783
0.976778865175 0.00923504357525
0.985503611682 0.00486793144242
0.979859794516 0.000757641321023
0.979374562179 0.00304700613462
0.974620564263 0.00779840935036
0.978967662032 0.0022663043789
0.33592164201 0.919446765209
0.000759229298157 0.982095620831
0.0174508660672 0.969513935246
0.00628563378593 0.977543633882
0.974834745139 0.00783788094327
0.983973859094 0.00622972267925
0.982420953014 0.00670466578163
0.9741008531 0.00964993327176
0.97166727398 0.0206853211996
0.986518950237 0.0128427952668
0.0120663655995 0.987861676599
0.0187855267124 0.977518186491
0.00129099656944 0.979367852467
0.000830386383694 0.981246849861
0.97658055397 0.0040774932359
0.973516011125 0.00939858702652
0.980237729136 0.00288667978044
0.00285526079538 0.982031319649
0.0321331603935 0.964835674666
0.969331873582 0.0180356638538
0.985602446158 0.0116739118022
0.00276356795472 0.977909756655
0.0016432635287 0.981324578693
0.00170627714307 0.97979373415
0.967648732008 0.0233766941721
0.00243394980775 0.979286724266
0.982562428075 0.00275658450794
0.00189871990611 0.980580706819
0.0197621738839 0.969667588562
0.982450087905 0.00140864974378
0.982864986432 0.00421524119737
0.984507109155 0.00695260521234
0.973645152979 0.0140061785102
0.982438813936 0.00595850944167
0.00280975530794 0.983151624865
0.014171094348 0.975480747
0.978717733248 0.00551085151334
0.981231947891 0.0058217906484
0.985052636671 0.00455777194647
0.981942405845 0.00818907659054
0.000529170954891 0.980725020762
0.980324967018 0.0018929419746
0.0505447110228 0.962606568748
0.981985864403 0.0115286658625
0.975672050993 0.0140382346903
0.968050190063 0.0291555932534
0.00939973650015 0.978602003526
0.0213670510285 0.96931661988
0.00379282808156 0.980981430476
0.0177317760438 0.970745790554
0.978974418832 0.00151704668663
0.0108745756046 0.975186940813
0.0083514734267 0.98077315474
0.0172287130733 0.972009738952
0.00232666373636 0.983032079627
0.00502526694832 0.976607681799
0.983338101837 0.000575749685171
0.976192446012 0.00608501557224
0.00212825232986 0.979110583811
0.00617103415452 0.98507784047
0.0170082325828 0.972762656448
0.00664395757532 0.978460740997
0.975444152532 0.00617442751351
0.984276139936 0.00260977146937
0.00101610437042 0.9797893157
0.000158552457124 0.982069290757
0.00137464888795 0.979573739377
0.980928689852 0.000489974586355
0.980247560364 0.000836659733852
0.975663823316 0.00554172044824
0.00267888520352 0.977840105415
0.00102217989965 0.980497827561
6.96916083711e-05 0.981518431639
0.975658247075 0.00832360771877
0.983302264788 0.00498706527531
0.974094235009 0.0403575322764
0.0574759351248 0.976096467044
0.956422838537 0.0621516478014
0.960420161192 0.0602422069714
0.0924906059009 0.950454052048