0.0511890932816 12.8610928338
0.0526563534729 11.5612958273
0.00663858820186 58.2847013752
0.00696403759628 51.8290721927
0.0340922075157 39.7277589681
0.0835579386179 37.1187673832
0.00476558739239 52.1600295461
0.00561928864501 37.1047247275
0.159372090603 31.1744328912
0.0134589374579 44.4826628061
0.00770061399506 47.396847066
0.0221894176252 41.909672507
0.0279419287044 26.5000429518
0.000708332911353 57.8990469075
0.0195010056652 35.3240423539
0.00347367407726 65.7819966144
0.000269016352334 74.4728607428
0.107642376482 29.8219493693
0.0147781382307 57.372034799
0.0333063195053 29.2209543858
0.000697868761954 71.070925443
0.0107356740671 45.9774940427
0.000431041508992 54.5794589115
0.124985867313 51.0041150952
0.00443993151389 24.7742231074
0.00581373355204 21.7503187995
0.072759349906 6.71204223757
0.06881248537 7.0341546592
0.00931512120381 20.5620288747
0.00748454925271 44.5275068571
0.232876516602 11.7884995189
0.233168168125 11.7905432777
0.044751834879 35.1891483633
0.653910986714 65.1117456347
0.68984149232 68.2712219944
0.0189593197778 120.97597321
0.0528518290352 112.537619751
0.00113420773299 31.9255422917
0.00483219925278 31.2624667268
0.00295384993418 31.4423082161
0.0078189629073 31.3263391384
0.00503437966203 46.5410595141
0.017139083702 34.4743568614
0.00856198077409 36.6043135634
0.00301473490673 51.1146032933
0.0498018994526 31.70953299
0.0176740330262 40.9572787771
0.0381735115065 34.487246133
0.00209504035997 16.7302123026
0.002095067538 16.7302123092
0.00209509138591 16.730212306
0.00209508243769 16.730212306
0.00209506424734 16.7302123042
0.00209509435093 16.7302123057
0.00347168662427 17.0186449173
0.0039805200735 19.2264533463
0.00347790146349 17.1181134976
0.00371677954815 17.401678182
0.00356731149338 17.1903985031
0.00072743790702 62.1142816088
0.0151165640146 29.0327263039
0.0028939599732 66.6691127533
0.0336933540333 34.442404891
0.0667199654161 32.2805822338
0.00976116352417 50.5030749595
0.000832117610873 57.8522360324
0.0474970334321 17.987193239
0.00696197866939 41.7954711838
0.0412476502573 20.6094258272
0.0556905142173 17.7132454175
0.00362661546491 27.5953931338
0.00248779946455 28.3519437281
0.00300050142055 27.7359715631
0.000155255278739 22.9614983463
0.0041660196513 21.6700479677
0.00426932117361 21.1653267168
0.00408136964168 21.1497818132
0.00373026229555 21.8142563931
0.000279575296748 37.0260063697
0.00559453691889 30.4032178737
0.00715010604916 29.9037170904
0.00885032652976 29.4957690025
0.00145884864837 15.0095250273
0.00156681874314 14.8326203761
0.00286888177005 14.6677229779
0.00216985419683 14.7404102226
0.0194017335319 22.3569347182
0.00288363633508 33.0340615859
0.000656644144137 36.0619787525
0.0006566476978 36.062019782
0.000656640473254 36.0620069039
0.000656638537442 36.0620034537
0.000656638018743 36.0620025292
0.000656640378167 36.0620256446
0.0278200386269 15.064311115
0.0032176426727 42.1660683863
0.00152432262355 47.0782013026
0.0368819828853 36.9716675283
0.00157442763247 56.5380716552
0.0368810622498 36.9918566087
0.00383366982803 34.7458189327
0.047850987462 14.762239724
0.0016913024698 43.917269248
0.00493511985481 35.8291651833
0.104305473777 12.3432306921
0.00738620874507 16.3323912259
0.00744553569826 16.3362749841
0.007383235613 16.3650904618
0.00737678846556 16.3120933941
0.00740306543261 16.3173584815
0.00736919637848 16.3068526205
0.00737841360275 16.3519109347
0.000136485658082 32.1579597124
0.032510696221 21.7713945226
0.0247062124884 23.2267625528
0.00095171126574 36.2488685546