15.1240850994 7.67312628257 499.418995376
716.592550436 115.755793134 47.9561032959
11.6983969804 761.400633294 36.6190135718
20.676875068 937.157716314 7.40516027198
374.722801332 128.687588521 72.2921040101
130.515405654 710.610522787 103.31074572
0.606214416415 11.3768580172 714.84732343
59.259330146 1294.63835548 1.65403439459
64.5953110779 47.5986698027 556.636696579
21.9951811975 29.7036708457 223.774805747
866.639172247 148.889091541 21.6115764105
70.1288024797 1086.71156021 1.56082465809
279.845611282 596.300655364 19.918041078
634.792915575 124.722348447 5.47783018672
448.401025932 142.207919648 146.111723061
992.815492006 29.7130816909 24.7761315775
13.6966709927 17.4925996426 719.453716834
53.01949857 979.088215213 50.87421931
10.8116172772 74.5816315805 659.401752893
7.94070131223 15.6943341704 595.948079696
726.735214034 126.866659166 0.0795740510349
187.363268019 374.697600878 217.406688044
51.6834134721 1331.54054833 14.0380293201
10.4832397739 747.421110094 225.544404771
201.576560385 575.625855586 27.2885213181
11.3809799671 5.43765243181 770.52951637
880.32380506 72.3982282794 9.70444824728
30.2950756295 924.169189312 20.6885484118
319.716882081 98.8931265265 336.891553482
3.70293043064 1113.72627201 18.1617957587
4.39902567614 4.2948555022 509.061071852
31.2460306725 30.7957514121 301.88416695
13.6449812328 678.030165253 94.8805785108
597.483667713 166.951224368 5.64503530563
939.384624609 38.2557743866 14.9739124548
1021.63688682 6.96764919344 5.80073268194
8.77189000224 12.7879754638 641.423806503
37.1102906957 118.742160704 177.052148266
3.62548101993 875.924463608 4.53329478796
16.9198032265 33.4156941519 291.038536204
19.2569510588 36.0096940266 329.500086726
909.159065686 27.7841893866 12.0837175246
13.5146260331 943.62155626 72.1374114078
556.124693317 286.228679643 22.2376393479
1007.72963866 106.701303486 10.7113416815
8.70230188774 17.5709080018 513.621254719
57.1521301894 838.892037913 14.0207849671
879.64060481 173.840886256 10.1009475922
665.487957108 129.461091441 84.4897126864
14.3832017189 1172.25585755 52.2479402587
146.963084088 832.522274464 17.8904431127
126.01367329 745.21253191 68.2285663357
4.17348528797 5.51516792424 708.913828701
241.550076656 129.188217325 381.413056496
540.666932025 298.47889648 75.5618629513
468.206812034 355.343565044 5.7303120044
0.493731485193 3.42997090381 681.260148082
35.3816390182 220.491434707 158.148268374
95.0899719197 706.692753614 13.8954567187
779.512783764 99.6048117563 9.8874746964
54.8056502139 78.7200877117 637.13347391
3.75088474358 920.838776059 74.6078279293
691.015362839 123.168049977 8.11072748285
193.924826905 510.342338512 74.1606466362
17.0821356623 9.72497247367 852.359328012
1.95502485124 2.94970177261 933.170989307
8.68715928576 4.60519913033 626.708451608
322.028848066 229.460356318 265.512000963
6.46960604847 8.8428754222 685.290708059
51.8818866308 345.978532333 330.451359282
4.67489509402 1.91179062233 712.268092708
876.774131923 148.998860799 70.9494438987
27.2772402482 931.637074412 17.4673089008
819.731643023 12.1671342656 31.2290712021
71.8895938214 522.965331957 70.547861036
561.473431371 94.1439284276 10.3587247814
0.680186376581 2.1696598351 839.759180209
22.9786619878 173.975669151 463.289334405
1071.25680014 11.9817202492 25.0237269965
0.541673980515 0.536557691989 430.53859881
94.8427562275 812.254673632 3.28645646699
8.89296344262 18.3044107069 674.655689426
16.7817832218 25.5339179488 638.122010132
388.814627492 54.409951731 13.4168829261
25.2967536235 1011.64940725 24.1951137106
36.2089543357 715.72311887 102.287789279
26.1067438497 710.649368266 45.494406568
60.5677779011 597.897412456 86.048240967
727.00974527 61.8840576255 5.42219808518
650.341590653 18.8894025307 78.8591420785
853.973207267 21.1178288681 10.4576084703
9.61120428764 81.2429174697 610.878561225
429.312025397 216.220064006 95.3500547644
0.835836639263 5.80534316024 839.236631948
15.4313563637 4.87685563119 625.793122854
492.679361991 79.836826617 3.02543490872
11.7169708614 1077.09669668 29.2502374779
97.7887646081 482.393483723 69.2734719123
708.353186987 1.56341796112 19.9969664419
289.764847559 292.461414082 77.931681486
0.848737177628 5.09760378576 585.960360886
91.2823289481 899.906440753 169.981731451
62.9765291496 37.7133941463 526.042586651
40.8907666574 931.895878675 16.8752413879
19.9174064723 6.70895694062 695.957388171
1186.92660757 7.77538828137 7.2825589261
168.995622972 497.862762973 92.7126979066
805.068175896 79.7563015785 26.2815101916
255.560146409 347.89164727 133.251568472
12.0096814108 845.835365548 15.8902338654
9.21999882075 787.04492441 34.3498053968
648.063050816 50.7951994355 106.812081105
327.561092951 335.74404588 72.9697923935
11.3915105976 5.84814319757 768.118520634
930.096171882 72.1041984724 24.3437837454
36.9591352929 619.229185149 9.71086221974
7.67338236393 7.23847943333 477.200429649
839.338004551 16.0584050095 15.289997758
5.45300078785 7.20005877888 580.816067288
906.837667181 41.1150257061 14.161635506
71.0189063942 421.080103003 133.634290523
60.5805488157 800.590770207 15.7696334153
1.28290206838 525.731455111 2.84893335791
1245.66425214 10.7862028251 50.9106704187
288.646714253 41.4080114391 371.126793109
11.0666502501 7.56690173387 889.3162942
977.355333737 11.2243804021 121.644700285
855.055691203 159.588028736 14.9777450985
25.7454944765 74.8550984647 651.825385946
247.20552638 2.30453666163 184.717451786
15.0149852638 44.5948567428 749.269136847
96.0511354 633.301120923 101.21084615
8.64723464622 1373.99027047 73.0588715221
4.09042135844 1022.70126739 27.2484502586
18.5455719944 18.6805780385 683.386103665
631.766219065 0.322887056707 39.1090567421
9.57143044062 698.825418644 96.6659939332
5.97733254388 35.4284937304 716.177506997
5.13691619022 962.1562857 50.3278150521
59.7431700068 34.1776820074 462.568765682
194.474424668 387.850897934 77.4879501005
1118.88577393 16.1177710221 17.6998005286
19.6414483003 3.48867314596 665.068898163
752.561413764 117.267465215 21.2740418431
1.99511749879 6.18515034469 612.594865479
59.5746429515 80.7906283291 15.5773483684
19.6222592645 1076.08936371 101.304352102
814.290347967 120.239244514 30.4848327236
214.170922627 394.177093942 154.250646156
117.519061371 55.1572210115 416.029671382
3.53905312513 3.63604208209 723.991042106
269.822019486 354.231060117 139.813981723