108.676266929 -108.925649988
216.176878514 -215.654258151
23.0782592849 -23.2660773883
14.3629034048 -11.870629066
10.143408063 3.70846024173
219.825526391 -217.252669937
216.785627627 -215.97828091
192.885386252 -193.117374423
11.1148641096 -2.65679461196
10.4151096642 -0.627040123469
37.0499793979 -37.2939532514
11.4669908457 -5.08897437379
214.555502614 -214.501457237
18.8522111479 -17.679662976
224.099053917 -217.065480167
115.101176532 -115.161901444
217.213166804 -215.204294562
177.836673034 -177.244135826
222.039088681 -217.649917585
10.2745868997 3.40629829088
12.1720872492 -6.16499967519
107.410012375 -107.660006151
14.0045464675 -11.242917872
23.3866809075 -23.5948288248
16.9865142741 -15.9200091186
37.9258180785 -37.6768990861
215.767033936 -215.387622836
11.109491579 -3.72378692357
116.895559235 -116.682808584
221.35548736 -216.981918351
10.4056313639 0.747045863931
116.360844229 -116.602169015
43.2160259695 -43.459064742
220.054006943 -216.838602012
11.4028875843 -4.17820850787
13.5093617718 -10.0971993794
17.4793644568 -16.4051098248
223.508456803 -217.310205883
209.76600174 -209.706431806
226.101374203 -217.282630807
105.946003507 -106.184005782
218.12696572 -215.497593888
21.1979017996 -21.1034419521
12.1108856716 -6.8332354582
211.768029165 -211.98242042
15.2133771907 -13.2017155709
173.596127783 -173.762207776
10.8382516712 -2.89858306532
171.691319767 -171.929968024
217.078759784 -216.139507885
28.2349019348 -28.4609298653
212.957098809 -212.924774621
14.0374158898 -11.0926920824
16.2527784704 -14.7848906039
92.9167779379 -93.1667726746
212.065550834 -212.164122309
15.4709117716 -13.7509458069
11.0886322374 -0.661553283371
222.657344268 -217.646780112
23.8707499262 -23.5226444293
202.777099138 -202.992405842
11.8506125635 -5.8887266151
13.7087433584 -10.4499563232
10.5832888666 0.189199163964
15.3232952966 -13.279586532
216.606642895 -214.99465859
34.6058880423 -34.7780059986
113.211125817 -113.444099011
197.763098288 -197.893172926
220.061323986 -216.378415039
14.714071284 -12.3788507065
161.811201763 -162.007324635
218.077258427 -215.848326229
93.443684654 -93.656746853
210.858798871 -211.050249016
21.8784787792 -21.9572898985
11.6420785055 -1.16850684574
13.4987302492 -9.72594209755
220.339078051 -216.729849073
163.376323823 -163.525496178
94.0763287675 -94.3259681851
12.263502948 -7.54330547043
10.2139889175 0.933172232537
218.448737358 -216.074814627
18.0290778721 -17.3509108732
221.153601666 -215.865230167
217.68113066 -215.128007324
12.2457361512 -7.20966555496
19.361520026 -18.5990374973
105.069830472 -105.233137043
208.068301454 -208.12894164
13.7246370523 -10.6283868033
10.2571181592 2.6549665459
186.972104364 -187.023753609
10.8823753503 -2.08292577254
116.329891581 -116.578338384
211.951901903 -212.147642221
41.0687244878 -40.9387866229
219.506371851 -217.150097887
13.508651302 -9.29220635496
16.595198811 -15.3417954467
224.336131718 -217.275851814
213.865278633 -213.747234185
92.9023656635 -93.1510688507
17.7696742802 -16.9349123847
185.358835993 -185.60067248
12.0801461229 -6.98373011402
11.0113795972 -2.58165482252
12.6017695356 -8.42051671622
217.687876914 -215.948876329
179.952447924 -180.195558349
109.366904488 -109.616678412
209.66229407 -209.910243922
13.8170902047 -10.7251614776
23.7829782581 -23.7693135616
10.4744827816 1.53470525182
214.096279599 -214.156487053
15.3481622449 -13.4139648695
155.000421468 -155.233012799
11.5690867004 -4.82980443451
88.8279436788 -89.021502898
22.8729230102 -23.0430461301
10.4952711647 3.01919419905
217.472303745 -215.300162382
171.502845567 -171.229968987
10.3618425225 0.650902695977
10.883632645 -2.39781566533
25.3198794091 -25.4020807295
213.05853533 -213.277534161
218.290801352 -215.531047688
98.1697906333 -98.3846793571
16.1457822295 -14.348686207
108.590588044 -108.828115602
10.99744815 -3.67728129526
212.473616031 -212.277420085
210.595876341 -210.835335213
15.6970812446 -13.9901901822
32.859236128 -32.9720649037
225.164795689 -214.286715053
220.931298214 -216.923070527
87.4973687816 -87.6002329967
212.555016884 -212.793679802
16.7621950998 -15.3785652161
158.33957257 -158.512248975
25.1323063741 -25.3630418306
11.3424898009 -2.24295521509
12.0170813674 -6.55735022682
225.518430518 -217.271999856
171.821668913 -171.93512328
211.863587909 -211.999504722
108.65376862 -108.720871584
10.6097774951 3.74491015312
13.582126954 -10.1349034479
21.0428835906 -20.8642223803
15.2801700162 -13.2491567932
220.044493881 -216.760624001
95.477709955 -94.8404730622
10.9195832204 -2.38312236677
10.256066572 0.663836873414
209.192413384 -209.367619074
162.740434283 -162.908642413
14.080048961 -10.5613194796
222.408665748 -217.552016817
19.5037983762 -19.0990197989
11.117798997 1.0412848717
20.2073399169 -20.1024888499
216.88257498 -216.003402556
34.6786747717 -34.760006314
109.101409228 -109.346789178
16.0505129772 -14.4722284612
212.225843243 -212.475543244
12.8819474413 -7.46424383604
113.120109003 -113.306800452
11.4477233714 -3.5694284023
22.4775557389 -22.5009689171
218.397986852 -216.491942184
16.5554993533 -15.3469513962
12.0971389971 -7.22978886619
220.670964395 -216.836680167
190.086801209 -189.692961063
214.522783337 -214.313330845
218.238066502 -216.104707963
114.716678686 -114.832775327
10.4190341975 2.54995604603
215.530478119 -215.135446368
221.861563621 -216.533138437
11.2205688375 -4.04262816947
14.3198353337 -11.7756278941
20.1543314374 -20.0527245796
169.478459204 -169.703819646
214.868750859 -214.101659936
104.033558307 -104.282509312
14.4009075197 -11.3677880073
220.855698448 -214.851729698
184.607947976 -184.162507052
10.5904397478 -0.0193588071714
11.0842363284 -3.66835061806
23.9377157824 -24.1216107603
211.541396512 -211.692535852
11.4479460256 -5.28879090013
30.3868371307 -30.4398199505
220.94209597 -216.996101821
111.996344536 -112.192418114
16.9288421813 -15.7598906803
13.4929958974 -10.3003285592
215.924873798 -214.974107939
197.962448957 -198.205509592
223.602759092 -217.243161355
184.690585974 -184.798990201
214.005910482 -214.037247392
107.471729548 -107.716527508
11.344827782 -4.791487237
15.9144360135 -14.357911407
19.8310988817 -19.6696270795
13.281399118 -9.84893422589
214.079237093 -214.074795166
219.604339398 -216.653538156
11.7812380955 -6.01324520184
167.021534982 -166.907027893
20.6273504812 -20.4061933161
11.5003038617 -4.41904212884
224.347069595 -217.53569773
109.456901503 -109.489419281
216.931219378 -215.611147515
226.791414245 -215.410427658
10.9706265592 -3.60355679799
150.171450957 -150.394214373
210.66578796 -210.862635207
87.8863106321 -88.1135321435
22.0000251583 -22.1112955364
212.144816899 -211.89520486
15.3320859141 -13.4928253776
220.867465728 -217.352126712
178.976598345 -179.147282422
105.48492725 -105.607235379
18.5755482416 -18.0313928056
214.658731446 -214.36731045
10.7563989613 -1.5172028577
24.8123141983 -24.9242476311
11.29746629 -3.85015778125
