-189.984442963 63.7788156101
-54.4068169965 29.3278730968
-143.107104546 49.8346337084
-211.023633839 96.4762387044
-12.4270549212 29.2888427609
-5.5554429038 28.9266653474
-195.262935041 56.135547884
-70.4639540151 36.572181554
-214.393867656 96.6862400401
-206.086682197 79.2299402484
-43.5810350777 27.7086337665
-199.282325827 68.5411538395
-5.5350602649 26.2271464778
-59.5238881703 31.300719842
-192.319288591 65.6661806384
-198.064478976 107.572343122
-183.682975945 72.4251797987
-200.453680253 70.2796328388
-180.309595487 62.6884733915
-48.4874405733 33.9243467486
32.6363619579 29.9283543462
-30.5106381293 32.3447909364
7.11513074036 26.6342915116
-173.365313955 51.620468372
-192.634272076 59.9148494185
-23.490663353 31.8391507455
-188.10319772 56.969549584
-196.889061959 71.4802409025
5.99622222507 29.2384447511
-197.312734911 61.5330048408
-54.0300101962 29.5175100428
-161.102462831 52.653356426
-187.937255948 67.1705519167
-28.0122226616 29.8984371817
-171.666889679 52.4499346474
-163.631198903 50.8109292212
-19.1774390886 30.227279176
-76.6287186939 38.8707640296
-214.105352006 93.5280999826
-161.298186823 57.6950981655
-127.09703832 48.6511264286
-180.514819862 54.355683537
-32.218299059 29.1249865343
-216.518049731 81.858806626
-201.042499882 67.7830371065
-49.0126348541 30.1820043673
-149.708021068 49.0056653471
-192.646641784 76.4740266447
-16.0800554242 26.3693937896
-68.9630990082 35.4583268471
-171.300375828 54.9225335164
-31.6272083546 29.6038011702
-196.606892319 78.994515955
-195.901187491 61.4830168555
-42.0423205819 30.1477928989
-142.75869656 49.394967135
-204.995887077 75.6020502735
13.5812929683 27.9193850318
-206.317458578 69.7601166618
-75.5638715545 34.7214932569
-209.625478896 97.3216833282
-167.225970733 47.1402180808
-31.4894969165 30.0156445627
10.5198072147 28.3396005458
-198.418832654 72.3796964687
-35.2606236114 28.0250327029
-196.970892454 59.1294075198
-213.919113216 71.7238602082
-192.452894961 81.0707228939
-54.9985840923 27.2514763091
-152.447285737 50.5192509496
-169.960632866 59.3713013122
-78.4797236404 29.807723654
-192.255626318 57.5265567739
-199.817697153 71.5652026424
-52.3797441957 29.2727838592
-177.787731408 66.6876946324
-185.035329586 78.2251678
-8.298283976 27.3939942092
-191.067261247 64.6633388743
11.0397982878 28.2072826936
-18.8402983762 30.6916805835
-157.437603793 54.2750809545
-43.0989705046 29.619240049
-181.035349447 56.6617662663
-197.47556577 65.123332805
-201.383397099 74.5362904723
8.80486835588 27.5998568242
-53.9506504791 29.9472268677
-210.169356587 84.1366821608
-154.677667299 49.7948255862
-177.789328721 61.4532089176
-180.88576708 90.094348584
-10.5871401517 29.1120157777
-157.396049796 58.3136057793
2.0143763081 28.683028463
-131.581244424 47.2425446165
-165.939594394 60.2976585282
-167.9710712 69.4260166135
-73.6193294286 37.1369462835
8.23904221812 27.1458383643
-164.547495376 50.0353013344
-59.1844381086 32.7544803506
-187.573158574 59.1788129655
-198.36773339 73.711065126
-39.8220152607 31.3370726101
-187.48811648 62.6445400552
-179.176377568 58.8498770201
-73.2403373133 29.5520388734
-199.641897369 69.0125737227
-175.85394306 58.8784657845
-71.2299243212 32.8411045558
-179.089122417 55.3962561339
-205.04980586 85.4564253878
11.8675911547 27.8123754928
-42.9313065621 30.5390417759
5.40440076454 29.1887908188
-190.292496755 70.9440664676
-165.424783025 57.4344188011
-33.2975994091 32.0273203633
-37.2387350148 28.9073036382
-187.044715748 75.4203316953
-152.380720051 52.5671382211
-75.3229024226 31.5949513152
-192.54951558 61.3772823908
-197.752006503 75.9041287425
-173.289088056 52.1557622731
2.86129918448 27.8102468039