0.854710596466 0.363780670735
0.0595500589831 2.29189789905
0.0138930286268 2.85798449638
0.238779612169 1.63439567436
0.245898286185 1.74917696525
0.661881133674 0.559565728021
0.029493213109 2.68544065986
0.081959341715 2.35360075519
0.0072161478166 3.30443743066
0.0499890104435 2.4970621176
0.83461494363 0.448485530387
0.0141782300177 2.76774243173
0.0944640262397 2.165176711
0.850106108734 0.279477239094
0.651514948364 0.595858806553
0.434301921441 1.03219001455
0.0537843257432 2.45070622395
0.0544155096239 2.21921080393
0.460582965298 0.917243772817
0.00651467803364 3.37830663633
0.850065928742 0.394203066532
0.0407923868383 2.45779023356
0.838080310357 0.408574572503
0.00462960230608 3.10775019349
0.0394369840563 2.56308619728
0.220312519349 1.63812876855
0.86060940858 0.433649985423
0.0470757642525 2.47313501207
0.453376517556 1.06263923894
0.870186436627 0.490067389524
0.0524523491591 2.33053462833
0.0966704885686 1.95027756239
0.0246888561099 2.71953800696
0.653439617243 0.80252586084
0.0041134770412 3.5750462404
0.0380160032436 2.58469900145
0.262413759037 1.52956036111
0.42164842156 1.17953303935
0.00441769106428 3.22384213264
0.659056633043 0.718752887086
0.855609382448 0.450846698367
0.0398641488319 2.41667539732
0.664674924395 0.529441847469
0.0893518482094 2.00617276391
0.00618565649955 3.53578016648
0.85052142667 0.348761861239
0.439964670954 1.03675810766
0.240168010276 1.45850627523
0.861887419202 0.332239440041
0.0108421249386 3.17820963068
0.0553643621457 2.41790116215
0.0220364465259 2.79165514814
0.259335739417 1.42579464769
0.0673418878752 2.16837827173
0.850659180625 0.325289050005
0.0129474109137 2.89371636658
0.0388154035264 2.55270303962
0.852687608101 0.38275180258
0.240273737923 1.57374384034
0.00176627607335 3.43873929517
0.651357365397 0.716568424393
0.846913860375 0.278763996598
0.439073691477 1.10535616734
0.01039827897 3.40968525607
0.0620739425734 2.49097349719
0.137005882769 1.98794909355
0.113410093556 2.09761844897
0.676704654184 0.620350872494
0.0223647350136 2.97306113699
0.851564505233 0.249626179603
0.454856781713 1.03259354508
0.0454316040976 2.45611616659
0.0320480351174 2.63891651476
0.249407055601 1.43210051756
0.00529742437221 3.57657646192
0.84088385687 0.425406966997
0.181147301644 1.88883807251
0.0800008939748 2.28841174602
0.659995655322 0.720713454469
0.00204503657251 3.63337010411
0.0508730118624 2.54260564901
0.0270334586018 2.96693271626
0.010466915322 3.19194369648
0.0331568101266 2.43950057696
0.463678711898 1.03770612288
0.0648598257184 2.29117583873
0.243101373421 1.66602913334
0.852035902289 0.372975455852
0.640875439898 0.686691189433
0.00520990125851 3.29162981687
0.432519478976 1.06314977334
0.0514515400018 2.35267823461
0.863102380781 0.314590185438
0.0242443790563 2.77808129654
0.86034557879 0.215379593739
0.0542862005786 2.39431778213
0.444323005774 1.10176182868
0.0214418954106 2.9218612984
0.0921691366459 2.25976423912
0.00467862370198 3.43043475768
0.653421820615 0.616515733584
0.834675359288 0.385232987065
0.216821543285 1.73362676996
0.0526945669336 2.33045517938
0.00402008461029 3.20558051627
0.442028344286 1.15184661639
0.849893630713 0.476685318156
0.00946308157642 2.86880608236
0.244362564157 1.47341149509
0.0305642663424 2.69905245271
0.433032291498 1.12053620538
0.00800446830378 3.06661019937
0.0318974195854 2.57879036847
0.849868950841 0.226259264893
0.231213981311 1.60210016756
0.0696337974999 2.39243586422
0.0110425760325 2.99416081103
0.206901322727 1.63020525317
0.455319464268 1.08336380523
0.220457224859 1.57136646248
0.654668901146 0.718548360474
0.858478709687 0.435838593546
0.0511654619344 2.4893343509
0.00052463587412 3.66126689249
0.0252026272174 2.72935627543
0.863568895593 0.410601545642
0.443698264599 1.06964870098
0.229293366445 1.65762403443
0.852279723771 0.345285995618
0.0534430546371 2.34191543734
0.242117882861 1.43578173469
0.0183558008636 2.8347371081
0.436924266522 1.06934788413
0.852829255983 0.431187841755
0.0167417163882 2.85067982764
0.11039815305 2.04553647239
0.464125744413 1.03924283466
0.000390291520687 3.65393009684
0.00345565200089 3.59122059084
0.0299843037367 2.61785354742
0.444148889864 1.18079147373
0.266181047739 1.61802944714
0.834560677579 0.484500281691
0.139046344737 2.06287535689
0.266402327821 1.59565600891
0.019730778248 2.99277568293
0.0559730178726 2.63801190651
0.084204089366 2.4405362391
0.653501356581 0.586593246241
0.00168821932395 3.57098667586
0.0180995371285 3.01720463015
0.847713094044 0.398623524626
0.435995466395 1.10554336055
0.853358315964 0.346430084725
0.280187693917 1.37801170127
0.0445378516939 2.47524472415
0.01234985475 2.9095948275
0.85071017366 0.198374773602
0.464941908539 1.04533566634
0.219522429483 1.72088437105
0.0561518211951 2.31870372471
0.0127243906665 2.88168948698
0.00676774076129 3.01993188018
0.0186313529297 2.88612530389
0.259359359441 1.55626950281
0.107005965821 2.07991963042
0.863714086262 0.358479795906
0.00323592339861 3.42451266736
0.0364611736051 2.37971443347
0.856492645606 0.338533207116
0.251381175471 1.66115657079
0.470657378976 1.03092844509
