0.167371539882 0.937994933081
1.03945440356 0.0442827409239
0.0513781346435 1.03819415799
0.0544126787812 1.03192500408
0.944654279052 0.157039586015
1.04066944995 0.0462012269463
0.158627710491 0.942197536055
0.972702598859 0.123028372243
0.0491743678113 1.03717245942
1.03872772598 0.0470222252869
1.0304602715 0.0563586373417
0.0454716874099 1.04101735858
0.153500385801 0.9462820629
0.936701746332 0.168382991412
1.02891025294 0.0580554600796
0.940578848286 0.165829651022
0.0464554262804 1.04239771817
0.163628636338 0.939087453915
0.0493075512176 1.03598422605
1.04237579749 0.0499561760764
0.0467214492061 1.03717748542
0.158577546431 0.943266956355
1.03224696791 0.0538897907345
0.050364091267 1.0360364673
1.04251537924 0.0511182886613
0.965274624107 0.128966641232
0.0490522160094 1.03731346598
1.03818727626 0.0501028570649
1.03393853376 0.0538793554265
0.947287920348 0.152879663962
1.03707979178 0.0490531689167
0.134700001482 0.960441222293
1.03809533169 0.0459741226228
0.0436014183389 1.03804442379
0.160721781159 0.941260188053
0.944859692181 0.153439540906
1.03219587471 0.0531015558735
1.03471435919 0.0516407624206
0.0540957772363 1.03198915319
0.149626996339 0.949486660424
0.953562163479 0.144230404118
0.0484361237051 1.04333347989
0.0514726167043 1.03515863833
0.0472784325466 1.03710912586
0.135444607662 0.959957079656
0.938814351518 0.164964903989
1.03847825181 0.0438928600156
1.03533751685 0.049568244162
0.943315250426 0.157920758711
0.0457055735103 1.03810467415
0.137127896361 0.958170785396
0.0460589931639 1.03723632883
0.0467400500495 1.04097657359
0.164214433302 0.937994518447
1.03841646574 0.0468521956173
0.939238697895 0.162327608818
0.0508221430416 1.03816649214
0.938533775534 0.16338460818
0.137592603442 0.95872451072
0.0557271730081 1.03145505853
1.04006598484 0.048743833607
1.03627027248 0.0524545887675
0.0462959981786 1.03681376401
1.04275027077 0.0487251455194
1.03117259066 0.0566877823904
0.130564131106 0.964196958365
0.948670248032 0.151430358601
0.0446601357279 1.03788058163
0.152632241317 0.945623592142
0.942966252894 0.156513752589
1.03409907726 0.0524111101599
1.03292237331 0.0530509008662
0.0436341083907 1.038474711
1.03982899394 0.0443516071829
0.942989369902 0.160708372678
0.151861645818 0.947930468909
0.0447019823856 1.03826434489
0.145725529666 0.950203590664
1.03298613706 0.0607019000521
1.04077018914 0.0553160375139
0.952553004273 0.142902420752
1.03464169665 0.0543484452437
0.0505554821825 1.03694350733
0.946652067379 0.153657862648
0.160853330612 0.942008580053
1.04085616628 0.0505582159977
0.0475856867571 1.04342163939
1.03841634233 0.0451343796503
0.166630103107 0.937539438509
0.955037167655 0.140007001936
0.0518997899934 1.04436446661
0.0718261986719 1.01923491079
0.0571498152119 1.03434172568
1.03657365186 0.050129381726
0.135022276783 0.96044076885
0.952317706491 0.146238134153
0.0607064801842 1.03022125458
0.0473493119075 1.03661180812
0.147739385924 0.949463812344
0.939417368433 0.161840316951
1.03769589362 0.0494560037496
0.0462700643261 1.03617149079
0.962101552836 0.131807863704
0.165205636162 0.939124274594
1.03529305555 0.0510294316107
1.04068778308 0.0483792772045
0.0455704575282 1.03889118418
0.164161596069 0.938833101107
1.03266297406 0.053063193741
0.958330136424 0.138100145501
0.0497495002241 1.0442265839
0.168186509061 0.936263986474
1.04034747855 0.045921456541
0.944666077905 0.156007385338
0.0633686675328 1.02549367501
0.0507935481442 1.04344851699
0.155723803255 0.942991490189
1.03812583825 0.0460446601509
0.935270120709 0.170804884149
1.03328767121 0.0530561865021
0.156327088887 0.943500688588
0.947090627284 0.150181087687
0.0464143295849 1.03909923786
0.0547079962993 1.03330866397
1.03873715411 0.0420796196311
0.0491072222985 1.03463152095
0.159748416688 0.940839756455
0.953992172713 0.14093370664
0.0476635964623 1.04053445686
0.0463421667858 1.04166144635
0.0501728614278 1.0358837188
1.03389869079 0.0501943957221
0.136409104422 0.957912420925
0.949152710136 0.147182158256
1.0425397801 0.0476165209795
1.03329239797 0.0535865964623
0.150879791841 0.947395792553
0.946308841375 0.151975133
0.0583552450565 1.03034055833
1.04032575715 0.0493533831394
0.0544317754763 1.03141552879
0.054878567275 1.04290115234
0.0475355549887 1.03783367714
0.949587434671 0.146962457322
1.03790147778 0.0476185126351
0.132878373777 0.963129790862
1.0377947023 0.049899159703
0.0503084165069 1.03856518458
0.941014520947 0.160545205206
0.160735616191 0.940284653726
1.03140683178 0.0554878361079