0.0449292751615 2.22145276495 4.98407883311e-196
1.3297937844 5.39700617642e-46 2.50106788616e-48
0.144782447444 1.27415062788e-06 2.07534161553
1.32637711009 5.73902229043e-16 5.74743359549e-28
0.0150436174296 0.028594783169 2.85525890917
0.336673041553 1.7808925695 9.43099620541e-31
1.30290542654 4.67143513142e-43 3.44572066553e-29
0.138372507685 1.43995792137e-07 1.88326742754
1.27598378948 2.2751206689e-37 8.20446396083e-41
0.11150822762 1.37105304711e-220 2.07889519093
0.0112349056651 2.23332173608 0.00376023057428
1.18398257026 4.59174485179e-27 5.30702159456e-15
0.102053893733 3.89805283674e-152 2.54609733149
0.204687890884 3.491246019e-28 1.64407251857
1.25128943289 5.59271697629e-21 1.6545481021e-49
0.0252317017418 1.9052246546 9.24314888188e-17
0.156189611592 5.74716893782e-32 1.88615348978
0.0263001670631 1.99980779894e-49 2.03551600901
1.27811690453 4.7660223135e-39 6.78748972139e-23
0.0504902299768 1.27995290436e-61 1.92377572755
0.211011991431 2.13171517509 3.40655403934e-74
0.306824166952 1.74232283369 3.85412195819e-15
1.27129454879 3.96095920908e-14 2.93256930331e-39
0.00669516751074 2.16553378594 1.09005671852e-32
0.263712591184 7.03381670513e-20 1.66023144146
0.222052895088 1.29645641893e-10 2.13338284689
1.18179653664 3.52207176517e-14 3.14157897652e-18
1.21163532289 1.52464646965e-34 4.81581572125e-44
0.264272681229 3.84498695404e-59 1.55199439701
0.0410948647566 2.07069750433 3.39467182466e-123
0.00866385943891 4.29885226661e-200 2.03630531667
1.16660934292 9.84314939832e-32 2.21408412274e-30
0.243369373406 1.97146168889 6.42211412279e-92
0.0406501761452 5.74807529241e-63 1.89476881803
1.32361243574 9.49972723771e-42 7.28829203302e-35
0.11645322947 2.01053965878 4.49253148237e-36
1.31142061462 2.0576683314e-30 4.82563329946e-29
0.0160338006548 2.38565250321e-25 1.79384213767
1.26001353689 1.76978526655e-13 3.13798766431e-22
0.0226119174752 2.39020011234 7.02988756515e-75
0.265442604395 2.37571330813e-155 2.34904919478
1.15958266165 1.87364800984e-23 3.36295204842e-39
0.0495305041618 2.52767033807 0.00172584262048
1.13208006145 8.13223657788e-26 4.62959623007e-31
0.110522095866 2.70140362178e-99 1.83904349724
0.0812566983023 1.90557456948 9.81685148381e-30
0.170767761899 2.68464548796e-52 2.35345970697
1.18211393092 1.19738431407e-22 8.73138173508e-19
0.0329862015578 2.09703428011 2.03254531366e-05
1.2778931562 1.14942532019e-57 1.10848230179e-37
0.171450648358 1.78122794875 2.49127009303e-27
1.21812022658 5.19118428275e-47 6.29408257705e-15
0.44077580449 0.0202299580846 2.05304124682
0.235712310027 1.5363884334 3.70976868714e-52
0.234646090272 1.7152987243e-113 2.14817772923
1.13543579874 1.16408173927e-49 7.77114068837e-13
0.116489896541 2.08494908715 0.00885853562645
1.25322781741 4.14342580008e-15 2.33438580003e-22
0.253781516836 1.57089422841e-29 1.85183691262
0.0372380609352 2.21901416363 1.44210362366e-58
0.0192233549227 3.71335225381e-11 2.41331513344
1.25799852998 2.29536271049e-10 2.79467186599e-24
0.224628356517 3.30114772944e-29 1.6362638801
0.110071829787 2.38529340753 2.64610785195e-53
0.442400559219 1.49043204026 2.53877452401e-20
0.22823367947 2.60467611242e-37 2.02755322227
1.21283360896 1.36837656039e-36 4.70467231424e-48
0.0992784683061 2.07632613825 1.79190660169e-06
0.0916880486723 1.00764476666e-57 1.82618634816
1.21647945105 5.19675666779e-47 8.6323829134e-48
0.0988383845451 1.77223136633 2.69528324459e-05
0.00705772762037 1.84760429293 7.73842201441e-15
1.25389757717 8.32305482363e-47 8.83687336654e-20
0.0587779008996 8.59477666013e-123 2.07630059929
1.20963588785 9.94860599704e-73 4.10370102121e-34
0.0386603873256 1.84322003179 8.464506283e-83
0.0192465657916 2.1922601867e-34 2.10877248266
1.26359603776 5.85803840425e-32 5.81271631772e-19
0.0589292020917 1.85010576036 3.03314697555e-39
0.050369386534 3.14043042835e-62 2.46179724267
0.192184205474 6.97389932928e-07 2.04582830211
0.101161656358 3.81688510546e-46 2.34280193235
1.24620025853 3.46542585706e-09 7.7062536291e-19
0.148074708713 2.32951770049 1.33243730265e-07
1.23234956701 9.4928856994e-25 4.45917760025e-30
1.26416784601 2.14304522978e-21 6.78995978579e-36
0.0890055729496 7.45643309199e-28 1.64831675632
0.0433438935093 1.91594576921 6.43772451348e-17
0.0403314233873 7.22387363084e-57 1.84611153605
1.27009013965 6.3416291938e-39 6.96861603898e-15
0.0962444040759 2.17172695035 1.48242047441e-88
1.21234051517 2.16373211e-32 5.89407702277e-44
0.411671043815 0.166510937375 2.24187631252
0.363830749017 2.55216380173e-50 1.80058315522
1.26090792695 2.63756947554e-39 3.39825216396e-45
1.35083374765 1.7556766219e-65 6.82091434636e-25
0.0356378204948 2.07980124411 5.29243152346e-21
0.285389985371 7.07291401798e-18 2.1851123883
0.352772258626 2.49391043547e-38 1.83572124798
0.025408186668 2.6247154365e-20 2.01632055103
1.22213227217 1.30989500849e-22 5.35794918077e-34
0.131772426734 2.31555351012 1.58114231374e-43
0.15562853331 7.00738832154e-73 2.03109312239
1.12039579945 1.14119659306e-36 8.57899728006e-21
0.154350423755 2.3531801289 0.112065792421
0.257140692685 1.76525099667 0.133917277913
0.15772848171 2.01387781911 2.28939993656e-16
1.19295161342 9.10161175278e-23 3.57748387863e-16
0.223843607251 6.3612155868e-27 2.00398905144
1.18862017363 1.70594210194e-26 4.07300912179e-24
1.28245527595 4.29093553916e-88 7.41222272403e-39
0.0202498699947 1.86928462643 8.41319352701e-08
0.00289013904916 2.1116254478e-42 2.21972058296