0.163885529646 3.31840633443
0.0126737091107 3.90554218335
0.301920798153 2.93694410698
0.718245518071 1.95858591942
0.00402917868562 4.19925253959
0.055876567262 3.55844140859
0.25367181885 3.06201674113
0.00714830651413 3.99881410123
0.874651410477 2.13452989523
0.36213678407 2.83236719864
0.947723038911 2.24023847113
0.037960058648 3.6895801729
0.380232816287 2.7295478503
0.00283616069852 4.26561538706
0.151238295885 3.23155602363
0.460016581734 2.60114929763
0.0160413830886 3.90830340219
0.223872812628 3.00508717978
0.0270323271665 3.66754520509
0.304934925872 2.85747905483
0.948162774796 1.97118774674
0.837938042939 2.12265099648
0.0107724056069 4.19558498313
0.0693048749871 3.74451524029
0.465388671633 2.40974430761
0.427353382338 2.51986723261
0.969526603567 2.00525213666
0.052763565264 3.35002041458
0.436337033858 2.68503066192
0.00164003454396 4.44593118695
0.663853169678 2.47338074617
0.00163586209398 4.35661880769
0.0332112330147 3.92566146868
0.19565069525 3.0898568597
0.131353331794 3.29261015987
0.531649629525 2.35814035001
0.0665785286197 3.36914363055
0.0124395663676 4.13459812591
0.97852956246 2.00709411657
0.232453146968 2.92890384717
0.00890337579266 3.30732419928
0.863515493879 2.24428344018
0.599963625573 2.5033318899
0.850284927288 2.19398822879
0.555338951079 2.59672934133
0.00914087920121 3.94299198467
0.238624647437 3.11638675813
0.993893400596 2.18232125256
0.044524528114 3.89116772315
0.649288111842 2.41463792975
0.143188484285 3.29348424011
0.0156917779357 4.12032336768
0.00157779993356 4.54825375046
0.855082751534 2.01422660566
0.00667377837977 4.31453570431
0.0770130037541 3.45807035421
0.37278251175 2.69823393556
0.0574291064498 3.5616780828
0.00347251188283 4.38844876463
0.246212894925 2.9900713242
0.000247913213741 4.64950425862
0.0868179819685 3.80753713417
0.0150169174073 4.31051112851
0.374594081462 2.6654830785
0.00907581824819 4.44225990635
0.969557080947 2.08626525606
0.00980492814438 4.29317463007
0.984833486161 2.01020812582
0.0707868378854 3.55772277643
0.275282101583 2.97266128778
0.747307697394 2.2375870094
0.0872175502003 3.58634992781
0.013609438479 3.94473051207
0.286518734659 3.08993656204
0.143365089773 3.41939975076
0.828456303037 2.18343569401
0.952098621244 2.08582569664
0.116024720627 3.40791482381
0.012603930947 4.11721371043
0.0518089482944 3.74313353052
0.00674235007851 4.25760707036
0.967646311469 1.99309853709
0.536833912423 2.53870073245
0.00772436098581 4.37629816631
0.0216847265667 3.98770906571
0.103832674084 3.27811301445
0.721610081731 1.96618367616
0.85566928196 2.0063437141
0.0400528451137 3.79362865846
0.367842038013 2.73266501996
0.164972078617 3.33285575673
0.00965069632633 4.40234992896
0.0218043361678 4.04639531277
0.47738720595 2.38741442709
0.0867746024061 3.82712653719
0.0125834902383 4.21297652807
0.918722600634 1.91382152256
0.00269074030875 4.38284885133
0.816376759979 2.12557775739
0.218242904322 2.95117469542
0.33501201689 2.73752659648
0.0640400261295 3.78118839911
0.129476488163 3.42808864601
0.404135731942 2.748993462
0.0153544055111 3.88406451383
0.537623277571 2.49583539044
0.00378448384613 4.26902931965
0.869797571778 2.22995672984
0.00217970001907 4.59153955158
0.0923215927034 3.44476058154
0.528261388678 2.46932894487
0.99453562606 2.19910239904
0.0197121146654 4.16276049701
0.0338729569855 3.98095910573
0.856073484239 2.03397277792
0.0271743768355 3.89595003908
0.0017048711376 4.0952511487
0.352986122002 3.06271225606
0.0972670212727 3.6911104126
0.79120934909 2.1791345743
0.0515429444069 3.67495984123
0.0112779592304 4.02559446435
0.292284009918 3.11957622822
0.0873187337877 3.55285435541
0.00164508592964 4.68102982242
0.262710280582 2.93778988057
0.0208518766639 4.11331053397
0.0462787147317 3.89730876752
0.648282941922 2.33252074383
0.958885866252 1.98436021439
0.246463291592 3.0741667773
0.0292585540984 3.8561378773
0.00437222024867 4.42570463497
0.856864169195 2.10845690255
0.0632515720078 3.68596695149
0.360749494275 2.64938777509
0.00158592169357 4.157325779
0.97869215099 2.03248595356
0.102325714583 3.36330360646
0.00195952756755 4.55607045541
0.410521353014 2.63830411713
0.0187267840588 4.12207884437
0.0258554003508 4.01310920138
0.0542393149084 3.8414604415
0.736859606775 2.04228432851
0.16461332613 3.20096756065
0.00419576443388 4.29753413793
0.413443781928 2.5980108936
0.130450772667 3.42022323714
0.832484921309 2.30539641982
0.645181505037 2.34177177349
0.00194281432582 4.7944302463
0.0148088287715 4.25470705875
0.0624777705102 3.55163147807
0.219571003742 2.98602257561
0.371643589945 2.70802872494