0.528151903801 0.528151903801
0.532411643606 0.532411643606
0.529085734672 0.529085734672
0.531061802339 0.531061802339
0.569283100265 0.569283100265
0.563083824372 0.563083824372
0.564364295586 0.564364295586
0.53640078683 0.53640078683
0.530706907326 0.530706907326
0.56881061192 0.56881061192
0.562630408992 0.562630408992
0.563906940652 0.563906940652
0.536029465661 0.536029465661
0.589530261067 0.589530261067
0.530400436995 0.530400436995
0.568463872876 0.568463872876
0.562290201304 0.562290201304
0.563565383901 0.563565383901
0.535717370351 0.535717370351
0.589161625108 0.589161625108
0.529086166462 0.529086166462
0.523823886851 0.523823886851
0.531128253434 0.531128253434
0.569306299544 0.569306299544
0.563114038848 0.563114038848
0.564393061061 0.564393061061
0.536461196247 0.536461196247
0.590066373373 0.590066373373
0.529810025589 0.529810025589
0.524531901086 0.524531901086
0.524996262295 0.524996262295
0.563521963084 0.563521963084
0.557273314788 0.557273314788
0.558563983958 0.558563983958
0.530377767638 0.530377767638
0.584471081078 0.584471081078
0.523666030482 0.523666030482
0.518339842632 0.518339842632
0.546936745076 0.546936745076
0.525800574371 0.525800574371
0.56434665174 0.56434665174
0.558094698479 0.558094698479
0.559386050295 0.559386050295
0.531184926039 0.531184926039
0.585306849905 0.585306849905
0.524469638986 0.524469638986
0.519140634069 0.519140634069
0.547752661665 0.547752661665
0.527400330374 0.527400330374
0.565701880837 0.565701880837
0.559489588441 0.559489588441
0.560772748237 0.560772748237
0.532750525029 0.532750525029
0.586529112621 0.586529112621
0.526077838118 0.526077838118
0.520782639107 0.520782639107
0.549213158985 0.549213158985
0.526603262966 0.526603262966
0.565094500181 0.565094500181
0.558851441679 0.558851441679
0.560140956267 0.560140956267
0.531979954226 0.531979954226
0.586024877919 0.586024877919
0.525274221125 0.525274221125
0.519952797873 0.519952797873
0.548524118655 0.548524118655
0.570967354006 0.570967354006
0.533110381499 0.533110381499
0.571320083416 0.571320083416
0.565122688329 0.565122688329
0.56640277106 0.56640277106
0.538447746189 0.538447746189
0.592097370722 0.592097370722
0.53179106063 0.53179106063
0.526508559703 0.526508559703
0.554870902134 0.554870902134
0.577149981603 0.577149981603
0.565156131468 0.565156131468
0.593689204833 0.593689204833
0.530427764271 0.530427764271
0.568822231221 0.568822231221
0.562594868303 0.562594868303
0.563881140941 0.563881140941
0.535790938069 0.535790938069
0.589699988198 0.589699988198
0.529102063755 0.529102063755
0.523794019016 0.523794019016
0.552293509053 0.552293509053
0.574680320189 0.574680320189
0.562628473157 0.562628473157
0.591299519708 0.591299519708
0.532462598688 0.532462598688
0.570333865084 0.570333865084
0.564191362303 0.564191362303
0.565460106932 0.565460106932
0.537752688635 0.537752688635
0.590927121327 0.590927121327
0.531154963464 0.531154963464
0.525919251333 0.525919251333
0.554030379448 0.554030379448
0.576112126003 0.576112126003
0.564224509224 0.564224509224
0.592504856056 0.592504856056
0.524473029135 0.524473029135
0.563133723415 0.563133723415
0.556863179946 0.556863179946
0.558158371602 0.558158371602
0.529873391194 0.529873391194
0.58415624681 0.58415624681
0.523138136208 0.523138136208
0.517793285474 0.517793285474
0.546490391046 0.546490391046
0.569032432386 0.569032432386
0.556897017817 0.556897017817
0.585766869476 0.585766869476
0.489727867744 0.489727867744