6.46826233256 -15.6395490312 -12.950434638
3.98170562597 -16.6727787217 -12.9561068604
3.64859233127 -16.4017079251 -12.7812982153
3.92066647842 -16.7480915337 -12.961681116
3.95240389622 -16.7351770199 -12.9946851634
3.81031370045 -16.9886303221 -12.6104991695
3.85004844057 -16.7183248425 -12.9120072718
3.82424092679 -16.7186024849 -12.8845782253
3.60509718147 -16.5993083819 -12.8081578498
3.93959238806 -16.7468207548 -12.9902646603
3.62649460044 -16.9240067493 -12.4938394704
3.79603431934 -16.9890324901 -12.600388654
3.94436846261 -16.7368970843 -12.9942748178
3.95029525673 -16.7413209065 -12.9931885254
3.94130474657 -16.7460942767 -12.9779942269
3.93969850374 -16.9213039909 -12.8106367936
3.75982755106 -16.7340742297 -12.8241971346
3.9335341719 -16.9232189716 -12.8098780003
3.6004506544 -16.5826817715 -12.8133158129
3.87985736276 -16.7216034675 -12.9438149748
3.75845015185 -16.5926333574 -12.9669472067
3.61229383522 -16.8133535597 -12.5767484704
3.61910680463 -16.5446161041 -12.8513532027
3.91067668463 -16.9518158937 -12.7518317847
3.80499698611 -16.6131194613 -12.9830158402
3.81606486953 -16.7236850802 -12.8833165007
3.86911913689 -16.6674554469 -12.994780091
3.78843669173 -16.7209192213 -12.8682644415
3.89656796682 -16.7476948735 -12.9445812524
3.62216737554 -16.8029414076 -12.6114614219
3.83711063488 -16.7318033372 -12.8921524317
3.60193694109 -16.8449910019 -12.5573918745
3.68537316855 -16.5482549147 -12.915892482
3.95453758916 -16.7380702179 -12.9943138053
3.68463762824 -16.9666918116 -12.5165312389
3.75472705269 -16.9866918221 -12.567644461
3.654684159 -16.7722493128 -12.6696985941
3.93764427729 -16.7439726008 -12.9946368775
3.85238406197 -16.7224596045 -12.9205414318
3.69128550698 -16.5503578406 -12.9205672367
3.62133701466 -16.8032746033 -12.6077063458
3.89496096525 -16.7072425868 -12.9911588197
3.60410337175 -16.8871453904 -12.514271148
3.95161653634 -16.7774510302 -12.9600733561
3.79257362241 -16.730070822 -12.8646102622
3.83396919813 -16.9869095042 -12.6256591044
3.95493126735 -16.8280753136 -12.9257214096
3.71976329504 -16.9785834276 -12.5233774611
3.60418293167 -16.5932239035 -12.8048722874
3.65226011476 -16.7748100602 -12.6676809539
3.63273967066 -16.6223715205 -12.7894507716
3.96373304825 -16.8438820875 -12.9086255717
3.82050946909 -16.9874855239 -12.6234634928
3.61844122449 -16.8087147024 -12.6055883884
3.64573992654 -16.6372101173 -12.7951083644
5.795415191 -13.7368127573 -11.3409024823
8.34544219301 -15.1047513486 -12.905877497
4.75033943323 -16.6788352467 -12.7891246278
3.96886640845 -15.9062848128 -12.6920983382
3.61206810442 -16.5907616217 -12.0200183324
8.8311948731 -15.560927991 -11.7723562605
10.7701140604 -15.2063271137 -9.61487555528
3.6003846774 -16.9305122773 -12.859987108
3.71150288131 -16.8312530578 -12.9585074177
3.72828441886 -16.8853503902 -12.9496641659
3.74163459559 -16.9807756031 -12.6951650522
3.69701478978 -16.7945021884 -12.9940795544
3.63927386471 -16.8771119883 -12.9654036981
3.6014586534 -16.916832783 -12.8647800714
3.6606318811 -16.8422804947 -12.8720356986
3.60408692369 -16.7482354849 -12.9430244199
3.67330776972 -16.9451033247 -12.8824530791
3.626781028 -16.6971377116 -12.8767242545
3.60673349304 -16.8820597994 -12.7522490698
3.65345713294 -16.668024549 -12.9591159509
3.6010224733 -16.9107326114 -12.7984263307
3.60068410197 -16.7049860207 -12.9311407092
3.60006038397 -16.9163230252 -12.7511838377
3.62403070882 -16.79939714 -12.9923410189
3.70944375425 -16.8638823515 -12.9708278248
3.67483377433 -16.7396484971 -12.9893679903
3.78912769358 -16.8024376483 -12.9946792965
3.61371586806 -16.898491615 -12.9127241751
3.62533565643 -16.9477939712 -12.6461791788
3.60934976774 -16.9453235999 -12.7954590881
3.79441318323 -16.8865381702 -12.9258226528
3.64813962158 -16.8312925169 -12.8003769704
3.61993462909 -16.7097500023 -12.8946457977
3.61652010781 -16.7731541231 -12.9521857668
3.66421566892 -16.9413333785 -12.8947032069
3.6407066901 -16.8409257436 -12.9921438132
3.67485275593 -16.7228793124 -12.98561924
3.67933207779 -16.8413338408 -12.9194856735
3.64602983369 -16.9597984327 -12.6265834208
3.74511984005 -16.7979354883 -12.9746899464
3.60876327511 -16.7009817019 -12.9445536635
3.63425503679 -16.775155401 -12.9478098348
3.70506768775 -16.8830346669 -12.958921621
3.60133738193 -16.6994203938 -12.9113354703
3.6329752449 -16.8395780368 -12.7673892937
3.82613818535 -16.7864420255 -12.9898644431
3.6053047873 -16.8917245304 -12.7770760729
3.63331426212 -16.8092235496 -12.9944031788
3.67358344693 -16.6685855784 -12.967822577
3.65231673453 -16.8651128742 -12.9859997617
3.60826459214 -16.9343483606 -12.6944416261
3.62081295648 -16.7629941487 -12.9823226633
3.81756608314 -16.7912488801 -12.9945180915
3.80679398122 -16.7953804366 -12.994138966
3.76635620256 -16.8309998472 -12.9746361979
3.65005949421 -16.9541935043 -12.8565121705
3.7267215605 -16.9019458246 -12.9336135388
3.63977812209 -16.8614270908 -12.866415164
3.67848323716 -16.7535999846 -12.9922144618
3.66292325491 -16.7859932984 -12.9535891257
3.68147920051 -16.8361213687 -12.908359959
3.64358410178 -16.9627983621 -12.7900042821
3.62258229737 -16.8484209316 -12.7455682605
3.78836155013 -16.9438976932 -12.8369681654
3.73772495236 -16.8190324876 -12.9682651589
3.64354863361 -16.8498528974 -12.9945401353
3.74129335684 -16.6949955293 -12.9902541872
3.80061608059 -16.775546385 -12.9589425516
3.63268344209 -16.7318120746 -12.9079992462
3.74649921864 -16.7330575561 -12.9945529485
3.77205221506 -16.8098368477 -12.9930886735
3.68174836913 -16.8469786788 -12.9460670347
3.70673073851 -16.8255190769 -12.9320299482
3.65399742435 -16.8419788811 -12.8509707832
3.68863751613 -16.9119226489 -12.9357859476
3.63640876438 -16.944019576 -12.8929948228
3.6622909005 -16.7447723261 -12.9111354099
3.74455586706 -16.817085351 -12.9938887589
3.61022062044 -16.7886850525 -12.9862212939
3.60214509025 -16.6846868374 -12.92220166
3.63173933886 -16.9597410222 -12.764044474
3.60036463681 -16.700145497 -12.916378003
3.60134644373 -16.9340385951 -12.8500506229
3.65028580879 -16.8664430674 -12.985257013
3.64819896705 -16.8705461702 -12.9750207267
3.66805758049 -16.851954725 -12.9265895701
3.78706235704 -16.7930476627 -12.9715430742
3.60010326063 -16.9240022951 -12.7991810554
3.71080905949 -16.8368207143 -12.9900205911
3.64037321878 -16.8656471564 -12.885208545
3.60203527817 -16.910879287 -12.827801439
3.71562364949 -16.9111698837 -12.9266632197
3.76041748941 -16.8141962297 -12.9892459328
3.64875166495 -16.8619886937 -12.9027667269
3.60614175809 -16.7925622082 -12.970710885
3.69569444736 -16.7398477476 -12.899360636
3.61863968694 -16.9454558887 -12.6783841711
3.6002155347 -16.649555836 -12.8861708712
3.63137057942 -16.9567661393 -12.8244473921
3.61218234965 -16.9475024409 -12.7778154821
3.74625337367 -16.808550516 -12.9869955399
3.60000000225 -16.745544094 -12.952459405
3.75811134928 -16.8146049134 -12.9947916511
3.63570952065 -16.9561248624 -12.8381105283
3.63006930375 -16.8247034271 -12.9947854106
3.71370417465 -16.8008784045 -12.9921373786
3.74980847974 -16.961347017 -12.8042168764
3.84400844398 -16.8619776208 -12.932490272
3.60087925648 -16.9223928834 -12.7438132889
3.72873170585 -16.7089834169 -12.9910513305
3.60822737298 -16.6672500677 -12.9226386659
3.73716487967 -16.7913127627 -12.9648813402
3.61410464191 -16.9429764148 -12.6987440879
3.67407942856 -16.9431784429 -12.8870695426
3.717112659 -16.8266084348 -12.9547825642
3.69002381305 -16.9642061236 -12.8106504759
3.62232029613 -16.7106580557 -12.9616666025
3.65199351617 -16.7984245174 -12.9946005878
3.60092796427 -16.9210961524 -12.7339892607
3.75094906845 -16.8231580591 -12.9810203169
3.6674300132 -16.7985262235 -12.9947794002
3.64573080736 -16.7928720802 -12.9610499722
3.61079200589 -16.7207705848 -12.9577955528
3.67056702029 -16.9707004628 -12.7505451667
3.60404986288 -16.9372482322 -12.7866797226
3.6224959423 -16.9498371871 -12.6860807915
3.66804475279 -16.8402313078 -12.9938032283
3.60665580002 -16.9416113848 -12.8633554974
3.61534413802 -16.8227850744 -12.9942346149
3.7078330754 -16.798654229 -12.9683918417
3.60033530958 -16.7248231954 -12.93494177
3.83765226544 -16.918592749 -12.8646317152
3.63475984586 -16.6465659807 -12.9370847965
3.60597273331 -16.9396868129 -12.7745889739
3.6275854767 -16.9577777446 -12.7763790793
3.66235927932 -16.860341508 -12.9460188841
3.71007811757 -16.8143244296 -12.9899843478
3.63476615646 -16.6844949378 -12.9568282219
3.60524551898 -16.9093321225 -12.8899094843
3.73424678362 -16.8000857513 -12.9170242966
3.65443891906 -16.8412091366 -12.9930957453
3.62753394236 -16.6459412432 -12.9309205646
3.74717845024 -16.7116619837 -12.9930291006
3.65874757154 -16.8659202924 -12.9819620913
3.78797467035 -16.9270106781 -12.8723161824
3.63743619039 -16.9563330265 -12.8387887315
3.66397014222 -16.8617909974 -12.9700905315
3.65159532212 -16.8175729061 -12.7738958335
3.67960714915 -16.8227388312 -12.8660503723
3.61510196863 -16.946503883 -12.7221115257
3.7722763731 -16.7190001883 -12.9946364509
3.60021418391 -16.9051980204 -12.6803870735
3.82629052415 -16.7848848572 -12.9867507579
3.63937612469 -16.7599105716 -12.9870813278
3.62585960385 -16.8748602995 -12.8565857095
3.61428448273 -16.8886824476 -12.8472766427
3.81936713433 -16.8320321544 -12.9616646642
3.6202038732 -16.951308479 -12.724407136
3.67802894085 -16.8219611956 -12.8601352298
3.70946090454 -16.8252528728 -12.9365380017
3.62313298914 -16.9532985076 -12.8333091496
3.60715405458 -16.7960399179 -12.9722012908
3.67755564439 -16.8154274144 -12.8418223787
3.79634106886 -16.7790606498 -12.9632013072
3.83105382437 -16.8008933499 -12.9746533533
3.79491214788 -16.7977118388 -12.9883077894
3.6448458381 -16.8437832818 -12.9932948403
3.81857266857 -16.7905463284 -12.9930593772
3.60967555412 -16.6870259248 -12.8840683567
3.60268809201 -16.9132033109 -12.6497291752
3.60009290901 -16.7094791472 -12.9257550031
3.60151661886 -16.8803012927 -12.671121649
3.81478176576 -16.7919076793 -12.9930869968
3.63392944222 -16.722534616 -12.9730841751
3.71325572102 -16.828599982 -12.953524151
3.64253232229 -16.766892278 -12.989396143
3.63055825067 -16.7772877251 -12.9892371423
3.642447432 -16.7260386974 -12.8975893464
3.66932891541 -16.8011262565 -12.9675453054
3.60080768666 -16.7246707033 -12.9447183943
3.61864016733 -16.8448630572 -12.7123791197
3.65886843202 -16.8209984305 -12.9938448978
3.660317093 -16.8637950389 -12.9739918871
3.62277993325 -16.6873136275 -12.8699724462
3.62263815216 -16.7970014106 -12.9916953426
3.64326864903 -16.8747027879 -12.9617194882
3.65455031495 -16.8492673002 -12.9947580449
3.60013988164 -16.7781115078 -12.9726693128
3.62886187087 -16.8852129639 -12.9464053558
3.61220504014 -16.9462916324 -12.8552095762
3.80813654422 -16.9409697394 -12.8343152184
3.75667610406 -16.9767623707 -12.7278120821
3.72653670725 -16.7621817137 -12.9947493763
3.76127436818 -16.7578079857 -12.9939305823
3.66696965168 -16.9362634017 -12.9050841903
3.6057636242 -16.941801794 -12.8341794264
3.63241130598 -16.8502871581 -12.7982126807
3.72888971217 -16.8286633668 -12.9879163053
3.71982656844 -16.7900568817 -12.8702031692
3.82075293365 -16.7902750376 -12.9943138869
3.78815767692 -16.7932807145 -12.9821162082
3.69040879381 -16.8437364487 -12.9931566224
3.83160289156 -16.7953175117 -12.9768110558
3.70642401797 -16.8115268131 -12.8951105523
3.63224258959 -16.8825979625 -12.9509009376
3.631773206 -16.958790544 -12.7993636375
3.7941027034 -16.9009611276 -12.9092153732
3.72401019049 -16.8288352789 -12.9754140947
3.60244283943 -16.9196712149 -12.6880342378
3.60527509028 -16.9275846216 -12.6881009242
3.60309153853 -16.7464954891 -12.943221849
3.60901309311 -16.8933657983 -12.8250797162
3.83038771813 -16.7864371678 -12.9934277339
3.60809946234 -16.9372348876 -12.7180644627
3.63389036324 -16.8319262119 -12.748668098
3.60520899349 -16.80496653 -12.9887526705
3.76820996961 -16.8010182464 -12.9852232491
3.74290853892 -16.923267261 -12.8982816372
3.60952040412 -16.6923999785 -12.940378475
3.79099234274 -16.8015446946 -12.9926856465
3.73399322723 -16.8061390839 -12.9304037035
3.72551529509 -16.7826620042 -12.9935919032
3.68190634288 -16.9482268065 -12.8712923013
3.63525605291 -16.8375082252 -12.9905951963
3.72099795901 -16.8273227913 -12.9946989452
3.67922039473 -16.7931854533 -12.9947363099
3.66246069439 -16.8200425975 -12.8137783707
3.73347130109 -16.8954008167 -12.9382778339
3.65691675632 -16.8729988791 -12.9789031259
3.62205821225 -16.7560273843 -12.9804526542
3.6006385089 -16.6750296266 -12.8945348684
3.60201988534 -16.7634832865 -12.969733231
3.77879427099 -16.8064238946 -12.9947268008
3.75618495902 -16.7993895865 -12.9876416051
3.61889493086 -16.8760009704 -12.8218824365
3.78642970546 -16.8012490894 -12.9872967768
3.61178245736 -16.8702574864 -12.7518601383
3.69255964059 -16.9682433183 -12.7882865673
3.75485988968 -16.7686622102 -12.9379381301
3.71397655863 -16.8313802765 -12.9639754873
3.63553949096 -16.8665266965 -12.8684536496
3.81112607896 -16.7778089897 -12.9679975583
3.7699878412 -16.8099200269 -12.9824125474
3.69761999348 -16.8249086595 -12.9120957209
3.60103904084 -16.9321695997 -12.8249569758
3.77006112502 -16.7116952898 -12.994249032
3.60458876862 -16.7361734116 -12.9591895559
3.60610827771 -16.7347378822 -12.9603083361
3.61339003706 -16.9483387734 -12.7712944786
3.64332557225 -16.6604372741 -12.9501031982
3.68949225079 -16.8765599765 -12.9682058454
3.66351738314 -16.7971320227 -12.9638948765
3.60206068844 -16.9336817587 -12.7997637003
3.61205583539 -16.9443938259 -12.7348734692
3.6795961139 -16.779794309 -12.9467269523
3.67708428646 -16.9544305973 -12.8533533222
3.69054084065 -16.8236577526 -12.9881567795
3.83497653596 -16.861987221 -12.9354433417
3.77019328613 -16.8016716457 -12.9867165853
3.66966592287 -16.9538691565 -12.8568327346
3.62143907694 -16.7254374554 -12.9679447521
3.71905151801 -16.7491719397 -12.9944733541
3.63864636703 -16.8559474847 -12.8424717468
3.69832005054 -16.8418490912 -12.991328426
3.76291806699 -16.8611446949 -12.9581181829
3.72845036835 -16.9343707315 -12.8846880507
3.60026701235 -16.7765055999 -12.9724207699
3.6354981195 -16.8368983962 -12.7698914202
3.77314835971 -16.8044095424 -12.9796973866
3.6765246589 -16.972915744 -12.728036104
3.76004897032 -16.813896974 -12.9947912775
3.68046498288 -16.8188303121 -12.9832613447
3.6080982401 -16.8747156329 -12.7373054241
3.78547645917 -16.9283365121 -12.8710180515
3.68371657855 -16.9634541462 -12.8147969371
3.6861043509 -16.8477762414 -12.9626938247
3.71626169225 -16.8224550319 -12.941428455
3.72234469292 -16.9762841518 -12.733758518
3.81597003264 -16.7843923889 -12.9832662922
3.69172832308 -16.790323454 -12.9580298209
3.73070443253 -16.9710326735 -12.7684086372
3.62184172161 -16.8027724322 -12.9718071402
3.73968329396 -16.9569047178 -12.8236116391
3.63330273656 -16.7710742307 -12.9445073339
3.62927877255 -16.9582876185 -12.7442307623
3.6343063343 -16.8365549253 -12.7639677762
3.65779886503 -16.6519802576 -12.9539139124
3.62993016832 -16.807929413 -12.9740872335
3.81547458953 -16.7851994308 -12.9812946416
3.64304758496 -16.8566770451 -12.8617878994
3.60973576468 -16.9310300957 -12.656613817
3.67125577516 -16.85371036 -12.9439572398
3.6050610497 -16.8867921845 -12.7527344173
3.60971453071 -16.9364705943 -12.6930796882
3.78725030741 -16.7983523993 -12.9889600077
3.60164501509 -16.9324903032 -12.8004029178
3.60152284644 -16.7380839609 -12.9550094243
3.7177981297 -16.7838186695 -12.9529081996
3.60112866629 -16.9308915643 -12.8029739762
3.77681038092 -16.9434859278 -12.8434260613
3.6964423767 -16.8176830394 -12.984598111
3.75220381961 -16.7602952917 -12.925788511
3.60868643647 -16.9291852958 -12.6563925692
3.62803808297 -16.7079573823 -12.9639141204
3.60021682305 -16.7352878422 -12.9429931146
3.61497645389 -16.868463789 -12.7681878488
3.81117506124 -16.8720485755 -12.9342921021
3.60000001325 -16.9125563828 -12.7452497691
3.77980435833 -16.8065762131 -12.9933608712
3.63471759163 -16.8118050581 -12.9946096131
3.66362415803 -16.8017359344 -12.9679575391
3.69566019326 -16.7653735534 -12.9302267422
3.73443465725 -16.7836243316 -12.9928898338
3.72306649596 -16.9762191011 -12.7344143388
3.67458674989 -16.8519105233 -12.9844990362
3.60071159871 -16.7081748938 -12.9206803919
3.76866428488 -16.7845130478 -12.9631281723
3.60105643224 -16.9118278173 -12.6792149161
3.73967307909 -16.9400833511 -12.8680428706
3.81345156292 -16.8940134167 -12.9102452652
3.69162971829 -16.9186893052 -12.925698286
3.60628356752 -16.893892792 -12.7987444203
3.61981383308 -16.9535188444 -12.7967445068
3.62904637887 -16.8804365984 -12.9011853066
3.60721157067 -16.7327603871 -12.9271793643
3.68657326935 -16.8288707165 -12.8991198013
3.60019662731 -16.7063851879 -12.9223959106
3.68817224954 -16.8288921573 -12.9894007062
3.64368724999 -16.9628228755 -12.7900127112
3.64589360777 -16.7986484481 -12.9658173552
3.71973734156 -16.7832264396 -12.9524119008
3.64535970116 -16.8206073784 -12.9819432098
3.60001318539 -16.9268873134 -12.8574444989
3.68981804798 -16.7783052435 -12.9450265028
3.80646633518 -16.9088973785 -12.893461135
3.66188970267 -16.8624873239 -12.9595246772
3.70282909313 -16.727327534 -12.9909904373
3.64216780161 -16.872099998 -12.9237716739
3.69775964429 -16.7930373543 -12.9941584137
3.60494155565 -16.9400192796 -12.8609677919
3.69219675357 -16.805905719 -12.8520134885
3.60028763418 -16.89554815 -12.6942842403
3.71200121716 -16.7960609422 -12.9661818119
3.65960137131 -16.8263875292 -12.9931324951
3.62657559942 -16.9549640842 -12.7099323424
3.61769591732 -16.9408548953 -12.6504512129
3.7631550295 -16.757311425 -12.9938816795
3.60002087288 -16.6922198782 -12.914068626
3.63342972664 -16.7664481889 -12.9872935133
3.6056385902 -16.7818633523 -12.9644840931
3.67798046786 -16.974171773 -12.6935827895
3.73312974451 -16.7530227058 -12.9145012147
3.65850847908 -16.8344920161 -12.9919080207
3.6276116565 -16.8062603461 -12.9732279614
3.64036817653 -16.8646530853 -12.8811732767
3.60049993119 -16.7153253871 -12.937286467
3.7350942718 -16.7519591697 -12.9947916564
3.65786468301 -16.7714646023 -12.9399054059
3.7669873325 -16.7907113868 -12.9436602492
3.72598297598 -16.9429280268 -12.8675676034
3.72969247823 -16.8273293622 -12.9816487144
3.60644043659 -16.7674445417 -12.9762800715
3.68168941825 -16.8415124466 -12.925962421
3.64242591998 -16.8279041128 -12.9942177893
3.67748737223 -16.9740909284 -12.6743492101
3.70887060794 -16.8349707121 -12.9942524523
3.6103213054 -16.7511730645 -12.9388809055
3.60496012039 -16.9039580415 -12.8364718412
3.62676854164 -16.835098905 -12.9945090533
3.60008193337 -16.8963243906 -12.6509852187
3.60000033753 -16.9264887081 -12.8742356808
3.62362855175 -16.8879198034 -12.9151293583
3.67205562743 -16.9310800536 -12.9133183063
3.61492527589 -16.8924080161 -12.9692980689
3.72156382612 -16.8319798979 -12.9901510772
3.60016943749 -16.9211577741 -12.8344107108
3.70078055951 -16.7781086491 -12.9450208532
3.60982234035 -16.8521210023 -12.9942289198
3.74036281042 -16.9597400086 -12.8138431719
3.76060211388 -16.8080498988 -12.9727229145
3.61772385583 -16.7241729078 -12.9650094647
3.7190632167 -16.8079874697 -12.9799237978
3.69135065699 -16.8103561202 -12.9776141546
3.61464999701 -16.8976279594 -12.9415898963
3.63038908958 -16.7553685473 -12.9314228954
3.60705512958 -16.8559394368 -12.9946705622
3.60839818402 -16.7146215249 -12.9519671745
3.64302076267 -16.867460771 -12.9039049519
3.62295048735 -16.8838846293 -12.9816592992
3.70491394614 -16.8227707066 -12.9209788891
3.62037242094 -16.8705124195 -12.9883684912
3.60385229428 -16.8549940807 -12.9946579516
3.60728378667 -16.7621314464 -12.97467085
3.60002213523 -16.7285102267 -12.9423162785
3.68297707131 -16.8426127044 -12.9947370621
3.73693030889 -16.7793527467 -12.9497686715
3.66152354782 -16.8089732822 -12.9739656275
3.73390365151 -16.7898152672 -12.9624402212
3.63925402785 -16.8288510799 -12.9866421495
3.68841311814 -16.8306211197 -12.9920675973
3.62051250025 -16.8855236149 -12.9775419018
3.61622004719 -16.8739345616 -12.7968400851
3.66990465317 -16.7500306031 -12.9153532618
3.61439045043 -16.7479140996 -12.9332003191
3.60077383318 -16.7531413485 -12.9525608208
3.74621320591 -16.8145937618 -12.9925603699
3.63961866983 -16.9513750799 -12.866513596
3.67834538287 -16.8322411395 -12.8893281027
3.61240934899 -16.9004063197 -12.9270991817
3.72990164089 -16.7928105649 -12.9653300028
3.64605956595 -16.6946367488 -12.9671815429
3.62015420588 -16.7836031809 -12.988183933
3.6118048639 -16.727980116 -12.9183865808
3.60224020716 -16.9015082451 -12.7771507261
3.6479248458 -16.8667485981 -12.9210197623
3.67515919347 -16.8518821133 -12.9479803423
3.60470382521 -16.9089605966 -12.9379404073
3.62489908514 -16.8855943 -12.9068882672
3.61087322914 -16.9469306666 -12.7977145077
3.7172513337 -16.9756136908 -12.738498231
3.67861539024 -16.7720385389 -12.9384912455
3.68415436326 -16.7005131126 -12.9817409044
3.64561063141 -16.7784571185 -12.9920514482
3.64403749521 -16.9275987432 -12.9290600073
3.61461401227 -16.896572495 -12.9524678728
3.61194463903 -16.9009345584 -12.9259397434
3.69041714514 -16.7588147581 -12.9938028685
3.60757719302 -16.7960583923 -12.971999442
3.60950143663 -16.7194973005 -12.9134399929
3.66625654712 -16.9661426759 -12.7935163551
3.71551772999 -16.7410604198 -12.9937764721
3.61759210465 -16.8906113691 -12.8842475495
3.68536816837 -16.7916374353 -12.9946663161
3.62396704417 -16.8952125777 -12.973947922
3.71961429073 -16.8330049921 -12.9878967201
3.62856143644 -16.8557600121 -12.9947620989
3.6021111131 -16.7757703561 -12.9756743311
3.63595801957 -16.7697093729 -12.9425747475
3.69267398026 -16.7564170089 -12.9198101367
3.73386868635 -16.8110491078 -12.9418034422
3.60010513001 -16.910924734 -12.7560113389
3.71224187254 -16.8349846549 -12.9743541211
3.77934356237 -16.8067139474 -12.9947110464
3.65227240253 -16.8673807389 -12.9796503929
3.62344403553 -16.7513131066 -12.9308332647
3.65275647589 -16.8087134191 -12.9735949863
3.61430510706 -16.834873093 -12.9896972034
3.64001670592 -16.9607917621 -12.6786461665
3.60566302296 -16.9411476594 -12.8548155276
3.61359616488 -16.8510387197 -12.9940848149
3.73859540305 -16.8086398963 -12.9850419054
3.64692244929 -16.8220936155 -12.9829309291
3.80551925255 -16.795472366 -12.9935493453
3.63220005131 -16.8565206976 -12.990517265
3.64281247876 -16.8593279482 -12.8704055263
3.6937639811 -16.9178978275 -12.9259990213
3.66125909661 -16.8026502687 -12.9947804653
3.60038841517 -16.9076414667 -12.7565392294
3.60731275508 -16.9052264336 -12.9415930459
3.60190238616 -16.9048956579 -12.7878545917
3.67238970882 -16.6964891859 -12.9773945424
3.61472199896 -16.84134978 -12.9918392288
3.75384353937 -16.8085340651 -12.9649369034
3.61397354228 -16.7298527664 -12.9180829376
3.67246810077 -16.8660732709 -12.9787354976
3.74433974747 -16.8215792625 -12.9889872273
3.65183652002 -16.7026423592 -12.9727191037
3.62927497302 -16.7774665812 -12.9510766787
3.63315635578 -16.7602998126 -12.9349150021
3.62826535554 -16.7380629715 -12.9765736188
3.62986918529 -16.8671949945 -12.8455863133
3.60038090163 -16.9220792907 -12.8882425376
3.60277845543 -16.751754975 -12.9649289795
3.63716935343 -16.8772635721 -12.9732565223
3.71270339759 -16.8147610177 -12.9149767811
3.67574340784 -16.8435399543 -12.9947869911
3.69534248202 -16.8446808477 -12.9853675786
3.61580417037 -16.939870149 -12.6590234931
3.66771935182 -16.9194249368 -12.9335488544
3.7634802783 -16.8069777688 -12.9905314486
3.60005895376 -16.6852551477 -12.9120799662
3.66750720176 -16.8438046781 -12.8964026748
3.68531326042 -16.737373865 -12.9904706429
3.66392582385 -16.9692893616 -12.7553244312
3.61072880062 -16.7197223763 -12.957182829
3.66451945813 -16.8200509159 -12.9825545038
3.60407766267 -16.8146849154 -12.9907419988
3.62764934032 -16.9551716343 -12.7027152566
3.60221881004 -16.9361556729 -12.8507292105
3.68137923966 -16.8360186513 -12.9935962724
3.61188319937 -16.7652204796 -12.9486361874
3.62850316154 -16.9573805178 -12.7310472487
3.63422190146 -16.7759129327 -12.9484726346
3.69929189291 -16.7681344125 -12.933399834
3.64567885035 -16.8476547929 -12.994268263
3.6764929096 -16.7374015518 -12.9891839091
3.65134815334 -16.8861301699 -12.9724690629
3.66294642043 -16.8613201254 -12.9818586977
3.73069331321 -16.7809178022 -12.9509042738
3.74137485522 -16.8229594207 -12.9890732755
3.65790353262 -16.8534390305 -12.9009939759
3.66106430107 -16.8582041547 -12.9906251366
3.60063314896 -16.8202402757 -12.9876679754
3.73731245905 -16.8053755605 -12.9338042108
3.60510983477 -16.9100569959 -12.9012956823
3.74319544394 -16.8872863017 -12.9429611267
3.64245715084 -16.8668152117 -12.9897813769
3.636212816 -16.8563425544 -12.8340976642
3.60968779077 -16.9389552808 -12.89718857
3.62324178033 -16.7299734072 -12.9709318533
3.71073235307 -16.7714219164 -12.9947619916
3.70194819087 -16.9608898303 -12.8230790568
3.69344400094 -16.8457619967 -12.9802455519
3.72174568631 -16.7959150326 -12.9675123111
3.61474287924 -16.941937444 -12.6840173803
3.60948979218 -16.9384201205 -12.8993182946
3.71781958663 -16.8273442358 -12.9944405465
3.66496226293 -16.8610865867 -12.9665225411
3.66786021152 -16.7362590743 -12.987426807
3.69146837607 -16.8368956524 -12.9340513205
3.75632906495 -16.8237627888 -12.9797789605
3.60009992576 -16.9026465188 -12.7136390779
3.61285139466 -16.8698920503 -12.9935233032
3.66792823257 -16.9079644509 -12.9478372979
3.60238927005 -16.8218747329 -12.9870856514
3.6342887497 -16.8662134959 -12.9870674781
3.60130198525 -16.7115754555 -12.9379055792
3.6218664411 -16.7281918738 -12.9694055643
3.63988618897 -16.6851337083 -12.9600074843
3.72615511373 -16.9488790135 -12.8527499192
3.62252130807 -16.8162768409 -12.98011314
3.73865397195 -16.886862848 -12.9448814826
3.65360644058 -16.9149049937 -12.9445852018
3.68336080047 -16.85410488 -12.9818594292
3.6569963427 -16.8842896598 -12.9721180985
3.62023473765 -16.9528427125 -12.822982241
3.62679749504 -16.8154038931 -12.9791858961
3.71011742423 -16.8369182816 -12.9908403145
3.70152093784 -16.8005856296 -12.9695664571
3.64744963469 -16.8730860213 -12.9811566638
3.60108206219 -16.8500544376 -12.9944089523
3.76867928426 -16.8111309136 -12.9921025455
3.62651881454 -16.876492381 -12.8672506271
3.72499875489 -16.8304112843 -12.9904194212
3.67007149158 -16.8808844442 -12.9707323865
3.72008568823 -16.8130847683 -12.989009756
3.68438919579 -16.7530970743 -12.9927317188
3.63608972063 -16.7601660532 -12.9338338334
3.73388506459 -16.8014046157 -12.9194136748
3.66958993678 -16.8575221858 -12.9592626099
3.61832880403 -16.8664932678 -12.7823556238
3.69729587167 -16.8415252922 -12.9925371894
3.60108010343 -16.7119018342 -12.9373856624
3.65466994798 -16.8670786492 -12.9580367676
3.6440662399 -16.7103151644 -12.9726036631
3.6085515637 -16.8460845667 -12.9932677699
3.73796439234 -16.8006402854 -12.9761481413
3.6623014496 -16.7477392622 -12.9889376476
3.66927017304 -16.6851695092 -12.9725097512
3.60651236614 -16.6912738052 -12.9355187973
3.63812906378 -16.7799240821 -12.9510723668
3.67241320745 -16.9569592599 -12.8447755554
3.6081216185 -16.7073951139 -12.9475147747
3.60049858261 -16.7606406605 -12.9582115264
3.6278715145 -16.7576065467 -12.9831528075
3.64547692669 -16.7703039948 -12.9906121999
3.76786178717 -16.7661991055 -12.9926737754
3.71545914767 -16.8348359069 -12.989329865
3.61995310268 -16.8915132563 -12.9574492885
3.64927003104 -16.9166075329 -12.943881823
3.66608083503 -16.7682819293 -12.9356094201
3.66612649455 -16.9095781396 -12.946638803
3.71245794192 -16.8096913791 -12.9020492763
3.72841084002 -16.9203571466 -12.9088154061
3.61248028659 -16.948316912 -12.7943170889
3.64340494814 -16.8585040784 -12.9942378207
3.61109171977 -16.9442469705 -12.7458262246
3.60375777967 -16.7791894844 -12.9644104605
3.60000666034 -16.8234554833 -12.9900122258
3.6215745927 -16.8127675007 -12.9938377341
3.63148976714 -16.7598633295 -12.9350960967
3.65407133309 -16.8577259351 -12.9931805514
3.61009518936 -16.8137460908 -12.9922839462
3.62347218169 -16.8618995025 -12.9945959738
3.68054515094 -16.8265869985 -12.9886954697
3.61181620894 -16.8394549003 -12.9913922804
3.78839426547 -16.7996724405 -12.9827830546
3.65669806645 -16.8654255393 -12.9774991816
3.66644752366 -16.9441364408 -12.8870582631
3.70581824771 -16.8282498021 -12.9869938878
3.66427970032 -16.764637244 -12.9320418666
3.68145895494 -16.9607375245 -12.8277962749
3.6291878316 -16.8972122383 -12.9707980449
3.66816566607 -16.7835708818 -12.9944463954
3.62949359911 -16.7483816885 -12.9253652122
3.60133564611 -16.9188642782 -12.7087089046
3.6339807229 -16.9562713068 -12.8344537896
3.60087153369 -16.835281401 -12.9934941957
3.63634818203 -16.8547395191 -12.9947843706
3.61148601528 -16.947101112 -12.7843468687
3.68416726785 -16.8485945296 -12.9901275557
3.71262802941 -16.8057940405 -12.9765190306
3.60205710763 -16.934593964 -12.8125967084
3.7094514351 -16.7947894874 -12.964454452
3.76504793274 -16.7833839624 -12.9901658359
3.60155605919 -16.9010006629 -12.759939368
3.60024484975 -16.8073543379 -12.9833783396
3.64526144157 -16.8226944477 -12.9832576144
3.60303490817 -16.9283507648 -12.7296184519
3.61510207787 -16.9456815352 -12.871878666
3.60141529373 -16.7264018284 -12.9319843469
3.76502646822 -16.901480106 -12.9198595365
3.61400024166 -16.7842667951 -12.961455858
3.62279964699 -16.6769733956 -12.94462519
3.64038249791 -16.7762330429 -12.947369798
3.6768178892 -16.8516831529 -12.9523879894
3.70194299364 -16.821648366 -12.9885676336
3.7024325981 -16.8119434044 -12.9806605309
3.61466839314 -16.8280953821 -12.9945655553
3.61491731858 -16.896927033 -12.9105008334
3.60010245486 -16.7271493687 -12.942528387
3.60776832411 -16.7530713405 -12.9425510403
3.66413477978 -16.8160523987 -12.9796128657
3.60470417798 -16.6830443813 -12.9270478506
3.62562852397 -16.9518487893 -12.8525759046
3.62138511871 -16.8720041436 -12.8206418319
3.72911279641 -16.9564986242 -12.8292747722
3.60200516166 -16.7337098731 -12.953523983
3.62551903306 -16.8577303944 -12.9947915818
3.62607862184 -16.9521818047 -12.8510533167
3.61971629819 -16.6718757761 -12.9390578796
3.60335097524 -16.9377175574 -12.8162184715
3.81455476767 -16.9037788602 -12.8972775582
3.6023942842 -16.7050156299 -12.9365979652
3.65206982255 -16.8517673134 -12.9947830555
3.61228048354 -16.786797099 -12.9864858004
3.64274695054 -16.8601216003 -12.8730795939
3.62012716614 -16.8785520555 -12.9875733978
3.61797522821 -16.7653566837 -12.9453780373
3.77444885022 -16.9211997655 -12.8882550112
3.6170990563 -16.8187852835 -12.9821563765
3.73499918361 -16.8130944845 -12.9884609155
3.62138652249 -16.888599625 -12.9672354191
3.60087272217 -16.7091542795 -12.9207424039
3.66177186284 -16.9096888075 -12.9480250441
3.62403177652 -16.8593614273 -12.9947693751
3.60094883308 -16.9114774225 -12.800660611
3.62998342271 -16.8237787659 -12.9947911101
3.62137469306 -16.8894643333 -12.9633690359
3.70007179864 -16.8781491746 -12.9640963276
3.65863689178 -16.9256233957 -12.9274755047
3.61293229545 -16.935153679 -12.9155629083
3.70489569723 -16.9392636119 -12.8844908557
3.62534834166 -16.8763893997 -12.8604815357
3.67517617209 -16.9732604102 -12.7118157262
3.62009802914 -16.7473432194 -12.9763599841
3.61126644409 -16.9001667374 -12.9485273406
3.67320406324 -16.9693971691 -12.7706826546
3.63756110338 -16.8383575631 -12.9910267141
3.61144829909 -16.945080204 -12.7510057307
3.60001159992 -16.9264309748 -12.8948712049
3.68349508852 -16.9524752062 -12.8581844886
3.69100152367 -16.8992677298 -12.9490455207
3.72474545301 -16.8299601967 -12.9822858876
3.69831836805 -16.8380566317 -12.9945849536
3.74843142933 -16.8172543132 -12.9799206557
3.62065680799 -16.9378704287 -12.9102175165
3.68668038563 -16.7909788788 -12.9946597769
3.63894086163 -16.9614737352 -12.6996225438
3.78779763175 -16.8788137029 -12.9358714506
3.62401939926 -16.833004767 -12.9947104613
3.63292516113 -16.8204964243 -12.9819099086
3.80781795073 -16.8403428821 -12.959590926
3.66081281251 -16.8424829228 -12.8731953996
3.66690389627 -16.8596345254 -12.9629827452
3.77857137939 -16.9128641109 -12.8993440401
3.60227233353 -16.7350125024 -12.9548306743
3.60211206919 -16.7650686742 -12.9706549543
3.68938446999 -16.8419865321 -12.9943891214
3.65845795839 -16.8434778046 -12.8693224044
3.60001130416 -16.7877263133 -12.9763819977
3.69752277471 -16.8373180281 -12.9491519234
3.61508466566 -16.8611578304 -12.9947584244
3.7048575657 -16.7721011558 -12.9381299864
3.76683914306 -16.8411536834 -12.9694262256
3.61156904727 -16.9419634957 -12.8857466219
3.77043788948 -16.810399748 -12.9922983107
3.67319883281 -16.899352811 -12.9549359009
3.61888891969 -16.886814291 -12.871571402
3.63020973389 -16.8105626101 -12.9943184128
3.60093073807 -16.7604834445 -12.9568608926
3.67260680056 -16.9680748579 -12.782391403
3.60243915147 -16.8442682465 -12.9934183536
3.63151407768 -16.8823288577 -12.9642484262
3.61888002062 -16.7915435332 -12.9648385214
3.6926621695 -16.8203826606 -12.9861130294
3.6038900726 -16.9019077001 -12.8079818442
3.70646224336 -16.7262427859 -12.991238132
3.61479755202 -16.826586495 -12.9862553525
3.63509608372 -16.8776643116 -12.9199814895
3.62197269339 -16.8692153366 -12.9929739953
3.72829861318 -16.7885357938 -12.9599467648
3.61753750946 -16.8211567678 -12.9942743154
3.68007488321 -16.9432976256 -12.8847391623
3.60598644963 -16.7204804701 -12.9187173018
3.6332678808 -16.9549324429 -12.8431508341
3.69832557913 -16.7725632 -12.9385772843
3.73469046068 -16.8203410798 -12.9938692576
3.6032095959 -16.8449671994 -12.9947490299
3.69651327309 -16.8435101654 -12.9735738662
3.6000279013 -16.7590582041 -12.9598721615
3.62528976458 -16.8693188012 -12.9877709877
3.67971692076 -16.9389026542 -12.8949700648
3.65275137192 -16.7357168439 -12.983923487
3.60300777492 -16.8484797361 -12.9940306693
3.6053285343 -16.7698635992 -12.9568739139
3.67289157807 -16.8536146913 -12.9489307056
3.74873578349 -16.8192443892 -12.9874647011
3.71238842848 -16.851141538 -12.9769293752
3.61840428708 -16.8932269493 -12.9134472355
3.60003463386 -16.7813899272 -12.9735946016
3.63291022443 -16.765567579 -12.93975097
3.65633809718 -16.8651562868 -12.9799870137
3.67066669379 -16.7197726064 -12.9838953983
3.66130659938 -16.8400428072 -12.9903629683
3.64101166213 -16.8754406477 -12.9705807782
3.70510454506 -16.8347001832 -12.9947515154
3.63169468581 -16.8738003982 -12.9872374394
3.6426335006 -16.797698376 -12.965303811
3.60240233399 -16.9153773566 -12.893153825
3.63454467431 -16.8697492938 -12.8772285401
3.60210987181 -16.9309936312 -12.7708350512
3.67618580425 -16.8327466291 -12.9916287809
3.60221203816 -16.9320327505 -12.9051568085
3.61103615503 -16.8317135211 -12.9887955273
3.73519979303 -16.8917036548 -12.9414184527
3.60002161885 -16.9247843814 -12.8544391668
3.61758295103 -16.8802949947 -12.8315782316
3.60256508898 -16.7138471188 -12.9194154942
3.77146243939 -16.8077082272 -12.9829121499
3.62491167949 -16.7414445495 -12.9211758483
3.60164781208 -16.7004281591 -12.9315450657
3.77259056053 -16.790298006 -12.9723887324
3.64041706898 -16.7291858883 -12.9017519938
3.60451717597 -16.8237561712 -12.9927368923
3.6276383285 -16.6851863375 -12.9526274086
3.61262488755 -16.7267880898 -12.9165895082
3.64813368704 -16.8699593197 -12.9781480213
3.60117546179 -16.7618620081 -12.967384504
3.73562138878 -16.7931037459 -12.99136676
3.65398188446 -16.9675925259 -12.6957214628
3.75518356288 -16.8116784768 -12.9744051809
3.74102417849 -16.9069280623 -12.9223395725
3.79465649049 -16.7994343393 -12.9915675861
3.65797875545 -16.8540657975 -12.9035320915
3.66964687283 -16.7496834857 -12.9150140521
3.64597353241 -16.8710312179 -12.936889825
3.68587564027 -16.7289654851 -12.98897716
3.65526374987 -16.8501737467 -12.9947915517
3.78257088799 -16.8055127459 -12.9945613535
3.6126615012 -16.8459889955 -12.9931137173
3.65633505984 -16.8476414835 -12.876170981
3.61596132388 -16.7915044128 -12.9889874047
3.62130846328 -16.8812670292 -12.859421513
3.60707714886 -16.8640221799 -12.9946173241
3.61233790791 -16.8959898256 -12.8724411231
3.62658968412 -16.9213856391 -12.944337949
3.64815943642 -16.9645967395 -12.6773195525
3.6246295867 -16.8616729867 -12.9945918124
3.60008812306 -16.7052744273 -12.9272846405
3.7565303654 -16.814494357 -12.983985277
3.69063343475 -16.9138789809 -12.9325718401
3.62101009815 -16.7917063916 -12.9643537021
3.74506917084 -16.8103892376 -12.957077317
3.72285738118 -16.8328665597 -12.9825587759
3.60271998069 -16.8222458449 -12.9918753344
3.6006402275 -16.6779723224 -12.9115398478
3.6010748914 -16.8020109223 -12.9797222666
3.6832521278 -16.7665630976 -12.9940248882
3.74238015858 -16.8022063292 -12.9342782108
3.71476458577 -16.9410819477 -12.8764758295
3.64048858858 -16.8911955822 -12.9720369077
3.78074286127 -16.9418514376 -12.8453932249
3.61813650817 -16.8897429335 -12.883076811
3.77691152869 -16.8076467207 -12.9947309164
3.60060180638 -16.9177112531 -12.9302682078
3.70675124982 -16.9472475105 -12.8649181572
3.65072919624 -16.8697725127 -12.9598183627
3.61762738482 -16.7067649256 -12.9563663467
3.62437717225 -16.8798703211 -12.8710529322
3.74031351778 -16.8161094403 -12.9643609415
3.60537550004 -16.7204058318 -12.9195532977