0.999999999994 0.999999999997
0.999999633157 0.99999859212
0.999999997788 0.999991979528
0.999999999997 0.999998310972
0.999999999208 0.999841866923
0.999999976377 0.997037204927
0.999999953058 1.0
0.984477545532 0.999958862751
0.972018672242 0.988318766137
0.999999553883 0.999988864484
0.999980317024 0.999999999836
0.999901029043 0.999998530141
0.971743751575 0.99992193965
0.999424631582 0.99999882402
0.979842480226 0.99999972168
0.999959315398 0.999999999716
0.999086237978 0.918132164395
0.91953113096 0.99257983087
0.999988259293 0.972398300088
0.995398075458 0.999974638088
0.984644672809 0.999942281787
0.999999999642 0.999892447379
0.999711098767 0.99985928008
0.999927623945 0.999999999694
0.999878700065 0.999999997423
0.999904940733 0.999950889787
0.999999996234 0.999996943975
0.999962819856 0.999999999781
0.999999940586 1.0
0.953082887383 0.999990321697
0.882664609852 0.999987739628
0.997392805179 0.99999490627
0.988981946412 0.99999995301
0.999999960879 0.999999999422
0.995893508316 0.99981102646
0.999999990747 0.999435086131
0.999999999993 0.999999999997
0.999999617236 0.999998624458
0.999999997692 0.999992163753
0.999999999996 0.999998349768
0.999999999174 0.999845499126
0.999999975352 0.997105258197
0.99999995102 1.0
0.98380387725 0.999959807644
0.97080429387 0.988587075667
0.999999534522 0.999989120259
0.99997946279 0.99999999984
0.999896733743 0.999998563903
0.970517441757 0.99992373264
0.999399660824 0.999998851031
0.978967651974 0.999999728073
0.999957549703 0.999999999722
0.999046581074 0.920012609627
0.916038814404 0.992750266811
0.999987749751 0.973032291259
0.995198353784 0.999975220633
0.983978257784 0.999943607533
0.999999999627 0.999894917785
0.99969856057 0.999862512315
0.999924482853 0.999999999701
0.999873435696 0.999999997483
0.999900815199 0.999952017813
0.999999996071 0.99999701417
0.999961206253 0.999999999786
0.999999938008 1.0
0.951046703562 0.999990544001
0.877572301105 0.99998802124
0.997279653973 0.999995023269
0.988503767317 0.999999954089
0.999999959181 0.999999999435
0.995715288228 0.999815367046
0.999999990345 0.999448061796
0.999997294216 0.99999998756
0.999815779351 0.939413906718
0.999999999758 0.99980459445
0.981742690048 0.997353192243
0.999998253788 0.997279791769
1.0 0.999999864323
0.999999968825 0.999999999992
0.999999490252 0.999999357674
0.99999999322 0.999926763096
0.999999992997 0.999973946146
0.999364737893 0.991318891146
0.999999653102 0.998645421035
0.999999998641 0.999931835996
0.999999999936 0.999951102856
0.999999749894 0.998924386121
0.999981747863 0.974791813819
0.997354762955 0.999977524685
0.998192600927 0.999999134989
0.999985051382 0.980816451828
0.999863920489 0.933018283981
0.999999999969 1.0
0.999998978199 0.991680633116
0.999979469567 0.917176422834
0.999820982762 0.999999316298
0.999090227694 0.999999878834
0.998708448639 0.836386581493
0.999999993767 0.999999999843
1.0 0.999999999996
0.999178606445 0.99998065285
0.999999635548 0.999998593092
0.999999997802 0.999991985069
0.999999999997 0.999998312139
0.999999999213 0.999841976166
0.999999976531 0.997039251719
0.999999953364 1.0
0.984578746031 0.999958891169
0.972201099858 0.988326835897
0.999999556792 0.999988872177
0.999980445349 0.999999999836
0.999901674296 0.999998531156
0.971927971569 0.999921993576
0.999428382765 0.999998824832
0.979973899589 0.999999721872
0.999959580647 0.999999999716
0.999092195359 0.918188721246
0.920055757383 0.992584956954
0.999988335838 0.972417368202
0.995428078256 0.999974655609
0.984744783703 0.999942321661
0.999999999645 0.99989252168
0.999712982294 0.999859377293
0.999928095809 0.999999999694
0.999879490894 0.999999997425
0.999905560484 0.999950923713
0.999999996259 0.999996946086
0.999963062257 0.999999999781
0.999999940973 1.0
0.953388769114 0.999990328383
0.883429591972 0.999987748098
0.997409803098 0.999994909789
0.989053779931 0.999999953042
0.999999961134 0.999999999423
0.99592028108 0.999811157008
0.999999990807 0.999435476392
0.999997423669 0.999999987276
0.999824592993 0.938032410572
0.99999999977 0.999800138774
0.982616171913 0.997292839206
0.999998337332 0.99721776504
1.0 0.99999986123
0.999999970317 0.999999999992
0.99999951464 0.999999343028
0.999999993544 0.999925093133
0.999999993332 0.999973352061
0.999395130647 0.991120942776
0.999999669699 0.998614533656
0.999999998706 0.999930281707
0.999999999939 0.999949987894
0.99999976186 0.99889985976
0.999982621098 0.974217011745
0.997481318652 0.999977012198
0.998279072062 0.999999115265
0.999985766566 0.980379024748
0.999870430922 0.931490953573
0.99999999997 1.0
0.999999027085 0.991490933258
0.999980451801 0.915287863159
0.999829547458 0.999999300708
0.9991337538 0.999999876071
0.998770240146 0.832655835791
0.999999994065 0.999999999839
0.999217904259 0.999980211692
0.999999999999 0.99999320381
0.999256810682 0.997883546549
0.910694577804 0.972272564598
0.999324544896 0.991625042774
0.999999657311 0.999996611554
0.999973495302 0.999999067886
0.846873431361 0.992256885852
0.99999257121 0.995113473713
0.999978977605 0.999999997865
0.996446096619 0.999992152154
0.999999879551 0.999963353702
0.999999887205 0.999999999993
0.99999986636 0.999998982669
0.987350340893 0.999996927811
0.99999999998 0.999985111524
0.999999999997 1.0
0.99999901494 0.999998460855
0.999999999981 0.999998664344
0.999999762101 0.999999999996
0.991570388958 0.999998069151
0.921358143124 0.999755607131
0.963654232096 0.942201774824
0.99999999998 1.0
0.999994192813 0.999999981078
0.999988544682 0.999999999537
0.999999998471 0.999873474356
0.999999636488 0.999998628835
0.999999997808 0.999992188688
0.999999999997 0.999998355019
0.999999999215 0.999845990753
0.999999976592 0.997114469359
0.999999953484 1.0
0.984618498245 0.999959935537
0.97227275861 0.988623391961
0.999999557934 0.999989154879
0.999980495756 0.99999999984
0.999901927755 0.999998568472
0.972000334379 0.999923975325
0.999429856254 0.999998854687
0.980025521968 0.999999728938
0.999959684838 0.999999999723
0.999094535457 0.920267132084
0.92026183405 0.992773335696
0.999988365905 0.973118103379
0.99543986355 0.999975299482
0.984784107912 0.999943786975
0.999999999646 0.99989525216
0.999713722155 0.999862949805
0.999928281161 0.999999999702
0.999879801537 0.999999997491
0.999905803925 0.999952170494
0.999999996269 0.999997023671
0.999963157473 0.999999999787
0.999999941126 1.0
0.953508921445 0.99999057409
0.883730081918 0.999988059356
0.997416479991 0.999995039105
0.989081996604 0.999999954235
0.999999961234 0.999999999437
0.995930797595 0.999815954554
0.999999990831 0.999449818081
0.99999743031 0.999999987599
0.999825045149 0.939606693623
0.99999999977 0.999805216237
0.982660983162 0.997361614471
0.999998341618 0.997288447559
1.0 0.999999864755
0.999999970393 0.999999999993
0.999999515891 0.999999359718
0.999999993561 0.999926996138
0.999999993349 0.99997402905
0.999396689852 0.991346514715
0.99999967055 0.998649731349
0.999999998709 0.999932052896
0.99999999994 0.999951258449
0.999999762474 0.998927808759
0.999982665896 0.974872027081
0.997487811195 0.999977596202
0.998283508193 0.999999137741
0.999985803257 0.980877494498
0.999870764919 0.933231421963
0.999999029593 0.991707105609
0.999980502192 0.91743997013
0.999829986843 0.999999318474
0.999135986771 0.999999879219
0.998773410165 0.836907204672
0.99999999408 0.999999999843
0.99921992031 0.999980714413
0.999999999999 0.999993376466
0.999258726441 0.997937314927
0.910924785298 0.972976978502
0.999326286054 0.991837808082
0.999999658194 0.999996697637
0.999973563625 0.999999091567
0.847268154131 0.992453599222
0.99999259036 0.995237615632
0.999979031796 0.999999997919
0.996455257711 0.999992351528
0.999999879861 0.999964284699
0.999999887496 0.999999999994
0.999999866705 0.999999008514
0.987382948614 0.99999700586
0.99999999998 0.999985489765
0.99999901748 0.999998499957
0.999999999981 0.999998698276
0.999999762714 0.999999999996
0.991592118429 0.999998118204
0.92156086256 0.999761815917
0.963747922579 0.943670135415
0.999994207783 0.999999981559
0.999988574211 0.999999999549
0.999999998475 0.999876688733
0.879667705027 0.986569303127
0.999999995424 1.0
0.999997988243 0.999936357613
0.961640482961 0.998463077523
0.923310757182 0.999484896682
0.935425490057 0.999961015654
0.999677135274 0.985029690099
0.999999983868 0.999982699331
0.999998313391 0.999998362232
0.990948243469 0.986967757514
0.994015741939 0.998673675696
0.993844866917 0.963580894237
0.999999998984 0.99999998773
0.999999757035 1.0
0.990534328525 0.999999900202
0.999999855539 0.999921069383
0.999920656603 0.999998316075
0.99167205792 0.999998606774
0.999999763095 1.0
0.999970726323 0.999999978469
0.92588602717 0.977519601235
0.995925223902 0.999998554718
0.997560999225 0.979908426048
0.999994338864 0.9177719402
0.909540187359 0.999986046097
0.884349073057 0.998123545862
0.999999999973 1.0
0.999998156392 1.0
0.999999975753 1.0
0.999999631752 0.999998621027
0.999999997779 0.999992144207
0.999999999996 0.999998345652
0.999999999205 0.999845113757
0.999999976287 0.997098037882
0.999999952878 1.0
0.984418091246 0.999959707392
0.971911497836 0.988558608565
0.999999552175 0.999989093122
0.999980241634 0.999999999839
0.999900649963 0.99999856032
0.971635524165 0.999923542407
0.999422427799 0.999998848165
0.97976527266 0.999999727394
0.999959159568 0.999999999721
0.999082738076 0.919813098166
0.919222918164 0.9927321839
0.999988214324 0.97296502607
0.995380449113 0.999975158826
0.984585858657 0.999943466874
0.999999999641 0.99989465568
0.999709992215 0.999862169381
0.999927346729 0.9999999997
0.99987823546 0.999999997476
0.999904576636 0.999951898131
0.99999999622 0.999997006722
0.999962677448 0.999999999786
0.999999940359 1.0
0.952903184913 0.999990520415
0.882215190479 0.999987991361
0.997382819072 0.999995010856
0.988939744935 0.999999953974
0.999999960729 0.999999999434
0.995877779584 0.999814906518
0.999999990712 0.999446685104
0.999997396829 0.999999987529
0.999822765646 0.939262787649
0.999999999767 0.999804107052
0.98243507152 0.997346590347
0.999998320011 0.997273006791
1.0 0.999999863985
0.999999970008 0.999999999992
0.999999509584 0.999999356072
0.999999993477 0.999926580422
0.999999993263 0.99997388116
0.999388829269 0.991297237974
0.999999666258 0.998642042327
0.999999998693 0.999931665975
0.999999999939 0.999950980893
0.999999759379 0.998921703232
0.999982440048 0.974728937382
0.997455079656 0.999977468625
0.998261143863 0.999999132831
0.999985618286 0.980768602565
0.999869081104 0.932851212397
0.99999901695 0.991659882232
0.999980248153 0.916969837111
0.999827771726 0.999999314593
0.999124729463 0.999999878532
0.998757428814 0.835978482767
0.999999994003 0.999999999842
0.999209756581 0.999980604592
0.999999999999 0.999993338749
0.99924906832 0.997925569094
0.909764216147 0.972823097566
0.999317508173 0.991791328981
0.999999653741 0.999996678832
0.999973219183 0.999999086394
0.845278196887 0.992410626706
0.999992493819 0.995210496527
0.999978758599 0.999999997908
0.996409072938 0.999992307975
0.999999878296 0.999964081321
0.99999988603 0.999999999994
0.999999864968 0.999999002868
0.987218559893 0.99999698881
0.99999999998 0.999985407138
0.999999004678 0.999998491415
0.999999999981 0.999998690864
0.999999759623 0.999999999996
0.991482571368 0.999998107489
0.920538871836 0.999760459593
0.963275590934 0.943349368461
0.999994132316 0.999999981454
0.999988425344 0.999999999546
0.999999998455 0.999875986544
0.878099884507 0.986492822849
0.999999995364 1.0
0.999997962032 0.999935995205
0.961140693292 0.998454325612
0.922311565996 0.999481963457
0.934584142838 0.99996079366
0.99967292864 0.984944442589
0.999999983658 0.999982600813
0.999998291416 0.999998352905
0.990830307302 0.986893546209
0.993937772491 0.998666123024
0.993764671123 0.963373507876
0.99999999897 0.99999998766
0.99999975387 1.0
0.990410999422 0.999999899633
0.999999853657 0.999920619917
0.99991962283 0.999998306486
0.991563552398 0.99999859884
0.999999760009 1.0
0.999970344913 0.999999978346
0.924920389413 0.977391587985
0.995872133271 0.999998546488
0.997529221259 0.979794015814
0.999994265105 0.917303697565
0.908361578155 0.999985966637
0.882842246511 0.998112860509
0.999998132372 1.0
0.999999975437 1.0
0.999999989787 1.0
0.986123262549 0.969762106247
0.999999964884 0.999999667203
0.999939834108 0.997247675982
0.999999999995 0.999998646056
0.999656832019 0.999988083935
0.999961125299 0.999999999968
0.995534350737 0.967423448778
0.999724872169 0.999999744494
0.995427228685 0.999977968848
0.999999999797 0.999999995339
0.951565887024 0.986521861787
0.909118244737 0.999971639729
0.999933810992 0.999999999096
0.999906606435 0.999999997873
0.947497039822 0.982487572682
0.999985117368 0.999830843709
0.999999800996 0.999959669511
0.991116961482 0.987149754049
0.999999995637 0.999997931184
0.999951682955 0.999999999872
0.842489126156 0.997602651805
0.991034540083 0.999981824402
0.999998906813 0.998947983485
0.998856068603 0.999999985868
0.999983578022 0.999999999991
0.999999999805 0.999986298308
0.99999961965 0.999998502152
0.999999997706 0.999991466998
0.999999999996 0.999998203039
0.999999999179 0.99983176178
0.999999975508 0.996847874082
0.999999951329 1.0
0.983906013903 0.999956233966
0.970988409028 0.987572302804
0.999999537458 0.999988152894
0.999979592303 0.999999999825
0.999897384965 0.999998436213
0.970703365873 0.999916951376
0.999403446707 0.999998748871
0.979100287029 0.999999703894
0.999957817405 0.999999999697
0.999052593563 0.912900582
0.916568293872 0.992105661424
0.999987827004 0.970634474695
0.995228634122 0.999973017391
0.984079294751 0.999938593433
0.999999999629 0.999885574467
0.99970046152 0.999850287685
0.999924959083 0.999999999675
0.999874233841 0.999999997259
0.999901440683 0.999947751507
0.999999996096 0.999996748686
0.999961450896 0.999999999767
0.999999938399 1.0
0.951355414846 0.999989703227
0.878344359675 0.999986956156
0.99729680913 0.999994580766
0.988576265331 0.999999950007
0.999999959438 0.999999999385
0.995742308653 0.999798950525
0.999999990406 0.999398986564
0.99999731128 0.999999986454
0.999816941091 0.934026933007
0.99999999976 0.99978722009
0.981857825044 0.997117853025
0.9999982648 0.997037926195
1.0 0.99999985226
0.999999969022 0.999999999992
0.999999493467 0.999999300562
0.999999993262 0.999920251283
0.999999993041 0.999971629584
0.999368744009 0.990547015908
0.99999965529 0.998524979514
0.99999999865 0.999925775237
0.999999999937 0.999946755198
0.999999751472 0.998828748602
0.999981862966 0.972550444076
0.997371444457 0.999975526307
0.998203998821 0.999999058077
0.999985145651 0.979110758919
0.99986477864 0.927062647566
0.999998984643 0.990940921933
0.999979599037 0.909812217474
0.999822111688 0.999999255507
0.999095964938 0.99999986806
0.998716593473 0.821838999092
0.999999993806 0.999999999829
0.999183786351 0.99997893261
0.999999999999 0.999992764516
0.999224390015 0.997746742666
0.90679874502 0.970480311237
0.999295079046 0.991083700056
0.999999642362 0.99999639253
0.999972339069 0.999999007636
0.840193484147 0.991756384375
0.999992247139 0.994797617124
0.999978060531 0.999999997727
0.996291062211 0.999991644883
0.999999874296 0.999960984949
0.999999882285 0.999999999993
0.99999986053 0.99999891691
0.986798515982 0.99999672923
0.999999999979 0.999984149159
0.999998971968 0.999998361368
0.99999999998 0.999998578009
0.999999751723 0.999999999996
0.99120265815 0.999997944345
0.917927494496 0.999739809999
0.962068695287 0.938465797736
0.999999999979 1.0
0.999993939482 0.999999979855
0.999988044959 0.999999999507
0.999999998404 0.999865295958
0.874093810006 0.985328435919
0.999999995212 1.0
0.999997895057 0.999930477668
0.95986363726 0.998321080669
0.919758445736 0.999437306089
0.93243434342 0.999957413875
0.999662179904 0.983646577456
0.999999983121 0.999981100915
0.999998235266 0.999998210918
0.99052895835 0.985763703659
0.993738545977 0.998551136087
0.993559755878 0.960216119161
0.999999998936 0.999999986596
0.999999745781 1.0
0.990095870511 0.999999890981
0.999999848847 0.999913776953
0.999916981348 0.999998160497
0.991286300507 0.999998478053
0.999999752122 1.0
0.999969370341 0.99999997648
0.922453004437 0.975442628617
0.995736476782 0.999998421188
0.997448022618 0.978052157865
0.999994076636 0.910174858386
0.905350011319 0.99998475689
0.878992023014 0.997950179548
0.999999999972 1.0
0.999998070995 1.0
0.99999997463 1.0
0.999999989452 1.0
0.985667223243 0.967155446997
0.99999996373 0.999999638515
0.999937856841 0.997010411743
0.999999999995 0.99999852934
0.99964555429 0.99998705671
0.999959847737 0.999999999965
0.995387593504 0.964615185435
0.999715830483 0.999999722468
0.995276951038 0.999976069651
0.99999999979 0.999999994938
0.949974168556 0.985359978161
0.906131544676 0.99996919493
0.999931635785 0.999999999018
0.999903537188 0.99999999769
0.94577160446 0.980977912948
0.999984628271 0.999816261581
0.999999794456 0.999956192819
0.990825033013 0.986041997908
0.999999995494 0.999997752842
0.999950095084 0.999999999861
0.83731275456 0.997395988276
0.990739902952 0.999980257573
0.999998870887 0.998857294345
0.998818474919 0.99999998465
0.999983038337 0.99999999999
0.999999999798 0.999985117153
0.999584565344 0.999992887555
0.99999998078 1.0
0.998885108753 0.969848116185
0.998374099686 0.999999987361
0.991983214873 0.999999830063
0.855567638154 0.997889493866
0.998608947791 0.999999985861
0.969479007433 0.999999188773
0.99848707363 0.999905844994
0.999999823551 0.99999998923
0.999999145765 0.999998643279
0.968053962717 0.999726851876
0.998360710432 0.999997320756
0.999997859922 1.0
0.923063827181 0.999898992137
0.979068086355 0.996266857951
0.98566858972 0.936968359762
0.997814416175 0.999987185556
0.992041332149 0.999726819382
0.98415084122 0.999999260991
0.832520892051 0.996566122244
0.959304070077 0.997507481412
0.999999990191 0.999999997821
0.999999949311 0.99999999784
0.996129916101 0.965192325347
0.981082566952 0.997544286576
0.999999999423 0.999999856182
0.985430900668 0.999455038707
0.999234929792 0.999999957672
0.999999624781 0.999998545548
0.999999997737 0.999991714214
0.999999999996 0.9999982551
0.99999999919 0.999836635942
0.999999975838 0.996939196815
0.999999951986 1.0
0.984123125575 0.999957501946
0.97137978224 0.987932355448
0.999999543697 0.999988496126
0.999979867608 0.999999999831
0.999898769266 0.999998481519
0.971098584384 0.999919357444
0.999411494352 0.999998785119
0.979382229091 0.999999712473
0.999958386458 0.999999999706
0.9990653743 0.915424008124
0.917693807285 0.992334374551
0.999987991221 0.971485246553
0.995293000974 0.999973799126
0.984294068824 0.999940372491
0.999999999634 0.99988888958
0.999704502365 0.999854625119
0.999925971402 0.999999999684
0.999875930456 0.999999997338
0.999902770271 0.99994926524
0.999999996148 0.999996842883
0.999961970932 0.999999999774
0.99999993923 1.0
0.952011641784 0.999990001543
0.879985522985 0.999987334059
0.997333275813 0.999994737771
0.988730374208 0.999999951455
0.999999959985 0.999999999403
0.995799745914 0.999804775288
0.999999990536 0.999416399
0.999997347551 0.999999986846
0.999819410598 0.935938290907
0.999999999763 0.999793384705
0.982102567267 0.997201353985
0.999998288209 0.997123742778
1.0 0.99999985654
0.99999996944 0.999999999992
0.9999995003 0.999999320826
0.999999993353 0.999922561746
0.999999993135 0.999972451526
0.999377259802 0.990820885786
0.99999965994 0.998567713499
0.999999998668 0.999927925661
0.999999999938 0.999948297795
0.999999754824 0.998862681852
0.999982107638 0.97334570687
0.997406904292 0.999976235353
0.998228227301 0.999999085366
0.99998534604 0.979715957643
0.999866602808 0.929175773288
0.999998998341 0.991203379648
0.999979874251 0.912425119049
0.999824511443 0.999999277077
0.999108160584 0.999999871883
0.99873390693 0.827000642353
0.99999999389 0.999999999834
0.999194797266 0.99997954297
0.999999999999 0.999992974141
0.999234853177 0.997812023567
0.908056051954 0.971335549486
0.999304588596 0.991342021234
0.999999647186 0.999996497045
0.999972712222 0.999999036387
0.842349311775 0.991995216683
0.999992351727 0.994948339472
0.999978356499 0.999999997793
0.996341096657 0.999991886946
0.999999875992 0.999962115285
0.999999883873 0.999999999993
0.999999862412 0.999998948289
0.986976607118 0.99999682399
0.99999999998 0.999984608386
0.999998985837 0.999998408842
0.99999999998 0.999998619207
0.999999755072 0.999999999996
0.991321336368 0.999998003901
0.919034671971 0.99974734817
0.962580397543 0.940248553776
0.99999402124 0.999999980439
0.999988206235 0.999999999521
0.999999998426 0.999869198575
0.875792314234 0.985753497406
0.999999995277 1.0
0.999997923453 0.999932491855
0.960405086269 0.998369721969
0.920840923247 0.99945360834
0.933345820078 0.999958647671
0.999666737176 0.984120365394
0.999999983349 0.999981648456
0.999998259073 0.999998262751
0.990656724938 0.986176154659
0.99382301447 0.99859311227
0.993646636292 0.961368729437
0.999999998951 0.999999986984
0.999999749211 1.0
0.990229479556 0.99999989414
0.999999850886 0.999916274989
0.99991810129 0.99999821379
0.99140385037 0.999998522147
0.999999755466 1.0
0.999969783542 0.999999977161
0.923499131716 0.976154099645
0.995793992717 0.999998466929
0.997482449396 0.978688026158
0.999994156543 0.912777253604
0.906626862012 0.999985198511
0.880624449192 0.998009566517
0.999998097018 1.0
0.999999974972 1.0
0.999999989594 1.0
0.985860575785 0.968107012518
0.999999964219 0.999999648988
0.999938695167 0.997097025469
0.999999999995 0.999998571947
0.999650335846 0.9999874317
0.9999603894 0.999999999966
0.995449815956 0.965640346883
0.999719663996 0.999999730508
0.995340666083 0.999976762956
0.999999999793 0.999999995084
0.950649028833 0.985784125812
0.9073978523 0.999970087408
0.999932558034 0.999999999047
0.999904838494 0.999999997757
0.946503158318 0.981529016876
0.999984835639 0.999821584812
0.999999797229 0.999957461992
0.990948805484 0.986446386226
0.999999995555 0.999997817946
0.999950768313 0.999999999865
0.83950744391 0.997471431159
0.990864823847 0.999980829547
0.999998886119 0.998890400574
0.998834413972 0.999999985095
0.999983267154 0.999999999991
0.999999999801 0.999985548336
0.999590169656 0.999993093615
0.999999981039 1.0
0.998900148899 0.970721670257
0.998396033465 0.999999987728
0.992091363197 0.999999834987
0.857516064814 0.997950639008
0.998627713414 0.999999986271
0.969890742829 0.999999212275
0.998507483364 0.999908572833
0.999999825931 0.999999989542
0.999999157289 0.999998682586
0.968484922302 0.999734765466
0.998382824835 0.999997398378
0.999997888792 1.0
0.924101714316 0.999901918516
0.979350462811 0.996375013762
0.985861923828 0.938794499262
0.997843900217 0.999987556814
0.992148696457 0.999734733914
0.984364650114 0.999999282402
0.834780224757 0.996665607832
0.95985306778 0.997579694139
0.999999990323 0.999999997884
0.999999949995 0.999999997902
0.996182124447 0.966200766018
0.98133776759 0.997615432992
0.999999999431 0.999999860348
0.985627441258 0.999470827212
0.999245250769 0.999999958899
0.999996953749 0.959209527908
0.999991069084 0.933040778438
1.0 0.999998810339
0.991644658745 0.906450112816
0.999993598754 1.0
0.992865497762 0.999806834211
0.999998870337 0.999999999988
0.999995781169 0.999999972941
0.983033395527 0.987265783657
0.999999999895 0.999999999852
0.999886258381 0.999871302676
0.999999999932 0.99999999711
0.991025466248 0.921426754605
0.999999445653 0.999123050072
0.998020831051 0.99209529942
0.986234959768 0.905416707652
0.999999999989 0.999999999999
0.999909098868 0.999999999232
0.998172157653 0.999999012198
0.986958279467 0.996628873432
0.988002348363 0.92716203366
0.999999999917 0.99998093946
0.999996224959 0.945674467225
0.999910835847 0.934740495233
0.999997976732 0.999999464584
0.995427341787 0.876323059935
0.99980719774 0.942530317786
0.973769587237 0.999726283657
1.0 1.0
0.999999999983 0.999999999975
0.999773981214 0.957601779023
0.999996650692 0.999993151883
0.999999636319 0.99999836071
0.999999997807 0.999990661226
0.999999999997 0.999998033352
0.999999999215 0.999815875025
0.999999976581 0.996550218463
0.999999953462 1.0
0.984611336416 0.999952101134
0.972259848442 0.986398753907
0.999999557729 0.99998703417
0.999980486675 0.999999999809
0.999901882092 0.999998288544
0.971987297367 0.999909109085
0.999429590788 0.999998630727
0.980016221589 0.999999675933
0.999959666066 0.999999999669
0.999094113861 0.904675773791
0.920224706913 0.991360198111
0.999988360488 0.967861484713
0.99543774029 0.999970469421
0.984777023193 0.999932794803
0.999999999646 0.999874769251
0.99971358886 0.999836150334
0.999928247768 0.999999999644
0.999879745571 0.999999997
0.999905760067 0.999942817676
0.999999996267 0.999996441664
0.999963140319 0.999999999745
0.999999941098 1.0
0.953487274588 0.999988730901
0.883675945117 0.999985724424
0.99741527707 0.999994069027
0.989076913038 0.999999945286
0.999999961216 0.999999999327
0.995928902921 0.999779965399
0.999999990827 0.999342232795
0.999997429114 0.999999985175
0.999824963688 0.92779708859
0.99999999977 0.999767127259
0.982652909888 0.99684569155
0.999998340846 0.99675821722
1.0 0.999999838309
0.99999997038 0.999999999991
0.999999515666 0.999999234514
0.999999993558 0.999912720603
0.999999993346 0.999968950562
0.999396408943 0.989654369517
0.999999670397 0.998385693157
0.999999998709 0.999918766184
0.99999999994 0.999941727285
0.999999762363 0.998718147195
0.999982657825 0.969958379307
0.997486641487 0.999973215253
0.998282708972 0.999998969131
0.999985796646 0.977138185446
0.999870704746 0.920175164862
0.999999029141 0.990085472134
0.999980493113 0.901295774643
0.999829907683 0.999999185205
0.999135584475 0.999999855601
0.998772839049 0.80501523498
0.999999994077 0.999999999812
1.0 0.999999999995
0.999219557095 0.999976943214
0.999999999999 0.999992081268
0.999258381295 0.997533967313
0.910883310708 0.967692763581
0.999325972364 0.990241732812
0.999999658035 0.999996051877
0.999973551315 0.999998913927
0.847197040178 0.99097793879
0.99999258691 0.994306355501
0.999979022033 0.999999997512
0.996453607233 0.999990855909
0.999999879805 0.999957300753
0.999999887444 0.999999999992
0.999999866643 0.999998814634
0.987377073949 0.999996420371
0.99999999998 0.999982652362
0.999999999997 0.999999999999
0.999999017022 0.999998206632
0.999999999981 0.999998443731
0.999999762604 0.999999999996
0.991588203609 0.999997750229
0.921524340268 0.999715240227
0.963731043136 0.932655115834
0.999994205086 0.999999977953
0.999988568891 0.99999999946
0.999999998474 0.999852575839
0.879611676731 0.983942998411
0.999999995422 1.0
0.999997987306 0.999923912666
0.961622622266 0.99816254012
0.923275049663 0.999384170838
0.935395423317 0.999953392462
0.999676984944 0.982102321856
0.999999983861 0.999979316273
0.999998312606 0.999998041974
0.990944028853 0.984419368533
0.99401295559 0.998414319699
0.993842001006 0.95645932265
0.999999998983 0.99999998533
0.999999756922 1.0
0.990529921184 0.999999880687
0.999999855471 0.999905634901
0.999920619659 0.999997986792
0.991668180321 0.999998334336
0.999999762985 1.0
0.999970712693 0.999999974259
0.925851518732 0.97312367317
0.995923326633 0.999998272101
0.997559863594 0.975979620571
0.999994336228 0.901692659778
0.909498068083 0.999983317482
0.884295224466 0.997756614763
0.999998155534 1.0
0.999999975742 1.0
0.999999989914 1.0
0.986295360366 0.964053932023
0.999999965319 0.99999960438
0.999940580279 0.996728104575
0.999999999995 0.999998390465
0.999661087952 0.999985834473
0.999961607419 0.999999999962
0.995589733242 0.961273793266
0.999728284275 0.99999969626
0.995483939707 0.999973809905
0.999999999799 0.99999999446
0.952166561724 0.98397751919
0.910245350567 0.999966286004
0.999934631861 0.999999998925
0.999907764692 0.999999997472
0.948148175932 0.979181655047
0.999985301941 0.999798911141
0.999999803464 0.999952056102
0.991227127978 0.984723942141
0.999999995691 0.999997540643
0.999952282178 0.999999999848
0.844442559204 0.997150091145
0.991145728761 0.999978393294
0.999998920371 0.998749388516
0.998870255518 0.9999999832
0.999983781686 0.999999999989
0.999999999807 0.999983711764
0.99960277186 0.999992215926
0.999999981622 1.0
0.99893396911 0.967000870276
0.998445355129 0.999999986168
0.992334552261 0.999999814016
0.861897418472 0.997690198526
0.998669910963 0.999999984526
0.970816596708 0.999999112168
0.998553377964 0.999896953926
0.999999831284 0.999999988213
0.999999183202 0.999998515164
0.969454004892 0.999701058466
0.998432552661 0.999997067754
0.999997953711 1.0
0.926435572032 0.999889453953
0.979985432116 0.995914336911
0.986296666957 0.931016274617
0.997910199871 0.999985975487
0.992390122534 0.999701022904
0.984845434122 0.999999191207
0.839860701133 0.996241860766
0.96108757824 0.99727211259
0.999999990621 0.999999997615
0.999999951532 0.999999997636
0.996299523387 0.961905432567
0.981911627654 0.997312393271
0.999999999448 0.999999842601
0.98606939468 0.999403577949
0.999268459163 0.999999953675
0.99999704742 0.95402572169
0.999991343708 0.924531349366
1.0 0.999998659153
0.991901583885 0.894561442202
0.999993795591 0.999999999999
0.993084882337 0.999782285977
0.999998905074 0.999999999987
0.999995910897 0.999999969502
0.983555115358 0.985647471671
0.999999999899 0.999999999833
0.999889755914 0.999854947337
0.999999999934 0.999999996743
0.991301431438 0.911441371815
0.999999462699 0.999011603985
0.998081690116 0.991090740416
0.986658232113 0.893396708034
0.99999999999 0.999999999999
0.99991189406 0.999999999135
0.998228363454 0.999998886665
0.98735930987 0.996200458021
0.988371273848 0.917905511647
0.99999999992 0.999978517175
0.999996341041 0.938770574719
0.999913577627 0.926447072547
0.999998038947 0.999999396541
0.995567950149 0.86060573042
0.999813126372 0.935226854973
0.974576167395 0.999691498757
0.999999999983 0.999999999972
0.999780931248 0.952213654045
0.999996753683 0.999992281599
0.999998848938 0.999999988526
0.999981055545 0.991124904808
0.982065966793 0.999999862113
0.999999373625 0.999996431503
0.980261642726 0.99999834752
0.997262614434 0.99983101338
0.999949312389 0.999999215545
0.999999960725 0.999804100965
0.940266361203 0.999737921139
0.999861103951 0.999999998344
0.975360318707 0.999998645931
0.999981880086 0.999999999862
0.985484557106 0.999999864137
0.999980127223 0.999764182358
0.993750223407 0.999994208944
0.999999473189 1.0
0.999999987805 0.997855903856
0.999999997309 1.0
0.990067869029 0.99999758064
0.998127749771 0.995585805165
0.806543593112 0.999742841856
1.0 0.999999932114
0.901733718184 0.999930351945
0.991575715496 0.999999701175
0.99993345459 0.999959836734
0.999999439723 0.999999972609
0.999997526888 0.999999999848
0.995140560105 0.999999906699
0.999989740809 0.999999999985
1.0 0.999999999991
0.999999628832 0.999998579336
0.999999997762 0.999991906699
0.999999999996 0.999998295635
0.999999999199 0.99984043101
0.999999976099 0.997010301529
0.999999952504 1.0
0.984294538245 0.999958489207
0.971688776807 0.988212695726
0.999999548624 0.999988763369
0.999980084964 0.999999999834
0.999899862191 0.999998516794
0.971410614869 0.99992123083
0.999417848079 0.999998813341
0.979604826251 0.999999719153
0.999958835733 0.999999999713
0.999075464868 0.917388770752
0.918582415703 0.99251245268
0.999988120872 0.972147665292
0.995343819495 0.999974407792
0.984463635927 0.999941757682
0.999999999638 0.999891470757
0.999707692668 0.999858002285
0.999926770643 0.999999999691
0.999877269957 0.9999999974
0.99990382 0.999950443846
0.99999999619 0.999996916225
0.999962381508 0.999999999779
0.999999939886 1.0
0.952529742034 0.999990233814
0.881281244133 0.999987628298
0.997362066764 0.999994860017
0.9888520453 0.999999952583
0.999999960417 0.999999999417
0.995845093427 0.999809310502
0.999999990638 0.999429956481
0.999997376188 0.999999987152
0.999821360309 0.937426491626
0.999999999766 0.999798184531
0.98229579464 0.997266368594
0.99999830669 0.997190560353
1.0 0.999999859873
0.99999996977 0.999999999992
0.999999505695 0.999999336604
0.999999993425 0.999924360694
0.999999993209 0.999973091497
0.999383983138 0.991034123375
0.999999663611 0.99860098657
0.999999998682 0.999929600001
0.999999999938 0.999949498876
0.999999757471 0.998889102591
0.999982300811 0.973964905745
0.997434900322 0.999976787424
0.998247356021 0.999999106614
0.99998550425 0.980187170898
0.999868043014 0.930821072276
0.999999009155 0.991407731623
0.999980091536 0.914459548081
0.999826406083 0.999999293871
0.999117789216 0.999999874859
0.998747576144 0.831019544941
0.999999993956 0.999999999837
0.999203490535 0.999980018202
0.999999999999 0.999993137356
0.999243113988 0.997862851872
0.90904871318 0.972001445799
0.999312096518 0.991543152462
0.999999650995 0.999996578422
0.999973006831 0.999999058772
0.844051367525 0.9921811737
0.999992434301 0.99506569327
0.999978590171 0.999999997844
0.996380599545 0.999992075418
0.999999877331 0.999962995375
0.999999885126 0.999999999993
0.999999863897 0.999998972721
0.987117212535 0.999996897771
0.99999999998 0.999984965945
0.999998996786 0.999998445806
0.999999999981 0.999998651284
0.999999757717 0.999999999996
0.991415034465 0.999998050272
0.919908803913 0.999753217458
0.962984393556 0.941636623912
0.999994085789 0.999999980893
0.999988333565 0.999999999532
0.999999998442 0.999872237189
0.877133306831 0.986084454162
0.999999995328 1.0
0.999997945872 0.999934060119
0.960832567756 0.998407594529
0.921695554225 0.999466301421
0.934065443516 0.999959608316
0.999670335206 0.98448926101
0.999999983528 0.999982074776
0.999998277868 0.999998303108
0.990757598427 0.986497292775
0.993889703515 0.998625795309
0.993715229581 0.962266162326
0.999999998962 0.999999987287
0.999999751918 1.0
0.990334965746 0.999999896599
0.999999852496 0.999918219983
0.999918985499 0.999998255285
0.991496657614 0.999998556478
0.999999758106 1.0
0.999970109771 0.999999977692
0.924325063681 0.976708057486
0.995839402343 0.999998502544
0.997509629813 0.979183119018
0.999994219631 0.914803502291
0.907634953307 0.99998554236
0.881913272254 0.998055805754
0.999998117563 1.0
0.999999975242 1.0
0.999999989706 1.0
0.986013230293 0.968847910124
0.999999964605 0.999999657142
0.999939357037 0.997164463707
0.999999999995 0.999998605122
0.999654110951 0.999987723671
0.999960817051 0.999999999967
0.995498941444 0.96643854695
0.999722690609 0.999999736769
0.995390969993 0.99997730277
0.999999999795 0.999999995199
0.951181840362 0.986114371047
0.908397619695 0.9999707823
0.999933286163 0.999999999069
0.999905865893 0.999999997809
0.947080730215 0.981958111428
0.99998499936 0.999825729529
0.999999799418 0.999958450181
0.991046525562 0.986761246664
0.999999995603 0.999997868637
0.999951299837 0.999999999868
0.841240181528 0.997530171677
0.990963450623 0.999981274891
0.999998898145 0.998916177386
0.998846998074 0.999999985441
0.999983447808 0.999999999991
0.999999999803 0.999985884059
0.999594594337 0.999993254056
0.999999981244 1.0
0.998912023303 0.971401827437
0.998413350488 0.999999988013
0.992176747796 0.99999983882
0.85905437463 0.997998247175
0.998642529133 0.99999998659
0.970215813622 0.999999230575
0.998523597131 0.999910696754
0.999999827811 0.999999989785
0.999999166387 0.999998713191
0.968825170859 0.99974092706
0.998400284462 0.999997458816
0.999997911586 1.0
0.924921140574 0.999904197021
0.979573402932 0.996459224864
0.986014563782 0.940216348155
0.997867178276 0.999987845878
0.992233462065 0.99974089624
0.984533455195 0.999999299072
0.836563999199 0.99674306822
0.960286509065 0.997635919628
0.999999990428 0.999999997933
0.999999950535 0.999999997951
0.996223343658 0.966985947136
0.981539252026 0.997670828241
0.999999999437 0.999999863592
0.985782612774 0.999483120286
0.999253399324 0.999999959854
0.999996986637 0.960157120639
0.999991165506 0.934596290507
1.0 0.999998837976
0.991734866132 0.908623345646
0.999993667864 1.0
0.992942524515 0.999811321594
0.999998882533 0.999999999989
0.999995826717 0.999999973569
0.98321657333 0.987561608888
0.999999999897 0.999999999855
0.999887486378 0.999874292409
0.999999999933 0.999999997177
0.991122358669 0.923252069008
0.999999451638 0.999143422265
0.998042198899 0.992278931441
0.986383572287 0.907613947246
0.999999999989 1.0
0.999910080271 0.99999999925
0.998191891722 0.999999035146
0.987099082756 0.996707187187
0.988131879494 0.928854113303
0.999999999918 0.99998138225
0.999996265716 0.946936489392
0.999911798496 0.936256521628
0.999997998576 0.999999477022
0.995476709914 0.879196166409
0.999809279305 0.943865380861
0.974052780576 0.999732642289
0.999999999983 0.999999999976
0.999776421397 0.958586720946
0.999996686852 0.99999331097
0.999998825242 0.999999990056
0.999980665546 0.992308539469
0.981696768462 0.999999880502
0.99999936073 0.999996907419
0.979855299742 0.999998567904
0.997206261345 0.999853550425
0.999948268911 0.999999320165
0.999999959916 0.999830227208
0.93903665679 0.99977287351
0.999858244573 0.999999998565
0.974853074792 0.999998826518
0.999981507062 0.99999999988
0.985185735462 0.999999882256
0.999979718113 0.999795632379
0.993621562606 0.999994981273
0.999999462344 1.0
0.999999987554 0.998141853072
0.999999997253 1.0
0.989863401571 0.9999979033
0.998089206759 0.996174508035
0.802561009729 0.999777137972
1.0 0.999999941168
0.899710762898 0.999939640617
0.991402289265 0.999999741028
0.999932084655 0.999965193142
0.999999428189 0.999999976262
0.999997475976 0.999999999868
0.99504052142 0.999999919143
0.999989529609 0.999999999987
1.0 0.999999999992
0.999999999995 1.0
0.999997728573 0.99975201734
0.90598147283 0.999099037578
0.999246765695 0.999999996942
0.999999986905 0.999999989349
0.993593339256 0.999998899588
0.9893405583 0.999818531431
0.929587898694 0.979547847018
0.999993961319 0.973689536656
0.999632018782 0.98933621176
1.0 0.999999999481
0.976009621584 0.999999227775
0.91266494087 0.999803678374
0.999892987197 0.999999984067
0.970396226262 0.999628465004
0.99999999976 0.999999975256
0.999999999931 0.999999989231
0.999999993486 1.0
0.999924405078 0.999995208847
0.999821172133 0.988506033352
0.999999844862 0.998926747134
0.999940733292 0.999972815221
0.999999997006 0.999996928968
0.999901846591 0.999999999959
0.999999999984 0.999999997532
0.999586178826 0.999999999388
0.942217723037 0.990858238138
0.999999991984 0.999981106699
0.999999635278 0.999998428765
0.999999997801 0.999991048921
0.999999999997 0.999998114996
0.999999999213 0.999823518902
0.999999976514 0.996693434807
0.999999953329 1.0
0.984567286097 0.999954089637
0.972180441774 0.986963404366
0.999999556463 0.999987572442
0.999980430818 0.999999999817
0.999901601227 0.999998359595
0.971907110516 0.999912882386
0.999427957981 0.999998687572
0.979959017674 0.999999689387
0.99995955061 0.999999999682
0.999091520746 0.908633122089
0.919996348742 0.991718876137
0.99998832717 0.969195702716
0.995424680742 0.999971695371
0.984733447156 0.999935584801
0.999999999644 0.999879968157
0.999712769003 0.999842952489
0.999928042375 0.999999999659
0.999879401341 0.999999997124
0.999905490303 0.999945191578
0.999999996256 0.999996589387
0.999963034807 0.999999999756
0.99999994093 1.0
0.953354131098 0.999989198733
0.883342965477 0.999986317069
0.997407878256 0.999994315249
0.989045645511 0.999999947557
0.999999961105 0.999999999355
0.995917249335 0.99978910005
0.999999990801 0.999369539746
0.999997421754 0.99999998579
0.999824462643 0.930794564467
0.99999999977 0.99977679488
0.98260325354 0.996976641443
0.999998336097 0.996892798575
1.0 0.999999845021
0.999999970295 0.999999999991
0.999999514279 0.999999266293
0.999999993539 0.999916343973
0.999999993327 0.999970239568
0.999394681153 0.990083864356
0.999999669453 0.99845271048
0.999999998705 0.999922138574
0.999999999939 0.999944146455
0.999999761683 0.998771362818
0.999982608183 0.971205545544
0.997479446954 0.999974327211
0.998277793196 0.999999011927
0.999985755989 0.978087284814
0.999870334636 0.923489061948
0.999999026362 0.990497069915
0.999980437275 0.905393442295
0.99982942079 0.999999219031
0.99913311007 0.999999861596
0.998769326279 0.813109951913
0.999999994061 0.99999999982
0.999217323064 0.999977900408
0.999999999999 0.999992410011
0.999256258398 0.997636343704
0.910628212628 0.969033985977
0.999324042948 0.990646843492
0.999999657056 0.999996215782
0.999973475606 0.999998959015
0.846759639034 0.991352486163
0.99999256569 0.994542724946
0.999978961983 0.999999997616
0.996443455621 0.999991235522
0.999999879461 0.999959073396
0.999999887121 0.999999999993
0.999999866261 0.999998863844
0.987340940603 0.999996568978
0.99999999998 0.999983372543
0.999999014208 0.999998281083
0.999999999981 0.999998508339
0.999999761924 0.999999999996
0.991564124695 0.999997843627
0.92129970232 0.999727061919
0.963627222613 0.935450912593
0.999994188498 0.999999978868
0.99998853617 0.999999999483
0.99999999847 0.999858696096
0.879267063051 0.984609598607
0.999999995409 1.0
0.999997981545 0.999927071403
0.961512766352 0.998238821555
0.923055423152 0.999409736747
0.935210491587 0.999955327356
0.999676060308 0.982845337026
0.999999983814 0.99998017495
0.999998307775 0.999998123261
0.990918105977 0.985066192409
0.99399581757 0.998480148602
0.993824373627 0.958266896991
0.99999999898 0.999999985939
0.999999756227 1.0
0.990502812918 0.99999988564
0.999999855058 0.999909552431
0.999920392432 0.99999807037
0.991644330342 0.999998403485
0.999999762307 1.0
0.999970628857 0.999999975327
0.925639267408 0.97423943346
0.995911657084 0.999998343834
0.997552878661 0.976976817311
0.999994320016 0.905773850898
0.909239004721 0.99998401005
0.883964017524 0.997849748032
0.999998150254 1.0
0.999999975672 1.0
0.999999989885 1.0
0.986256130595 0.9655462191
0.99999996522 0.999999620804
0.999940410189 0.996863936045
0.999999999995 0.999998457284
0.99966011781 0.99998642255
0.999961497519 0.999999999963
0.995577108777 0.962881496726
0.999727506484 0.99999970887
0.995471012405 0.999974897177
0.999999999799 0.99999999469
0.952029637671 0.984642686269
0.909988426314 0.999967685627
0.999934444744 0.99999999897
0.999907500667 0.999999997577
0.947999749179 0.980045920567
0.999985259867 0.999807259267
0.999999802902 0.999954046474
0.991202015478 0.985358121762
0.999999995679 0.999997642742
0.999952145585 0.999999999854
0.843997273311 0.997268404006
0.991120383254 0.999979290288
0.99999891728 0.998801307167
0.998867021605 0.999999983898
0.99998373526 0.99999999999
0.999999999807 0.999984387964
0.999601634788 0.999992539079
0.999999981569 1.0
0.998930917577 0.968370816355
0.99844090493 0.999999986742
0.992312609783 0.999999821737
0.861502097419 0.997786089038
0.99866610356 0.999999985168
0.970733058706 0.999999149026
0.998549236983 0.999901231844
0.999999830801 0.999999988703
0.999999180864 0.999998576807
0.969366566447 0.999713468908
0.998428065815 0.999997189485
0.999997947854 1.0
0.926224992572 0.999894043229
0.979928140066 0.996083951631
0.986257440926 0.933880107234
0.997904217782 0.999986557709
0.992368339127 0.999713434823
0.984802053912 0.999999224784
0.839402299591 0.99639787846
0.960976190752 0.997385359779
0.999999990594 0.999999997714
0.999999951394 0.999999997734
0.996288930708 0.963486913766
0.981859849372 0.997423968222
0.999999999447 0.999999849135
0.986029518079 0.999428338179
0.999266365115 0.999999955599
0.999997038969 0.955934326032
0.99999131893 0.927664401141
1.0 0.999998714818
0.991878402027 0.898938683055
0.999993777831 0.999999999999
0.993065087692 0.999791324291
0.99999890194 0.999999999987
0.999995899192 0.999999970768
0.983508041589 0.986243311321
0.999999999898 0.99999999984
0.999889440338 0.999860969142
0.999999999934 0.999999996878
0.991276531634 0.915117848933
0.999999461161 0.999052636862
0.998076198921 0.991460604874
0.986620041069 0.897822302374
0.999911641856 0.99999999917
0.998223292113 0.999998932884
0.987323125673 0.996358194534
0.988337986416 0.921313632506
0.99999999992 0.999979409026
0.999996330567 0.941312490574
0.999913330242 0.929500593817
0.999998033334 0.999999421593
0.995555263329 0.866392629485
0.999812591443 0.937915886979
0.974503391229 0.999704306067
0.999999999983 0.999999999973
0.99978030416 0.954197485673
0.99999674439 0.999992602025
0.999998845643 0.999999989002
0.999981001316 0.991493350944
0.98201463031 0.999999867837
0.999999371832 0.999996579648
0.980205141334 0.999998416122
0.99725477862 0.999838028794
0.999949167295 0.999999248112
0.999999960613 0.999812233638
0.940095372618 0.999748801241
0.999860706359 0.999999998413
0.975289787189 0.999998702145
0.999981828218 0.999999999868
0.985443006397 0.999999869777
0.999980070337 0.999773972236
0.993732333313 0.999994449357
0.999999471681 1.0
0.999999987771 0.997944915176
0.999999997301 1.0
0.99003943813 0.999997681079
0.998122390422 0.995769058753
0.805989820766 0.999753517676
1.0 0.999999934933
0.901452429235 0.999933243357
0.991551600834 0.999999713581
0.999933264102 0.999961504097
0.999999438119 0.999999973746
0.999997519809 0.999999999854
0.995126649873 0.999999910573
0.999989711442 0.999999999985
0.999997768019 0.999725734605
0.907614239302 0.999003548012
0.999259846688 0.999999996618
0.999999987132 0.99999998822
0.993704600102 0.99999878296
0.989525674782 0.999799298271
0.930810705748 0.977380201438
0.999994066189 0.970900991136
0.999638409303 0.988205997574
1.0 0.999999999425
0.976426248888 0.99999914593
0.914181639341 0.999782870995
0.999894845628 0.999999982378
0.970910338221 0.999589087429
0.999999999764 0.999999972633
0.999999999932 0.999999988089
0.999999993599 1.0
0.999925717892 0.999994701051
0.999824277735 0.987287831727
0.999999847556 0.998812997162
0.999941762543 0.99996993401
0.999999997058 0.999996603481
0.999903551165 0.999999999955
0.999999999985 0.99999999727
0.999593365424 0.999999999323
0.94322119509 0.989889337715
0.999999992124 0.99997910427
0.999543956744 0.998927514141
1.0 0.999999999988
0.856468647128 0.99940491499
0.999999999922 0.999996423864
0.930292925706 0.996388936503
0.999991553758 1.0
0.993064195197 0.999989398274
0.999998435124 0.999880883284
0.998938053352 0.995488673924
0.971504426364 0.923326588635
0.893512141545 0.999829172663
0.986449531403 0.998840388624
0.999360819534 0.996682306673
0.999999890066 0.999999999946
0.977841974374 0.980098359781
0.852973796019 0.999786715576
0.999976930315 0.999946410222
0.983606544631 0.999993344988
0.999886213316 0.999999842038
0.999903825383 0.999628752719
0.997920446798 0.998671970091
0.999999849797 0.999994360584
0.999491984523 0.834088082732
0.99999999995 0.999999998822
0.999995644575 0.999895432524
0.968468193857 0.906402451875
0.999999938524 0.999999991039
0.999995899643 0.999999999233
0.999999627919 0.999998383284
0.999999997756 0.999990789822
0.999999999996 0.999998060433
0.999999999197 0.999818410449
0.99999997604 0.996597722398
0.999999952388 1.0
0.984255937838 0.999952760708
0.971619194343 0.986586044813
0.999999547514 0.999987212712
0.999980036018 0.999999999812
0.999899616075 0.999998312111
0.971340348747 0.999910360664
0.999416417284 0.999998649582
0.979554699613 0.999999680395
0.999958734561 0.999999999673
0.999073192574 0.905988400634
0.918382310039 0.991479169293
0.999988091676 0.968304036197
0.995332375676 0.99997087606
0.984425451123 0.999933720228
0.999999999637 0.999876493694
0.999706974243 0.999838406565
0.999926590662 0.999999999649
0.999876968315 0.999999997041
0.999903583611 0.999943605084
0.999999996181 0.999996490663
0.999962289051 0.999999999749
0.999999939738 1.0
0.952413071077 0.999988886078
0.880989460783 0.999985921001
0.997355583332 0.999994150698
0.988824646196 0.999999946039
0.99999996032 0.999999999337
0.995834881624 0.999782995304
0.999999990615 0.999351290334
0.999997369739 0.999999985379
0.999820921254 0.928791331957
0.999999999765 0.999770333946
0.982252281782 0.996889126783
0.999998302528 0.996802856985
1.0 0.999999840535
0.999999969696 0.999999999991
0.99999950448 0.999999245055
0.999999993409 0.999913922451
0.999999993193 0.999969378117
0.99938246911 0.989796830178
0.999999662784 0.99840792237
0.999999998679 0.999919884784
0.999999999938 0.999942529708
0.999999756875 0.998735798473
0.999982257311 0.970372056283
0.997428595898 0.999973584082
0.998243048426 0.999998983326
0.999985468622 0.977452995569
0.999867718694 0.921274363098
0.99999900672 0.990221996456
0.999980042605 0.902654944508
0.999825979429 0.999999196425
0.999115620945 0.99999985759
0.998744497975 0.807700200247
0.999999993941 0.999999999815
0.999201532898 0.999977260709
0.999999999999 0.99999219031
0.999241253736 0.9975679249
0.908825175872 0.968137638377
0.99931040581 0.990376105405
0.999999650138 0.999996106243
0.999972940488 0.999998928882
0.843668081716 0.991102173732
0.999992415706 0.994384757718
0.99997853755 0.999999997547
0.996371703893 0.999990981824
0.999999877029 0.999957888727
0.999999884844 0.999999999992
0.999999863563 0.999998830957
0.987085549611 0.999996469663
0.99999999998 0.999982891242
0.99999899432 0.999998231327
0.99999999998 0.999998465161
0.999999757121 0.999999999996
0.991393934597 0.999997781208
0.919711958205 0.999719161406
0.962893417724 0.933582463541
0.999994071253 0.999999978257
0.999988304892 0.999999999468
0.999999998439 0.999854605889
0.876831328807 0.984164105386
0.999999995316 1.0
0.999997940823 0.999924960399
0.960736303231 0.998187842179
0.921503099938 0.999392650884
0.933903391567 0.999954034254
0.999669524966 0.982348775184
0.999999983488 0.99997960109
0.999998273636 0.999998068937
0.990734882734 0.98463391583
0.993874685814 0.998436154721
0.993699783063 0.957058883371
0.99999999896 0.999999985532
0.999999751308 1.0
0.990311211319 0.999999882329
0.999999852134 0.99990693432
0.999918786384 0.999998014514
0.991475758358 0.999998357272
0.999999757511 1.0
0.999970036307 0.999999974613
0.924139072122 0.973493763644
0.995829176553 0.999998295894
0.997503509057 0.976310384282
0.999994205425 0.903046364484
0.907407941302 0.999983547202
0.881623042284 0.997787506466
0.999998112936 1.0
0.999999975181 1.0
0.999999989681 1.0
0.985978854036 0.964548913997
0.999999964518 0.999999609827
0.999939207991 0.996773158995
0.999999999995 0.999998412628
0.999653260836 0.999986029534
0.999960720748 0.999999999962
0.995487878879 0.961807058108
0.999722009046 0.999999700443
0.99537964206 0.999974170546
0.999999999795 0.999999994536
0.951061856573 0.984198150809
0.908172482149 0.99996675025
0.999933122195 0.99999999894
0.999905634533 0.999999997507
0.946950666842 0.979468326332
0.999984962491 0.999801680161
0.999999798925 0.999952716296
0.991024519985 0.984934295421
0.999999995592 0.999997574508
0.999951180143 0.99999999985
0.840849986471 0.997189334756
0.990941240867 0.999978690821
0.999998895437 0.998766609597
0.998844164261 0.999999983432
0.999983407126 0.99999999999
0.999999999803 0.999983936055
0.999593597944 0.999992323114
0.999999981198 1.0
0.998909349307 0.967455272533
0.998409450869 0.999999986358
0.992157520044 0.999999816577
0.858707962756 0.997722004789
0.998639192782 0.999999984739
0.970142610954 0.999999124394
0.998519968473 0.999898372884
0.999999827388 0.999999988376
0.999999164338 0.999998535611
0.968748550311 0.99970517493
0.99839635273 0.999997108132
0.999997906453 1.0
0.924736614035 0.999890976186
0.979523199063 0.995970597017
0.985980190802 0.931966189378
0.997861936291 0.999986168606
0.992214373704 0.999705139857
0.984495441991 0.999999202344
0.836162311164 0.996293610826
0.960188902454 0.997309675951
0.999999990404 0.999999997648
0.999999950413 0.999999997668
0.996214061507 0.962429999655
0.98149387976 0.997349401961
0.999999999435 0.999999844768
0.985747669711 0.999411790757
0.999251564352 0.999999954313
0.999996979231 0.954658793409
0.999991143793 0.925570562382
1.0 0.999998677617
0.991714552337 0.89601334469
0.999993652301 0.999999999999
0.992925178866 0.999785283928
0.999998879787 0.999999999987
0.99999581646 0.999999969922
0.983175323534 0.985845107831
0.999999999896 0.999999999835
0.999887209845 0.999856944731
0.999999999933 0.999999996788
0.991100539471 0.912660835503
0.99999945029 0.999025214325
0.998037387075 0.991213422065
0.986350106244 0.89486464906
0.999909859269 0.999999999146
0.998187447808 0.999998901996
0.987067375273 0.996252778203
0.988102710388 0.919035963299
0.999999999918 0.999978812996
0.999996256538 0.939613711772
0.999911581717 0.927459905809
0.999997993657 0.999999404851
0.995465592709 0.862525207422
0.999808810557 0.936118789503
0.973989008289 0.999695746859
0.999775871893 0.952871678168
0.999996678709 0.999992387882
0.999998822354 0.999999988684
0.999980618026 0.991247116009
0.981651783336 0.999999864011
0.999999359159 0.999996480642
0.97980578871 0.999998370275
0.997199394979 0.999833340348
0.999948141768 0.999999226347
0.999999959818 0.99980679852
0.938886822938 0.999741529998
0.999857896171 0.999999998367
0.974791269444 0.999998664577
0.99998146161 0.999999999864
0.985149325413 0.999999866008
0.999979668264 0.999767429597
0.993605885876 0.999994288687
0.999999461023 1.0
0.999999987524 0.997885428335
0.999999997246 1.0
0.989838488147 0.999997613955
0.998084510469 0.995646589195
0.80207575018 0.999746382956
1.0 0.999999933049
0.899464275059 0.999931311007
0.991381158073 0.99999970529
0.999931917735 0.999960389788
0.999999426783 0.999999972986
0.999997469772 0.99999999985
0.995028332164 0.999999907984
0.999989503875 0.999999999985
0.99999772299 0.999717795672
0.905750396951 0.99897470454
0.999244914419 0.99999999652
0.999999986873 0.999999987879
0.99357759316 0.999998747731
0.989314359848 0.999793488724
0.929414841971 0.976725444836
0.999993946477 0.970058686191
0.999631114369 0.987864606339
1.0 0.999999999409
0.975950658761 0.999999121208
0.912450291416 0.999776585941
0.999892724184 0.999999981868
0.970323467007 0.999577193082
0.999999999759 0.999999971841
0.999999999931 0.999999987745
0.99999999347 1.0
0.999924219283 0.999994547667
0.999820732615 0.986919863105
0.999999844481 0.998778637972
0.999940587628 0.999969063714
0.999999996999 0.999996505164
0.999901605352 0.999999999954
0.999999999984 0.999999997191
0.999585161749 0.999999999303
0.942075707513 0.989596672735
0.999999991965 0.999978499419
0.99953475627 0.998896469779
0.853572964805 0.999387689556
0.99999999992 0.999996320348
0.928886615943 0.996284410034
0.999991383359 1.0
0.992924268366 0.999989091395
0.999998403553 0.99987743531
0.998916629042 0.995358088299
0.970929540618 0.921107186804
0.891363795535 0.999824227865
0.98617615662 0.998806822312
0.999347924348 0.996586272148
0.999999887848 0.999999999944
0.97739494589 0.97952228346
0.850007606602 0.999780541808
0.999976464894 0.999944859003
0.983275813833 0.99999315235
0.999883917719 0.999999837466
0.999901885102 0.999618006531
0.997878492721 0.998633528708
0.999999846766 0.999994197344
0.999481735533 0.82928556767
0.999999999949 0.999999998788
0.999995556706 0.999892405695
0.967832053447 0.903693161054
0.999999937284 0.999999990779
0.99999581692 0.999999999211
0.946578655524 0.999984124923
0.981664258635 0.999982787085
0.997216359272 0.99999972292
0.96555277329 0.999687823043
0.974934614443 0.999208977526
0.89711023071 0.999761870809
0.999884837682 0.999945622268
0.874211646773 0.945107304373
0.999936697197 0.954911975087
0.999999854298 1.0
0.999981108894 0.999646440926
0.999736025489 0.988105353186
0.999858776512 0.999784697144
0.865935459289 0.993755806039
0.998034896355 0.999999838308
0.999775221552 0.999999412353
0.999986174953 0.999746935424
1.0 0.999999998728
0.999841835064 0.993385160299
0.996825270616 0.999999995237
0.999999541392 0.999999983434
0.999957534831 0.999999191206
0.810758475994 0.998834984775
0.999999592648 0.999999998579
0.99997495978 0.999999995894
0.920573882493 0.97448148854
1.0 0.999999995823
0.981749921149 0.953242229213
0.999999612015 0.999998599124
0.99999999766 0.999992019428
0.999999999996 0.999998319375
0.999999999163 0.999842653589
0.999999975016 0.997051943975
0.999999950352 1.0
0.983582951512 0.999959067396
0.970406045288 0.988376876892
0.999999528173 0.99998891988
0.999979182649 0.999999999837
0.999895325123 0.999998537453
0.970115280324 0.999922327977
0.999391471804 0.99999882987
0.978680756951 0.999999723064
0.999956970653 0.999999999717
0.999033575814 0.918539433164
0.914893528759 0.992616744062
0.99998758265 0.972535610551
0.99513285618 0.999974764256
0.983759710711 0.999942568918
0.999999999622 0.999892982422
0.999694448739 0.999859980121
0.99992345275 0.999999999696
0.999871709276 0.999999997436
0.999899462254 0.999951134096
0.999999996017 0.999996959178
0.999960677081 0.999999999782
0.999999937162 1.0
0.950378948489 0.999990369844
0.875902306987 0.99998780062
0.997242546669 0.99999493161
0.988346951163 0.999999953243
0.999999958624 0.999999999425
0.995656841949 0.999811966548
0.999999990214 0.999437896414
0.999997257308 0.999999987331
0.99981326646 0.938298055756
0.999999999755 0.999800995547
0.981493648364 0.997304444373
0.999998229969 0.997229692038
1.0 0.999999861825
0.9999999684 0.999999999992
0.999999483299 0.999999345844
0.999999993127 0.999925414247
0.999999992902 0.999973466296
0.999356072502 0.99115900588
0.99999964837 0.99862047293
0.999999998623 0.999930580578
0.999999999936 0.999950202288
0.999999746483 0.998904575886
0.999981498892 0.974327539308
0.997318680186 0.999977110743
0.998167946818 0.999999119057
0.999984847473 0.980463136743
0.999862064276 0.93178464094
0.999999999968 1.0
0.999998964261 0.991527410271
0.999979189518 0.915651010594
0.999818540849 0.999999303706
0.999077817803 0.999999876602
0.998690831031 0.833373213563
0.999999993682 0.99999999984
0.999167402098 0.999980296521
0.999999999999 0.999993232944
0.99920882082 0.997892619448
0.904927871014 0.972391427696
0.999280928826 0.991660944882
0.999999635183 0.99999662608
0.999971783818 0.999999071882
0.836985610427 0.992290079349
0.999992091512 0.995134421472
0.999977620129 0.999999997874
0.996216610903 0.999992185797
0.999999871773 0.999963510799
0.999999879922 0.999999999993
0.999999857731 0.99999898703
0.986533516188 0.999996940981
0.999999999979 0.999985175349
0.999998951332 0.999998467454
0.99999999998 0.99999867007
0.999999746739 0.999999999996
0.991026064839 0.999998077429
0.916280013276 0.999756654804
0.961307281806 0.942449546607
0.999993817827 0.999999981159
0.99998780498 0.999999999539
0.999999998372 0.999874016751
0.871566433973 0.986278278847
0.999999995116 1.0
0.999997852803 0.999934978572
0.959057960579 0.998429774578
0.918147718089 0.999473735118
0.931078065216 0.999960170918
0.999655398677 0.984705304574
0.999999982782 0.99998232445
0.999998199841 0.999998326744
0.990338841536 0.986685367179
0.993612856773 0.998644936117
0.993430477734 0.962791743522
0.999999998915 0.999999987464
0.999999740678 1.0
0.989897060115 0.999999898039
0.999999845813 0.999919359068
0.999915314875 0.999998279587
0.991111386189 0.999998576585
0.999999747146 1.0
0.999968755497 0.999999978003
0.920896365975 0.977032482664
0.995650893012 0.999998523401
0.997396795538 0.979473069945
0.999993957733 0.915990173988
0.903450056178 0.999985743735
0.876562971187 0.998082885744
0.999998032273 1.0
0.999999974121 1.0
0.99999998924 1.0
0.985379514462 0.969281816497
0.999999963002 0.999999661917
0.999936609411 0.997203958883
0.999999999995 0.999998624551
0.999638439329 0.999987894663
0.999959041741 0.999999999967
0.995295006431 0.966906012486
0.99971012621 0.999999740435
0.995182142984 0.999977618911
0.999999999786 0.999999995265
0.948969975772 0.986307779031
0.904247277633 0.999971189263
0.999930263476 0.999999999082
0.999901600843 0.999999997839
0.944683051568 0.982209410473
0.999984319707 0.99982815688
0.99999979033 0.999959028914
0.990640859449 0.986945644547
0.999999995403 0.999997898324
0.999949093318 0.99999999987
0.834047054557 0.997564573036
0.990554020531 0.999981535706
0.999998848222 0.998931273566
0.998794757593 0.999999985644
0.999982697857 0.999999999991
0.999999999794 0.999986080675
0.999576226123 0.999993348018
0.999999980394 1.0
0.998862729 0.971800161205
0.998341462201 0.99999998818
0.991822290056 0.999999841065
0.852668377285 0.998026128878
0.998581024525 0.999999986776
0.968866344743 0.999999241292
0.998456703925 0.999911940627
0.999999820009 0.999999989927
0.999999128617 0.999998731114
0.967412694412 0.999744535594
0.998327804177 0.999997494211
0.999997816963 1.0
0.921519450059 0.999905531426
0.978647909897 0.996508543061
0.985380908369 0.941049053366
0.99777054389 0.999988015168
0.991881573948 0.999744505205
0.983832693367 0.999999308835
0.829159002666 0.996788432863
0.958487160933 0.997668848062
0.999999989994 0.999999997962
0.999999948294 0.99999999798
0.99605223003 0.967445788129
0.980702828141 0.997703270446
0.999999999411 0.999999865492
0.985138448069 0.99949031972
0.999219572166 0.999999960413
0.999996850107 0.960712077927
0.999990765231 0.935507275501
1.0 0.999998854162
0.991360387514 0.909896098545
0.999993380966 1.0
0.992622762766 0.999813949629
0.999998831903 0.999999999989
0.999995637633 0.999999973937
0.982456145911 0.987734858811
0.999999999892 0.999999999857
0.999882388584 0.999876043346
0.99999999993 0.999999997216
0.99072012842 0.924321063626
0.999999426793 0.999155353231
0.997953494389 0.992386475457
0.985766635996 0.908900759697
0.999906006166 0.99999999926
0.998109969529 0.999999048585
0.986514564981 0.996753051605
0.987594155915 0.929845079039
0.999999999914 0.99998164157
0.999996096522 0.947675592147
0.999907802242 0.937144381853
0.999997907895 0.999999484306
0.995271767629 0.880878800015
0.999800638087 0.944647259994
0.972877157893 0.99973636622
0.999999999982 0.999999999976
0.999766291446 0.959163551772
0.999996536739 0.999993404139
0.999998772016 0.999999990195
0.999979789536 0.992415671086
0.980867481368 0.999999882167
0.999999331766 0.999996950494
0.978942578953 0.999998587851
0.99707968198 0.999855590269
0.999945925066 0.999999329634
0.9999999581 0.999832591912
0.936274515384 0.999776037074
0.999851821885 0.999999998585
0.973713712026 0.999998842863
0.999980669179 0.999999999882
0.984514527301 0.999999883896
0.999978799176 0.999798478943
0.993332566873 0.999995051177
0.999999437984 1.0
0.999999986991 0.998167734539
0.999999997129 1.0
0.989404130199 0.999997932505
0.998002632092 0.996227791951
0.7936153978 0.999780242138
1.0 0.999999941988
0.895166834697 0.999940481341
0.991012742177 0.999999744635
0.999929007531 0.999965677955
0.999999402281 0.999999976593
0.999997361617 0.99999999987
0.994815816205 0.999999920269
0.999989055214 0.999999999987
1.0 0.999999999993
0.999997625658 0.999755471402
0.901721659421 0.999111586763
0.999212637979 0.999999996984
0.999999986312 0.999999989497
0.993303064773 0.999998914915
0.988857597823 0.999821059042
0.926397650746 0.979832717778
0.999993687717 0.974056005736
0.999615346203 0.989484743871
1.0 0.999999999488
0.97492265991 0.999999238531
0.908707943594 0.999806412868
0.999888138636 0.999999984289
0.96905493156 0.999633639983
0.999999999749 0.9999999756
0.999999999928 0.999999989381
0.999999993191 1.0
0.999920980005 0.999995275581
0.999813069758 0.988666128723
0.999999837833 0.998941696091
0.999938048022 0.999973193868
0.999999996871 0.999996971743
0.999897399433 0.99999999996
0.999999999984 0.999999997566
0.99956742932 0.999999999396
0.939599710123 0.990985570486
0.999999991621 0.999981369857
0.999514869238 0.999043796745
1.0 0.999999999989
0.847313881763 0.999469436153
0.999999999917 0.999996811601
0.925846845482 0.996780460424
0.999991015037 1.0
0.992621813346 0.99999054775
0.999998335313 0.999893798328
0.998870319911 0.99597780741
0.969686912034 0.931639783543
0.886720096888 0.99984769435
0.985585250825 0.998966117677
0.99932005111 0.997042022392
0.999999883054 0.999999999951
0.976428683679 0.982256164047
0.843596120877 0.999809840606
0.999975458877 0.99995222061
0.982560931708 0.999994066547
0.999878955735 0.999999859165
0.999897691141 0.999669004626
0.997787808031 0.99881595966
0.999999840216 0.999994972029
0.999459582108 0.852076823304
0.999999999947 0.99999999895
0.999995366776 0.999906770089
0.966457021517 0.916550619886
0.999999934603 0.99999999201
0.999995638113 0.999999999317
0.944295138475 0.999986244328
0.980880489929 0.999985085098
0.99709737142 0.999999759911
0.964080312605 0.999729500274
0.973863184366 0.999314583099
0.892712165767 0.999793662282
0.999879915022 0.999952881975
0.868834772567 0.952435761852
0.999933991293 0.960931458547
0.99999984807 1.0
0.999980301386 0.999693642883
0.999724741791 0.989693349775
0.999852739857 0.999813441184
0.86020481609 0.994589438081
0.997950897202 0.999999859895
0.999765613306 0.999999490807
0.999985583996 0.999780720847
1.0 0.999999998898
0.99983507424 0.994268275456
0.99668956552 0.999999995873
0.999999521789 0.999999985646
0.999955719641 0.999999299184
0.802669270253 0.998990520305
0.999999575236 0.999999998769
0.999973889426 0.999999996442
0.917178780868 0.977888341201
1.0 0.999999996381
0.980969814122 0.959484632344
0.999835433266 0.861104867244
0.999965891046 0.846064567385
0.999880040913 0.930487626122
0.973193128923 0.897347584587
0.940432765551 0.978033695716
0.999667117928 0.919466214103
0.997307681484 0.893195302124
0.999947414595 0.832700630236
0.999999636153 0.999998546603
0.999999997806 0.999991720225
0.999999999997 0.999998256366
0.999999999215 0.999836754452
0.99999997657 0.996941417233
0.999999953441 1.0
0.984604311728 0.999957532776
0.97224718549 0.987941109757
0.999999557527 0.999988504471
0.999980477767 0.999999999831
0.999901837302 0.99999848262
0.971974509999 0.999919415945
0.999429330405 0.999998786
0.980007099302 0.999999712682
0.999959647655 0.999999999706
0.999093700338 0.915485362629
0.920188290719 0.992339935475
0.999988355175 0.971505932194
0.995435657689 0.999973818133
0.984770074138 0.999940415747
0.999999999645 0.999888970183
0.999713458118 0.99985473058
0.999928215014 0.999999999684
0.999879690677 0.99999999734
0.999905717047 0.999949302045
0.999999996265 0.999996845173
0.999963123493 0.999999999774
0.999999941071 1.0
0.953466042244 0.999990008796
0.883622844975 0.999987343248
0.997414097184 0.999994741589
0.989071926817 0.99999995149
0.999999961198 0.999999999404
0.995927044528 0.999804916911
0.999999990823 0.999416822365
0.99999742794 0.999999986856
0.999824883787 0.935984763605
0.99999999977 0.999793534592
0.982644991208 0.997203384225
0.999998340089 0.99712582932
1.0 0.999999856644
0.999999970366 0.999999999992
0.999999515445 0.999999321319
0.999999993555 0.999922617923
0.999999993343 0.99997247151
0.999396133413 0.99082754465
0.999999670246 0.998568752531
0.999999998708 0.999927977947
0.99999999994 0.999948335302
0.999999762255 0.998863506904
0.999982649909 0.973365042866
0.997485494177 0.999976252593
0.998281925055 0.99999908603
0.999985790163 0.979730672427
0.999870645724 0.929227151762
0.999999028698 0.991209761037
0.999980484209 0.912488649058
0.999829830038 0.999999277601
0.999135189883 0.999999871976
0.998772278869 0.827126142389
0.999999994075 0.999999999834
0.999219200835 0.99997955781
0.999999999999 0.999992979237
0.999258042757 0.997813610805
0.91084263031 0.971356343723
0.99932566468 0.991348302047
0.999999657879 0.999996499587
0.999973539242 0.999999037086
0.847127287977 0.992001023645
0.999992583526 0.994952004131
0.999979012457 0.999999997795
0.996451988359 0.999991892831
0.99999987975 0.999962142768
0.999999887392 0.999999999993
0.999999866582 0.999998949052
0.987371311778 0.999996826294
0.99999999998 0.999984619552
0.999999016573 0.999998409996
0.999999999981 0.999998620209
0.999999762496 0.999999999996
0.991584363754 0.999998005349
0.921488517336 0.999747531452
0.963714486915 0.940291899652
0.999994202441 0.999999980453
0.999988563673 0.999999999522
0.999999998473 0.999869293463
0.879556721313 0.985763832338
0.99999999542 1.0
0.999997986387 0.999932540828
0.961605103584 0.998370904632
0.923240025904 0.999454004712
0.935365932322 0.99995867767
0.999676837493 0.98413188506
0.999999983853 0.999981661769
0.999998311835 0.999998264011
0.990939894941 0.98618618298
0.994010222596 0.998594132877
0.993839189975 0.961396753968
0.999999998983 0.999999986994
0.999999756811 1.0
0.990525598239 0.999999894216
0.999999855406 0.999916335726
0.999920583423 0.999998215086
0.991664376974 0.999998523219
0.999999762877 1.0
0.999970699323 0.999999977178
0.92581767109 0.97617139833
0.995921465695 0.999998468041
0.997558749709 0.97870348664
0.999994333643 0.912840528162
0.909456755343 0.999985209248
0.884242407016 0.99801101045
0.999998154692 1.0
0.999999975731 1.0
0.999999989909 1.0
0.986289104408 0.968130148853
0.999999965304 0.999999649242
0.999940553155 0.997099131392
0.999999999995 0.999998572983
0.999660933244 0.999987440817
0.999961589893 0.999999999966
0.995587720023 0.965665272627
0.999728160241 0.999999730704
0.995481878195 0.999976779813
0.999999999799 0.999999995088
0.952144726495 0.985794438525
0.91020437895 0.999970109108
0.999934602022 0.999999999047
0.999907722588 0.999999997758
0.948124506371 0.9815424164
0.999985295231 0.999821714241
0.999999803375 0.99995749285
0.991223123297 0.986456218511
0.999999995689 0.999997819529
0.999952260396 0.999999999865
0.844371549625 0.997473265475
0.991141686922 0.999980843454
0.999998919878 0.998891205518
0.998869739807 0.999999985105
0.999983774282 0.999999999991
0.999999999807 0.99998555882
0.999602590532 0.999993098625
0.999999981614 1.0
0.998933482483 0.970742909824
0.998444645457 0.999999987736
0.992331053102 0.999999835107
0.861834376768 0.99795212569
0.998669303798 0.999999986281
0.970803274933 0.999999212847
0.998552717603 0.999908639158
0.999999831207 0.99999998955
0.999999182829 0.999998683542
0.969440061115 0.999734957877
0.998431837145 0.999997400265
0.999997952777 1.0
0.926401991002 0.999901989668
0.979976295774 0.996377643459
0.986290411596 0.938838899962
0.997909245909 0.99998756584
0.992386648742 0.999734926347
0.984838516296 0.999999282922
0.839787600006 0.996668026721
0.961069815318 0.997581449917
0.999999990616 0.999999997886
0.99999995151 0.999999997904
0.996297834177 0.966225285214
0.981903370591 0.997617162844
0.999999999448 0.99999986045
0.986063035573 0.999471211093
0.999268125226 0.999999958929
0.999997046073 0.959239118802
0.999991339757 0.933089353097
1.0 0.999998811203
0.991897887082 0.906517977312
0.999993792759 1.0
0.993081725692 0.99980697434
0.999998904574 0.999999999988
0.999995909031 0.99999997296
0.983547608521 0.987275021521
0.999999999899 0.999999999852
0.999889705589 0.999871396037
0.999999999934 0.999999997112
0.991297460676 0.9214837545
0.999999462454 0.999123686243
0.998080814437 0.992101033778
0.986652141801 0.905485321818
0.999911853841 0.999999999233
0.998227554729 0.999999012915
0.987353539589 0.99663131897
0.988365965513 0.927214872974
0.99999999992 0.999980953287
0.999996339371 0.945713876946
0.999913538177 0.934787836855
0.999998038052 0.999999464972
0.995565926987 0.876412779693
0.999813041067 0.942572008387
0.974564561806 0.999726482221
0.999780831247 0.957632536237
0.999996752201 0.999993156851
0.999998848413 0.999999989827
0.999981046897 0.992131323991
0.982057780183 0.999999877749
0.999999373339 0.999996836164
0.98025263247 0.999998534908
0.99726136486 0.999850176146
0.999949289251 0.999999304501
0.999999960707 0.999826315549
0.940239093716 0.999767640391
0.999861040548 0.999999998532
0.975349071072 0.99999879948
0.999981871815 0.999999999878
0.98547793103 0.999999879543
0.999980118151 0.999790923637
0.993747370481 0.999994865639
0.999999472949 1.0
0.9999999878 0.998099040345
0.999999997307 1.0
0.990063335164 0.999997854991
0.998126895118 0.996086366598
0.806455283238 0.999772003108
1.0 0.999999939813
0.901688861138 0.999938249904
0.991571869939 0.999999735061
0.999933424213 0.999964391173
0.999999439467 0.999999975715
0.999997525759 0.999999999865
0.995138341845 0.99999991728
0.999989736126 0.999999999987
0.999999999996 1.0
0.999997773374 0.999746303683
0.907835888005 0.999078278909
0.999261622438 0.999999996871
0.999999987163 0.999999989104
0.993719703806 0.999998874234
0.989550804419 0.999814350296
0.930976702295 0.979076618173
0.999994080425 0.973083329121
0.999639276819 0.989090512218
1.0 0.999999999469
0.976482806211 0.999999209982
0.914387531766 0.999799155016
0.99989509791 0.9999999837
0.970980129126 0.999619904633
0.999999999764 0.999999974685
0.999999999932 0.999999988983
0.999999993614 1.0
0.999925896107 0.999995098456
0.999824699322 0.988241206043
0.999999847922 0.998902018798
0.999941902264 0.999972188868
0.999999997065 0.999996858209
0.999903782562 0.999999999958
0.999999999985 0.999999997475
0.999594341008 0.999999999374
0.943357416823 0.990647606921
0.999999992143 0.999980671387
0.999545050867 0.999007947348
0.856813002556 0.999449544572
0.999999999922 0.999996692063
0.930460164493 0.996659755384
0.999991574022 1.0
0.993080835339 0.999990193372
0.999998438878 0.999889816678
0.998940601137 0.995827009787
0.971572791953 0.929076863458
0.89376762351 0.999841984199
0.986482041216 0.998927355983
0.999362353034 0.996931123676
0.999999890329 0.99999999995
0.977895135138 0.981590922831
0.853326536172 0.999802711265
0.999976985663 0.999950429294
0.983645875239 0.999993844093
0.999886486309 0.999999853885
0.999904056122 0.999656595146
0.99792543599 0.998771568333
0.999999850157 0.999994783523
0.999493203336 0.846530976608
0.99999999995 0.99999999891
0.999995655024 0.999903274769
0.968543843869 0.91342198596
0.999999938672 0.999999991711
0.999995909481 0.999999999291
0.947760726666 0.999985728608
0.982069979437 0.999984525917
0.997277953779 0.99999975091
0.966314998072 0.999719358861
0.975489244231 0.999288885861
0.89938690548 0.999785926392
0.999887385915 0.999951115455
0.876995005819 0.950652512068
0.999938097918 0.959466724309
0.999999857522 1.0
0.999981526904 0.999682157126
0.999741866537 0.989306939049
0.999861901409 0.999806446833
0.868901948178 0.994386588551
0.998078378831 0.999999854642
0.999780195296 0.999999471717
0.999986480864 0.999772499765
1.0 0.999999998857
0.99984533483 0.994053385089
0.996895518867 0.999999995719
0.99999955154 0.999999985107
0.999958474472 0.99999927291
0.814945883606 0.9989526735
0.999999601662 0.999999998722
0.999975513853 0.999999996308
0.92233136955 0.9770593442
1.0 0.999999996245
0.982153746469 0.957965654569
0.99984567152 0.855897494537
0.99996801308 0.84029331281
0.999887503974 0.927881510044
0.974860875208 0.893499002022
0.94413864505 0.977210148259
0.99968782765 0.916446889881
0.997475179742 0.889191044684
0.999950686111 0.826428342974
0.999978963548 0.9999999966
0.99999991517 0.999999959024
0.999095150195 0.999995747415
0.999999947392 0.999999663808
0.999980952375 0.999982545021
0.978531582775 0.999999489022
0.999999921205 0.999086017842
0.999981795788 0.996486034808
0.962223988821 0.985089536371
0.999999999673 0.999994440421
0.999734555365 0.9993514765
0.991176712503 0.990477113202
0.999999999999 0.99999830381
0.999999868317 1.0
0.983134223923 0.994473635019
0.988494283023 0.999997697964
0.998646475064 0.999397677246
0.979537203029 0.999999800927
0.999999923437 0.999999130136
0.99983940952 0.999997416873
0.962539643208 0.965070823117
0.999886865582 0.999999997863
0.999999999854 0.999999882375
0.994139539015 0.977242578267
0.999990930775 0.999999995473
0.999999858686 0.999930326189
0.999999986766 0.999794722033
0.997567920988 0.999993733949
0.999999601706 0.99999861397
0.999999997598 0.999992104004
0.999999999996 0.999998337186
0.99999999914 0.999844321098
0.999999974352 0.997083186563
0.999999949033 1.0
0.983146756353 0.999959501188
0.969619744401 0.988500055165
0.999999515636 0.999989037304
0.99997862954 0.999999999839
0.999892543949 0.999998552953
0.969321253914 0.999923151121
0.999375303425 0.99999884227
0.97811431222 0.999999725999
0.999955827379 0.99999999972
0.999007898266 0.919402727118
0.912632279984 0.99269498953
0.999987252725 0.972826669676
0.995003537893 0.999975031697
0.983328211981 0.999943177555
0.999999999612 0.999894116561
0.99968633035 0.999861464008
0.999921418917 0.999999999699
0.999868300637 0.999999997463
0.999896791001 0.999951651961
0.999999995912 0.999996991403
0.999959632285 0.999999999785
0.999999935492 1.0
0.949060534738 0.999990471901
0.872605075269 0.999987929905
0.997169282111 0.999994985323
0.988037333785 0.999999953739
0.999999957525 0.999999999431
0.995541445779 0.999813959269
0.999999989954 0.999443853415
0.999997184435 0.999999987465
0.999808305016 0.938951953923
0.999999999748 0.999803104535
0.981001941161 0.99733301104
0.99999818294 0.997259050907
1.0 0.999999863289
0.999999967561 0.999999999992
0.99999946957 0.999999352777
0.999999992944 0.999926204684
0.999999992713 0.999973747492
0.999338963576 0.991252700008
0.999999639027 0.998635092732
0.999999998586 0.999931316263
0.999999999934 0.999950730029
0.999999739747 0.998916184852
0.999981007324 0.974599608125
0.997247438469 0.999977353317
0.998119269815 0.999999128393
0.999984444875 0.980670182392
0.999858399372 0.932507566269
0.999999999967 1.0
0.999998936742 0.991617200163
0.999978636591 0.916544915158
0.999813719544 0.999999311085
0.999053315749 0.99999987791
0.998656046876 0.835139072834
0.999999993514 0.999999999841
0.999145280267 0.999980505333
0.999999999999 0.999993304659
0.999187799469 0.997914952817
0.902401838244 0.972684014827
0.99926182336 0.991749319615
0.99999962549 0.999996661835
0.999971034124 0.999999081718
0.832654375875 0.992371786709
0.999991881386 0.995185985372
0.999977025504 0.999999997897
0.996116087596 0.999992268609
0.999999868366 0.9999638975
0.999999876731 0.999999999994
0.999999853951 0.999998997765
0.986175716487 0.9999969734
0.999999999978 0.999985332456
0.999998923469 0.999998483695
0.999999999979 0.999998684164
0.99999974001 0.999999999996
0.990787630563 0.999998097803
0.914055602903 0.999759233701
0.960279229998 0.943059448555
0.999999999978 1.0
0.999993653569 0.999999981359
0.999987480962 0.999999999544
0.999999998329 0.999875351883
0.868153999645 0.986423697414
0.999999994986 1.0
0.999997795753 0.999935667649
0.957970145103 0.998446415343
0.915972931971 0.999479312311
0.929246833838 0.999960593014
0.999646242742 0.984867393037
0.999999982325 0.99998251177
0.999998152012 0.999998344476
0.99008214798 0.986826471549
0.993443152641 0.998659296666
0.993255927855 0.963186065144
0.999999998886 0.999999987597
0.999999733788 1.0
0.989628628583 0.99999989912
0.999999841716 0.999920213675
0.999913064821 0.999998297819
0.990875218871 0.99999859167
0.999999740428 1.0
0.999967925342 0.999999978236
0.918794610456 0.977275885326
0.995535338781 0.99999853905
0.997327629319 0.979690608017
0.999993797192 0.916880484203
0.900884758392 0.999985894819
0.873283293082 0.998103202729
0.999999999971 1.0
0.999997979991 1.0
0.999999973433 1.0
0.999999988954 1.0
0.984991053343 0.969607358328
0.999999962019 0.9999996655
0.999934925146 0.997233590464
0.999999999995 0.999998639127
0.999628832791 0.999988022952
0.999957953494 0.999999999968
0.995169996419 0.967256732355
0.999702424366 0.999999743186
0.995054134231 0.999977856099
0.99999999978 0.999999995316
0.947614126116 0.986452884964
0.901703161739 0.99997149459
0.999928410602 0.999999999091
0.999898986412 0.999999997862
0.943213299855 0.982397949652
0.999983903087 0.99982997802
0.999999784759 0.999959463113
0.990392190402 0.987083990579
0.999999995281 0.999997920597
0.999947740746 0.999999999871
0.829637743617 0.99759038294
0.990303044205 0.999981731385
0.99999881762 0.998942599599
0.99876273473 0.999999985796
0.999982238145 0.999999999991
0.999999999789 0.999986228188
0.999564966601 0.999993418513
0.999999979873 1.0
0.998832512113 0.972099014396
0.998297395439 0.999999988305
0.991605011201 0.99999984275
0.84875382829 0.998047047355
0.99854332285 0.999999986917
0.968039134558 0.999999249332
0.998415699095 0.999912873853
0.999999815227 0.999999990034
0.999999105465 0.999998744561
0.966546861253 0.999747242927
0.998283374527 0.999997520767
0.999997758961 1.0
0.919434249664 0.999906532575
0.978080592431 0.996545544444
0.984992484285 0.94167379731
0.997711308032 0.99998814218
0.991665870245 0.99974721286
0.98340313376 0.99999931616
0.82461981792 0.996822468061
0.957384179513 0.997693552891
0.999999989728 0.999999997984
0.99999994692 0.999999998001
0.995947339181 0.967790787622
0.980190109124 0.997727610477
0.999999999396 0.999999866918
0.984743581902 0.999495721154
0.999198836475 0.999999960832
0.999996766416 0.961128439203
0.999990519866 0.936190749497
1.0 0.999998866305
0.991130836073 0.910850991892
0.999993205101 1.0
0.992426752187 0.999815921333
0.999998800867 0.999999999989
0.999995521727 0.999999974214
0.981990011926 0.987864840993
0.999999999889 0.999999999859
0.999879263691 0.999877357
0.999999999928 0.999999997246
0.990473565521 0.925123085644
0.999999411563 0.999164304537
0.99789911946 0.992467161241
0.98538846056 0.909866201337
0.999903508784 0.999999999268
0.998059752089 0.999999058668
0.986156261752 0.996787461762
0.987264537035 0.930588559246
0.999999999912 0.999981836127
0.999995992808 0.948230110077
0.99990535258 0.937810506301
0.999997852309 0.999999489771
0.995146140171 0.882141209739
0.999795341112 0.945233871254
0.972156513591 0.999739160129
0.999999999981 0.999999999976
0.999760081892 0.95959632385
0.999996444722 0.99999347404
0.999998739388 0.999999990299
0.999979252551 0.992496047463
0.98035913713 0.999999883415
0.999999314011 0.999996982812
0.97838309074 0.999998602817
0.997002090166 0.999857120679
0.999944488315 0.999999336738
0.999999956987 0.999834366052
0.934581351845 0.999778410564
0.999847884845 0.9999999986
0.973015294671 0.999998855126
0.999980155566 0.999999999883
0.98410308378 0.999999885127
0.999978235878 0.999800614601
0.993155415538 0.999995103623
0.999999423052 1.0
0.999999986645 0.998187152323
0.999999997052 1.0
0.989122601694 0.999997954415
0.997949562735 0.996267768648
0.788131832071 0.999782571064
1.0 0.999999942602
0.892381454652 0.999941112102
0.990773953922 0.999999747342
0.999927121286 0.999966041689
0.9999993864 0.999999976841
0.999997291516 0.999999999871
0.994678074279 0.999999921114
0.999988764415 0.999999999987
0.999997562573 0.999758062841
0.899110438746 0.999121001892
0.999191718049 0.999999997016
0.999999985948 0.999999989609
0.993125129578 0.999998926415
0.988561548147 0.999822955403
0.924442062414 0.980046444413
0.999993520002 0.974330952183
0.999605126087 0.989596181311
1.0 0.999999999493
0.974256363872 0.999999246601
0.906282346013 0.999808464445
0.999885166519 0.999999984456
0.96823273206 0.999637522553
0.999999999742 0.999999975859
0.999999999926 0.999999989493
0.99999999301 1.0
0.999918880472 0.999995325649
0.999808103088 0.988786241594
0.999999833524 0.99895291167
0.99993640198 0.999973477951
0.999999996787 0.999997003835
0.999894673372 0.99999999996
0.999999999983 0.999999997592
0.99955593607 0.999999999403
0.93799489583 0.991081102629
0.999999991399 0.999981567294
0.999501979486 0.999053930292
1.0 0.99999999999
0.84325706572 0.999475058905
0.999999999914 0.99999684539
0.92387662245 0.996814580111
0.99999077631 1.0
0.992425777541 0.999990647922
0.999998291082 0.99989492382
0.998840304712 0.996020433366
0.968881504031 0.932364244025
0.883710290014 0.999849308439
0.985202256049 0.998977074442
0.999301985109 0.997073370126
0.999999879947 0.999999999952
0.975802402159 0.982444207746
0.839440525245 0.999811855857
0.999974806828 0.999952726961
0.982097581845 0.999994129428
0.999875739632 0.999999860657
0.999894972831 0.999672512413
0.997729030875 0.998828507755
0.999999835971 0.999995025313
0.999445223396 0.85364446749
0.999999999946 0.999999998961
0.999995243673 0.999907758111
0.965565796468 0.917434990668
0.999999932865 0.999999992095
0.999995522219 0.999999999324
0.942815080048 0.999986390106
0.980372491324 0.999985243161
0.997020249607 0.999999762456
0.963125939242 0.999732366946
0.973168738438 0.999321846935
0.889861566039 0.999795848985
0.999876724406 0.999953381317
0.865349758964 0.952939832973
0.999932237465 0.961345494895
0.999999844033 1.0
0.999979778001 0.999696889561
0.999717428278 0.989802576474
0.999848827207 0.999815418276
0.856490507603 0.994646777547
0.997896453267 0.99999986138
0.999759385734 0.999999496203
0.999985200968 0.9997830447
1.0 0.99999999891
0.999830692221 0.994329018504
0.996601608449 0.999999995917
0.999999509083 0.999999985798
0.999954543127 0.999999306612
0.797426262706 0.99900121846
0.99999956395 0.999999998782
0.999973195677 0.99999999648
0.914978250431 0.978122673739
1.0 0.999999996419
0.980464188828 0.95991400171
0.999831060786 0.862576835006
0.999964984783 0.847695927605
0.999876853643 0.931224296812
0.97248087986 0.898435463213
0.938850085245 0.978266487831
0.999658273369 0.920319686318
0.997236147536 0.894327185358
0.999946017419 0.834473617338
0.999976971965 0.999999996758
0.999999907138 0.999999960923
0.999009485386 0.999995944528
0.999999942411 0.999999679391
0.99997914908 0.999983354082
0.976499104176 0.999999512706
0.999999913745 0.999128382116
0.999980072341 0.996648911711
0.958647622038 0.985780655951
0.999999999642 0.999994698115
0.999709424936 0.999381536416
0.990341385762 0.990918511518
0.999999999999 0.99999838243
0.99999985585 1.0
0.981537490984 0.994729789298
0.987405002743 0.999997804666
0.998518332852 0.999425595697
0.977599929476 0.999999810154
0.999999916189 0.999999170456
0.999824205944 0.999997536604
0.958993160359 0.96668983636
0.999876154812 0.999999997962
0.999999999841 0.999999887827
0.993584711829 0.978297414666
0.999990072165 0.999999995683
0.999999845308 0.999933555661
0.999999985513 0.999804236937
0.99733766887 0.999994024388
0.950536242485 0.999922496168
0.899112812961 0.994900380695
0.965538185576 0.998084749997
0.999924629524 0.899707483797
0.853641092618 0.979486633579
0.966560184896 0.980249994167
0.946645781127 0.886103359939
0.999999630615 0.999998614907
0.999999997773 0.999992109345
0.999999999996 0.999998338311
0.999999999203 0.999844426418
0.999999976214 0.997085159843
0.999999952732 1.0
0.984369989872 0.999959528586
0.97182478859 0.988507835096
0.999999550792 0.999989044721
0.99998018064 0.999999999839
0.999900343269 0.999998553932
0.971547962988 0.999923203111
0.999420644833 0.999998843054
0.979702808028 0.999999726185
0.999959033493 0.99999999972
0.999079906487 0.919457252707
0.918973559199 0.992699931509
0.999988177941 0.972845052951
0.995366188553 0.999975048588
0.984538275181 0.999943215997
0.99999999964 0.999894188193
0.99970909696 0.99986155773
0.999927122449 0.999999999699
0.999877859573 0.999999997465
0.999904282064 0.99995168467
0.999999996208 0.999996993439
0.999962562234 0.999999999785
0.999999940174 1.0
0.952757796979 0.999990478347
0.881851588605 0.99998793807
0.99737473983 0.999994988715
0.988905601912 0.99999995377
0.999999960608 0.999999999432
0.995865054283 0.999814085129
0.999999990683 0.999444229658
0.999997388793 0.999999987473
0.999822218524 0.938993254088
0.999999999767 0.999803237738
0.982380848561 0.997334815309
0.999998314825 0.997260905211
1.0 0.999999863381
0.999999969915 0.999999999992
0.99999950807 0.999999353214
0.999999993457 0.999926254608
0.999999993242 0.999973765252
0.999386942584 0.991258617723
0.999999665227 0.998636016118
0.999999998689 0.999931362729
0.999999999939 0.999950763361
0.999999758636 0.998916918074
0.999982385841 0.974616791974
0.997447223484 0.999977368638
0.998255776012 0.999999128983
0.99998557389 0.980683259382
0.999868676957 0.932553226185
0.999999013915 0.991622871287
0.999980187179 0.916601374111
0.999827240057 0.999999311551
0.999122027502 0.999999877993
0.998753592995 0.835250604389
0.999999993985 0.999999999842
0.999207317098 0.999980518521
0.999999999999 0.999993309188
0.999246750193 0.997916363391
0.909485658154 0.972702494611
0.99931540132 0.991754901357
0.999999652672 0.999996664094
0.99997313651 0.999999082339
0.844800570462 0.99237694734
0.999992470648 0.995189242145
0.999978693027 0.999999997898
0.996397987741 0.99999227384
0.99999987792 0.999963921924
0.999999885678 0.999999999994
0.999999864551 0.999998998443
0.987179103569 0.999996975447
0.99999999998 0.999985342379
0.999999001606 0.999998484721
0.999999999981 0.999998685054
0.999999758881 0.999999999996
0.991456278054 0.99999809909
0.920293575221 0.999759396584
0.963162222631 0.943097969922
0.999994114202 0.999999981372
0.999988389613 0.999999999544
0.99999999845 0.99987543621
0.877723578678 0.986432882041
0.99999999535 1.0
0.99999795574 0.999935711171
0.961020734557 0.998447466372
0.92207174169 0.999479664566
0.934382203994 0.999960619674
0.99967191897 0.984877630533
0.999999983607 0.999982523601
0.999998286142 0.999998345596
0.990802000448 0.986835383692
0.993919058386 0.998660203677
0.993745422654 0.963210970471
0.999999998967 0.999999987605
0.99999975311 1.0
0.990381398164 0.999999899188
0.999999853205 0.999920267652
0.999919374706 0.999998298971
0.991537509073 0.999998592622
0.999999759268 1.0
0.999970253368 0.99999997825
0.924688618549 0.977291258622
0.99585939054 0.999998540038
0.997521593962 0.979704347707
0.999994247401 0.916936716138
0.908078690217 0.999985904361
0.88248058036 0.998104485949
0.999998126607 1.0
0.999999975361 1.0
0.999999989756 1.0
0.986080425041 0.969627919529
0.999999964775 0.999999665727
0.999939648376 0.997235461993
0.999999999995 0.999998640048
0.999655772659 0.999988031055
0.999961005292 0.999999999968
0.995520565271 0.967278883798
0.999724022849 0.99999974336
0.995413112533 0.99997787108
0.999999999796 0.999999995319
0.951416370848 0.986462049846
0.90883769263 0.999971513874
0.999933606667 0.999999999092
0.999906318129 0.999999997864
0.94733496311 0.982409857774
0.999985071425 0.999830093044
0.999999800382 0.999959490537
0.99108953953 0.987092728505
0.999999995624 0.999997922004
0.9999515338 0.999999999871
0.842002889866 0.997592013092
0.991006863696 0.999981743744
0.999998903438 0.99894331495
0.998852537285 0.999999985805
0.999983527327 0.999999999991
0.999999999804 0.999986237504
0.999596541973 0.999993422966
0.999999981334 1.0
0.998917250122 0.972117889943
0.998420973013 0.999999988313
0.992214331989 0.999999842856
0.859731500648 0.998048368564
0.998649050647 0.999999986925
0.970358901763 0.99999924984
0.998530690014 0.999912932796
0.999999828638 0.999999990041
0.999999170392 0.999998745411
0.968974939877 0.999747413922
0.99840796976 0.999997522444
0.999997921619 1.0
0.925281831791 0.999906595808
0.979671535672 0.996547881449
0.986081752123 0.941713256096
0.997877424703 0.999988150202
0.992270773793 0.999747383875
0.984607759026 0.999999316623
0.837349172688 0.996824617722
0.960477299221 0.997695113247
0.999999990474 0.999999997985
0.999999950772 0.999999998002
0.996241487338 0.967812577767
0.981627940502 0.997729147792
0.99999999944 0.999999867008
0.985850915445 0.999496062308
0.999256986117 0.999999960859
0.999997001114 0.961154736554
0.999991207948 0.936233917669
1.0 0.999998867072
0.991774573197 0.910911302893
0.999993698285 1.0
0.992976429791 0.999816045866
0.999998887902 0.999999999989
0.999995846766 0.999999974231
0.983297203679 0.987873050659
0.999999999897 0.999999999859
0.999888026912 0.99987743997
0.999999999933 0.999999997248
0.991165008321 0.925173741301
0.999999454272 0.999164869901
0.998051604498 0.99247225735
0.98644898785 0.909927178568
0.99991051226 0.999999999269
0.998200578172 0.999999059304
0.987161060889 0.996789635105
0.988188895901 0.930635517407
0.999999999919 0.999981848415
0.999996283656 0.948265133393
0.999912222231 0.937852578677
0.999998008191 0.999999490117
0.995498440545 0.882220943454
0.999810195559 0.945270921583
0.974177435296 0.999739336592
0.999777495506 0.959623657706
0.999996702769 0.999993478455
0.999998830885 0.999999990305
0.999980758431 0.99250112403
0.981784700203 0.999999883494
0.999999363801 0.999996984853
0.979952078203 0.999998603762
0.997219682926 0.99985721734
0.999948517435 0.999999337187
0.999999960109 0.999834478106
0.93932953474 0.999778560474
0.999858925589 0.999999998601
0.974973884766 0.9999988559
0.999981595905 0.999999999883
0.985256905631 0.999999885204
0.99997981555 0.999800749489
0.99365220567 0.999995106936
0.999999464927 1.0
0.999999987614 0.998188378749
0.999999997266 1.0
0.989912099461 0.999997955799
0.998098386525 0.996270293574
0.803509539184 0.999782718158
1.0 0.999999942641
0.900192568924 0.999941151941
0.991443594084 0.999999747512
0.999932410932 0.999966064663
0.999999430936 0.999999976857
0.999997488101 0.999999999871
0.995064347572 0.999999921167
0.99998957991 0.999999999987
0.999997739485 0.999758226516
0.906433153332 0.999121596551
0.999250384357 0.999999997018
0.999999986968 0.999999989616
0.99362411791 0.999998927141
0.989391768015 0.999823075177
0.929926170035 0.980059943373
0.99999399033 0.974348317782
0.999633786624 0.989603219693
1.0 0.999999999494
0.976124875316 0.99999924711
0.913084512891 0.999808594022
0.999893501304 0.999999984466
0.970538447671 0.999637767776
0.999999999761 0.999999975875
0.999999999931 0.9999999895
0.999999993517 1.0
0.999924768248 0.999995328812
0.999822031252 0.988793827915
0.999999845607 0.998953620045
0.999941018019 0.999973495893
0.999999997021 0.999997005862
0.999902318136 0.99999999996
0.999999999985 0.999999997593
0.999588166891 0.999999999403
0.94249531862 0.991087136433
0.999999992023 0.999981579764
0.999538126556 0.999054570326
0.85463370129 0.999475414037
0.999999999921 0.999996847524
0.929401770545 0.996816735108
0.999991445779 1.0
0.992975525886 0.999990654249
0.999998415118 0.999894994906
0.998924477123 0.996023125619
0.971140130806 0.932410000901
0.892150770327 0.999849410384
0.98627629834 0.998977766471
0.999352648069 0.997075350047
0.99999988866 0.999999999952
0.977558699842 0.982456084573
0.851094171006 0.99981198314
0.999976635386 0.999952758943
0.983396966012 0.999994133399
0.999884758634 0.999999860752
0.999902595859 0.999672733964
0.997893861195 0.998829300291
0.999999847876 0.999995028679
0.999485489908 0.853743479793
0.99999999995 0.999999998962
0.999995588894 0.999907820514
0.968065082235 0.917490847469
0.999999937738 0.9999999921
0.999995847223 0.999999999324
0.94696564669 0.999986399314
0.98179708513 0.999985253145
0.997236524328 0.999999762616
0.96580231348 0.999732548005
0.975116191356 0.999322305719
0.897855577579 0.999795987097
0.999885671933 0.999953412856
0.875122873961 0.952971670071
0.999937155771 0.961371645404
0.999999855353 1.0
0.999981245744 0.999697094621
0.999737937754 0.989809475225
0.999859799553 0.999815543149
0.866906640256 0.994650399104
0.998049131821 0.999999861474
0.999776849876 0.999999496544
0.999986275103 0.999783191475
0.999842980831 0.994332855031
0.996848268769 0.99999999592
0.999999544715 0.999999985807
0.999957842455 0.999999307081
0.812129366204 0.999001894154
0.999999595599 0.999999998783
0.999975141175 0.999999996482
0.921149255617 0.978137474166
1.0 0.999999996422
0.981882127093 0.95994112065
0.999843322646 0.862669804392
0.99996752624 0.847798964209
0.999885791789 0.931270824885
0.974478258577 0.898504173555
0.943288437114 0.978281190966
0.999683076397 0.920373591567
0.997436752063 0.894398675029
0.999949935556 0.834585599086
0.999978643374 0.99999999676
0.999999913878 0.99999996095
0.999081378411 0.999995947271
0.999999946591 0.999999679608
0.999980662471 0.999983365344
0.978204834189 0.999999513036
0.999999920006 0.999128971782
0.999981518721 0.996651178786
0.961649039207 0.985790275608
0.999999999668 0.999994701701
0.999730515307 0.999381954819
0.991042422365 0.990924655317
0.999999999999 0.999998383525
0.999999866312 1.0
0.98287752738 0.994733354695
0.988319166399 0.999997806151
0.99862587446 0.999425984293
0.97922575995 0.999999810283
0.999999922272 0.999999171017
0.999836965338 0.999997538271
0.961969497842 0.96671237132
0.99988514368 0.999999997964
0.999999999852 0.999999887903
0.994050342997 0.978312096878
0.999990792742 0.999999995686
0.999999856536 0.999933600612
0.999999986565 0.999804369374
0.997530904828 0.999994028431
0.95412639566 0.9999225486
0.906435355224 0.994903830685
0.968039475383 0.9980860457
0.999930100025 0.899775333593
0.864264040054 0.979500511262
0.96898729647 0.980263355422
0.95051830978 0.886180413184
0.99911069197 0.999999951908
0.944335897568 0.999983897812
0.982350967243 0.941664307931
0.989638945435 0.84320263591
0.995286987246 0.999936324956
0.999999999999 0.999992732232
0.999994575216 0.999999941517
0.919659520385 0.885131087974
0.999998103158 0.999999999991
0.999108024964 0.999999669823
0.999997889794 0.999999928001
0.999999603112 0.999999984987
0.999999914545 0.999999793925
0.988960380984 0.999871078035
0.999122204146 0.999999405067
1.0 0.999999999998
0.999169316837 0.999999909558
0.99982206832 0.999999993209
0.999949820516 0.999999818692
0.834617626738 0.999977963228
0.926289470531 0.944956524146
0.999781275157 0.944430809231
0.860007176247 0.998950118591
0.999912019996 0.999689817326
0.999943165569 0.999999999984
0.95664343684 0.904971851102
0.999998182409 0.999999999998
0.995773382431 0.999999964741