0.432891015035 0.432891015035
0.361308983192 0.361308983192
0.354176457421 0.354176457421
0.431243409912 0.431243409912
0.432104810936 0.432104810936
0.360658690909 0.360658690909
0.353539707566 0.353539707566
0.430460334099 0.430460334099
0.375523480837 0.375523480837
0.377971588307 0.377971588307
0.357689632645 0.357689632645
0.380277013468 0.380277013468
0.382821561868 0.382821561868
0.429120631912 0.429120631912
0.35816566402 0.35816566402
0.351095619707 0.351095619707
0.427487459933 0.427487459933
0.372928266826 0.372928266826
0.375359544926 0.375359544926
0.355217016371 0.355217016371
0.377649121578 0.377649121578
0.380176177631 0.380176177631
0.346770430294 0.346770430294
0.429017649229 0.429017649229
0.358086532215 0.358086532215
0.351018864434 0.351018864434
0.427385026228 0.427385026228
0.372844172705 0.372844172705
0.375274633552 0.375274633552
0.355138875728 0.355138875728
0.377563440584 0.377563440584
0.380089647189 0.380089647189
0.346695128895 0.346695128895
0.38877292019 0.38877292019
0.371144085145 0.371144085145
0.355273846571 0.355273846571
0.410710435043 0.410710435043
0.419649874167 0.419649874167
0.393908890426 0.393908890426
0.371168796401 0.371168796401
0.381351464428 0.381351464428
0.368376952857 0.368376952857
0.366728581758 0.366728581758
0.351609454951 0.351609454951
0.413197888599 0.413197888599
0.377009184487 0.377009184487
0.373812358312 0.373812358312
0.423084240202 0.423084240202
0.42178790303 0.42178790303
0.42046176939 0.42046176939
0.428691496101 0.428691496101
0.357764935604 0.357764935604
0.350697721841 0.350697721841
0.427058977977 0.427058977977
0.372521628083 0.372521628083
0.374951932801 0.374951932801
0.35481746847 0.35481746847
0.377240592803 0.377240592803
0.379766637128 0.379766637128
0.346374264052 0.346374264052
0.388449352328 0.388449352328
0.370821649735 0.370821649735
0.354952430643 0.354952430643
0.410385457945 0.410385457945
0.419324322812 0.419324322812
0.393584992636 0.393584992636
0.370846359403 0.370846359403
0.38102837331 0.38102837331
0.368054695204 0.368054695204
0.366406429993 0.366406429993
0.351288274419 0.351288274419
0.41287275171 0.41287275171
0.376686372311 0.376686372311
0.373489751495 0.373489751495
0.422758468228 0.422758468228
0.421462214331 0.421462214331
0.42013616588 0.42013616588