0.982086814776 0.000489917729938
0.979007067709 0.00244572195539
0.0183171535051 0.988589945158
0.970408736751 0.0157707527905
0.980239245597 0.00143198610904
0.0382442204513 0.966072766137
0.980316640939 0.000639354120004
0.974235512444 0.00773687254614
0.982121450615 0.00304935158807
0.978157862486 0.00356589052527
0.00644800004749 0.978912788957
0.0118589037261 0.97304967793
0.984644350807 0.00329590078601
0.972985903878 0.00996266503897
0.0055235879964 0.98041193024
0.984887269687 0.00609552021253
0.0255593309325 0.968104762424
0.0023715757959 0.978979231985
0.00526775555596 0.975793381146
0.983413756323 0.00520372850811
0.969419985604 0.0187173288635
0.00084160541118 0.982869297028
0.976651683806 0.0101619764265
0.00791340515732 0.981884111192
0.00829329362917 0.978502375123
0.006688513323 0.982862033631
0.0144789025783 0.975135798304
0.970720656954 0.0161799002093
0.00935180215307 0.979651406967
0.0117255071853 0.973720395037
0.0269684401078 0.966870502458
0.97412374317 0.0104173804552
0.969445687658 0.0180144501131
0.979164192174 0.00121546303646
0.00695111416951 0.979403677783
0.974329771865 0.010564154478
0.982245835543 0.0034085193458
0.0234733575284 0.967390741495
0.00308918207249 0.984950442234
0.97681383909 0.00371091245033
0.0105109852256 0.978682764035
0.00451753773504 0.981219758245
0.00820051759591 0.978657757767
0.0111973679729 0.981497932155
0.974248516466 0.00801136590052
0.00712187319978 0.980807123913
0.974382966096 0.0101934598422
0.0139646769833 0.977922122392
0.00815644824312 0.986427754976
0.0165213767456 0.972140123643
0.974268879265 0.00891865119169
0.982370811124 0.000480064206445
0.00215723219367 0.982582850639
0.00864758536161 0.974079164071
0.000412984267852 0.983033771392
0.0174885876891 0.970906854493
0.0066292127965 0.982041100667
0.977892173651 0.00228185827409
0.00302104704968 0.984446334713
0.979994632848 0.00173048273941
0.0138881764842 0.975084672093
0.00755711641034 0.985434633407
0.00417233852173 0.985750737551
0.0173315368263 0.976552518322
0.0057934211693 0.981717504238
0.00626044751465 0.986708327932
0.964121308186 0.0307850794397
0.975685863779 0.0272898874121
0.0047590770275 0.976590957852
0.0072847483077 0.975648626056
0.00367722580663 0.982131718769
0.983591823553 0.00206356281297
0.973159602538 0.015170473472
0.977166657486 0.00848951135436
0.977503425647 0.00465425096198
0.955948844531 0.0531231747819
0.987445601111 0.00890014756453
0.00933996167445 0.982126311779
0.0232751116866 0.967820368341
0.000323272933874 0.980826323027
0.00227995378657 0.978948952254
0.00623141935464 0.975676998356
0.000724677782797 0.983163577531
0.00272384135603 0.97885219308
0.978650966883 0.00175188651679
0.980422605302 0.00114791950464
0.972054041615 0.0123598514676
0.00441200310494 0.976698813151
0.000730457466279 0.98179475426
0.00350227874649 0.977459698346
0.972850579741 0.0129307038262
0.982401177026 0.000600210183998
0.979830159229 0.00233393784367
0.98214290866 0.000374875352036
0.982576078009 0.00387510191961
0.979718882286 0.00317550393356
0.982400280238 0.00694490017085
0.00939925478207 0.973640741545
0.981150607412 0.000806252543258
0.975727787697 0.00655210203724
0.98131424014 0.00107357188545
0.978814079982 0.0018943008119
0.979082912442 0.00198969794465
0.00133908939971 0.979189183018
0.0084388157424 0.974111032092
0.000269330540596 0.982048116479
0.000928316638336 0.979799115161
0.982709313009 0.00098841179765
0.0010002797279 0.980239328364
0.979856069849 0.00880503787651
0.984560863955 0.00576500676031
0.0128244181386 0.972794805815
0.00296719982018 0.977348071882
0.00134693315124 0.981786078848
0.976166484763 0.0106866787276
0.985776168619 0.00816201085596
0.969549688851 0.0206528276117
0.975124006109 0.00636412700398
0.977370727809 0.00600910161327
0.984626721477 0.00420465964616
0.00211941213907 0.978979562419
0.0151218528965 0.970909379161
0.020950417939 0.976319176091
0.0252889250498 0.97064524541
0.0221779693225 0.971963947096
0.981755981274 0.0029332451596
0.969808907628 0.0180523555951
0.00271356724173 0.977533420772
0.000236759244541 0.981307106871
0.00606914699831 0.975541134138
0.000101132630662 0.98215129837
0.00043008300211 0.980830925131
0.975785196516 0.00505474217614
0.981288660544 0.000307910898625
0.00552876022005 0.978905223801
0.00871447471341 0.982597939435
0.01290546761 0.977179563976
0.00597508492864 0.982029706212
0.979241922047 0.00503463498882
0.974119132613 0.00865749394257
0.979756605758 0.0026770857004
0.97359233605 0.00920346367543
0.0111557750823 0.979583079922
0.0188290030443 0.97172518501
0.0302044067158 0.964521611475
0.00526089873668 0.98016829346
0.0134285551187 0.971604846057
0.00949293499193 0.974944538465
0.0047183169543 0.984092620475
0.987829353763 0.0164255098267
0.963254095465 0.0353211264316
0.976390071574 0.00581490741014
0.00455989210109 0.984598773288
0.962160811341 0.0384793086609
0.976135202195 0.0210660631902
0.0179072247763 0.969435960617
0.982889731359 0.00361816197444
0.977080859627 0.00818602863448
0.973595005094 0.0166367776147
0.981179548343 0.00866442043537
0.0059952098553 0.975366910441
0.004525088526 0.981168760435
0.977372284226 0.00588060523146
0.977553992894 0.0159030187235
0.000992608207141 0.981107513022
0.00556906630825 0.976999378753