0.332158654476 0.391844738805
0.0191896274253 0.706747670123
0.0456344233774 0.675208046099
0.0116215769414 0.71980097921
0.000972974146809 0.754170821815
0.723206707902 0.00862665013574
0.673728711196 0.0558407479429
0.734996894481 0.00467728951618
0.00457253753735 0.736576658017
0.000750087626638 0.753036949284
0.359095914067 0.365118452603
0.0281884519116 0.694232332154
0.147632289862 0.573629860635
0.0125824808971 0.718271859617
0.00452595215873 0.737264901798
0.729711908494 0.00569180959214
0.707895694582 0.0216543665226
0.749512795355 0.00155921082807
0.741577961046 0.00101992553537
0.0438135880969 0.675935366358
0.717294086285 0.0127254393384
0.309983392693 0.413779701108
0.625914944545 0.104026981652
0.00114381829285 0.750267328499
0.747921600099 0.000420456439445
0.00643665026629 0.731305119471
0.727275369429 0.00618208758553
0.0161299542432 0.711866785973
0.345848791925 0.378124058052
0.0365888660181 0.684210411145
0.680680366348 0.0487712961926
0.00542581116495 0.734029155423
0.0221150996121 0.703183204981
0.716783855375 0.0133696561349
0.000786585472323 0.752629433092
0.729753632152 0.00530410096108
0.74383693996 0.00200256245326
0.362800602906 0.36142378839
0.0206155524291 0.704445987223
0.00626357983774 0.733401968046
0.045013946013 0.675791258206
0.000135264719623 0.763289610634
0.704925356692 0.0243964482175
0.733672370703 0.00310792243179
0.742993592078 0.00103410325565
0.720549797992 0.0101841244468
0.754063619268 0.000495120617962
0.0509437456245 0.668774034131
0.262768316269 0.460220120554
0.733460047364 0.00360146728904
0.718215410286 0.0125542000065
0.0155395922324 0.712937103422
0.00161203376717 0.74995852674
0.508297971172 0.218554637325
0.00262971776042 0.744185343167
0.727459691901 0.00584066260032
0.00144055226052 0.749487958687
0.371969595845 0.352419122972
0.200820219054 0.521003701981
0.00302970610116 0.741969080752
0.0231135478221 0.700866106704
0.0111259154263 0.723030273218
0.736602971805 0.00248447185556
0.727416146124 0.00598305921686
0.715681717655 0.0140928149605
0.000582452768528 0.75408098668
0.0980470145767 0.622321172888
0.371242774547 0.353113043622
0.0259034809898 0.697691533131
0.00928217486543 0.724785053144
0.733703477507 0.00308998337139
0.00424580663255 0.7410189561
0.722044939449 0.00911835733676
0.353255977523 0.370827596435
0.00147774940068 0.749630334289
0.00406403271697 0.739163688145
0.051657363083 0.667971565747
0.730783582867 0.00484142217474
0.0165165331578 0.710971972907
0.741417554028 0.000798108837776
0.71888935541 0.0113947330178
0.652830976112 0.0768014408443
0.36186895006 0.362397204352
0.0319361913652 0.690205470432
0.0440579300436 0.675980237001
0.000805019551027 0.757155033271
0.0117585585629 0.719354775021
0.728589755393 0.00531525485693
0.00548545725505 0.733983085434
0.751022773318 0.000797630633445
0.693306907432 0.0366923462327
0.368032171013 0.356285395466
0.734190081369 0.00363564580913
0.00170171896667 0.757057388955
0.66068589682 0.0695129402013
0.720725721856 0.0109787891827
0.0468120702939 0.672939476324
0.0196468077059 0.706851939669
0.00550872465689 0.739202152282
0.742055498473 0.00211066051096
0.738382912906 0.00260158104986
0.597689177926 0.130189602404
0.0130674893342 0.717526357632
0.319599266384 0.404002814995
0.0293501612475 0.692541014389
0.733572052968 0.00421980452731
0.713036316527 0.0180589999241
0.00579845130787 0.732973762095
0.00163989242737 0.747867303123
0.748906223879 2.88850226036e-05
0.589181483057 0.138635698995
0.359601091245 0.364571751674
0.720505016378 0.0102555682318
0.723401068301 0.00860127858163
0.00665828475263 0.739260040883
0.738685429565 0.00182588232097
0.00846722044871 0.728119812176
0.0656106928429 0.65500638994
0.018422323761 0.708145670878
0.0105079276124 0.722070125425
0.0350512121584 0.685846439258
0.720623576365 0.0100319979141
0.725632127463 0.00674318806013
0.330750701647 0.393094446653
0.729173044766 0.00529479913084
0.00271853409089 0.744696198083
0.752382362335 0.000233013850447
0.556271821519 0.170875553131
0.340718104227 0.383181130525
0.0301035672471 0.691591841184
0.00197840554639 0.749694626929
0.734218272453 0.00313218030803
0.710343820239 0.0190713165526
0.74858876492 0.000153124573667
0.0093025785379 0.725090390004
0.0324955168592 0.690250070582
0.727267650013 0.00634052949606
0.35071007932 0.373393361722
0.0494781308034 0.670117542654
0.00886912107326 0.729661644191
0.733348740097 0.00329821797214
0.0164943414068 0.711954422078
0.00111496428678 0.773113136282
0.720654794936 0.0101602354864
0.00153174815456 0.751230530995
0.363581019931 0.360681731728
0.00402642660385 0.739000817829
0.0263085730772 0.696546183505
0.739453058301 0.00109634374393
0.00865109134413 0.726017002751
0.723515083857 0.00827040878375
0.74094824024 0.000820497241272
0.106540848605 0.614402358853
0.000939342218688 0.753152349789
0.0946699236576 0.625827941329
0.0330202113902 0.688277633671
0.350379751654 0.373866707471
0.00919649588312 0.724852285529
0.00264173044829 0.743118816678
0.734587616072 0.00305744467235
0.727012503617 0.00624652932332
0.710310628333 0.0193765660719
0.344379739414 0.379598761794
0.639536176772 0.0888381372281
0.00509540860405 0.736544051204
0.0517538045186 0.6678724939
0.0150226412748 0.714417239272
0.726914350814 0.00621997448879
0.733594870857 0.00282691113052
0.746372787788 1.33602419731e-05
0.386214994259 0.338414799614
0.0170357119897 0.710431484096
0.00102736628476 0.750949285435
0.738258405785 0.00166908404466
0.00463746461649 0.736212542997
0.717998764534 0.0120843262756
0.728379688947 0.0054487346586
0.031821702138 0.690416647298
0.652944848759 0.0755962637855
0.33187758201 0.391887934673
0.00554204422706 0.733652796786
0.00120732119275 0.7502215243
0.0244885880571 0.699533216475
0.0133860823217 0.716318674468
0.669150256112 0.0600013700214
0.72930101898 0.00480867227631
0.746904817908 0.000543332978676
0.714233737218 0.0153275999138
0.344500835495 0.379484721666
0.0245427922447 0.69989141492
0.741142497638 0.000975428687531
0.00158471397152 0.748235859517
0.00834984401551 0.727216929774
0.0727260820016 0.647506033915
0.697323914266 0.0318525394773
0.728552075797 0.00516544703736
0.351239251405 0.372834368752
0.0353772798035 0.685403320505
0.00463188981134 0.73615459766
0.0190271396678 0.707458194711
0.00284991736469 0.746801349369
0.658451920845 0.0701411948799
0.725588504591 0.00690015241254
0.746525623193 0.00187145881925
0.73255448285 0.00366003062745
0.00194220889544 0.746182149774
0.116669458633 0.606597000214
0.346377500671 0.377623390438
0.0132200151615 0.716691250008
0.0219205178058 0.703200489803
0.00140877206031 0.750674786101
0.737627205792 0.00212806651943
0.714770853155 0.0153565115035
0.731615200867 0.00394272628496
0.749862519151 0.000108611023461
0.552045263248 0.175438877851
0.338408183188 0.385650677234
0.727705412173 0.00551239029387
0.711096574012 0.0182779795548
0.735336606651 0.00257352429824
0.00616227000805 0.733988678423
0.0475789036922 0.672093109952
0.00493958322309 0.741799899899
0.0276846016497 0.6946666826
0.00255876904637 0.743588594799
0.119788858996 0.601141388781
0.0243123325421 0.699292605974
0.382277132888 0.342292794392
0.00860021092939 0.725936956146
0.746536827735 4.14399393357e-06
0.718364262956 0.0125073992183
0.729830746843 0.00502339267221
0.00123691877847 0.755425952713
0.742770724793 0.00169517717083
0.332584787965 0.391191841014
0.0128804103987 0.717545065554
0.000162866766872 0.759570402002
0.729092800967 0.00502722578875
0.0401631059124 0.680088825832
0.71081604573 0.0190074362963
0.620486478376 0.108017236037
0.00340478965777 0.74025371325
0.3462613763 0.377713760494
0.0204283726461 0.705055798433
0.724432108979 0.0078087343951
0.739611249002 0.00153395192004
0.69779275855 0.0313905114747
0.74378771834 0.000461859332945
0.0558118561258 0.663880691539
0.00165975520485 0.748502219767
0.00852860459087 0.726103492567
0.00255106335761 0.748114155373
0.0925506823499 0.627685778114
0.00401280857193 0.742291508147
0.0266420357388 0.696894886586
0.352523779283 0.371570060157
0.0122751610084 0.718711785052
0.727448053934 0.00580524862778
0.757219015141 0.000879974811309
0.0014412396454 0.749594677772
0.114831481164 0.606001690093
0.34093998023 0.382971699346
0.0249854553831 0.698226928566
0.00218112142497 0.745393342353
0.00966498304188 0.724401443089
0.739314674819 0.00189837034337
0.727645042335 0.00678665577111
0.710425289885 0.018940239216