0.0253361128293 0.084630014298
0.0054287128321 0.116982157766
0.0130007277946 0.0899741186192
0.00432721564736 0.05601324214
0.0270851760904 0.0794337928266
6.4601772141e-05 0.186472054443
0.000912442432883 0.192122209279
0.01727818949 0.0897255981897
0.0489892777253 0.0858167385098
0.000229992960494 0.140369120464
0.032339865252 0.0676270051426
0.0126660475055 0.0971266122777
0.0434342944683 0.0638896008932
0.0529487769741 0.114189583932
0.0343752967131 0.120796751307
0.000413379330254 0.191592632849
0.113528992039 0.105368996309
0.00772011188431 0.129295825704
0.036049853767 0.116988729085
0.00294048399861 0.148963769936
0.00350082658287 0.17058020863
0.0204883584854 0.0776625614781
0.0463238457886 0.0719280638838
0.00142522286418 0.187337124121
0.022552288858 0.136323666566
0.064255481508 0.129013666095
0.000969181327837 0.159377335775
0.0126485361294 0.0978807111455
0.0415821916157 0.0881826570754
0.000290844297444 0.157257230096
0.0196715550258 0.083026773884
0.227694881476 0.012120283239
0.000233631569389 0.119123347863
0.017703221062 0.110065803997
0.0426884787749 0.112928172833
0.0193024666419 0.134798677502
0.00402546511507 0.16432425985
0.162606347997 0.0152399838364
0.00648038484568 0.119105386496
0.00272931285399 0.129282994315
0.0760898786717 0.0551548869778
0.000821356369225 0.185444177141
0.101799062584 0.0702099470348
0.00739388115095 0.173065925789
0.0111520794862 0.0783104632667
0.0243005740405 0.068671732229
0.00308423478472 0.113617432817
0.0162221844437 0.0941372046514
0.0401400119001 0.0769910265755
0.00248732831597 0.195964598528
0.000860709243902 0.181782511747
0.0317644171081 0.101993756537
0.0107286834332 0.1367346843
0.0190781688493 0.0343705757626
0.0243237484724 0.0227271628555
0.356295107098 0.013230970473
0.0119360233882 0.111462459068
0.0664201762326 0.0820684385484
0.00298216076024 0.166881803878
0.0986792708031 0.0770844224269
0.00279307444774 0.13981528192
0.0257196229146 0.105357054938
0.00921791124494 0.121952884804
0.0732388370818 0.052543383245
0.00621980138135 0.0697276403041
0.00610723234147 0.0705246497819
0.0081470045662 0.169610512564
0.0844066237011 0.0866168278379
0.00082391598799 0.114389251655
0.000823916834923 0.114389271578
0.000823916214921 0.114389256993
0.000823916048792 0.114389253085
0.000823916004277 0.114389252038
0.00082391599235 0.114389251757
0.000823915989154 0.114389251682
0.000823915988298 0.114389251662
0.000823915988068 0.114389251657
0.000823915988007 0.114389251655
0.00438694602791 0.108820819063
0.0136778041743 0.0348729089085
0.11699526296 0.0208970546188
0.01464814441 0.115969115341
0.0979083076818 0.0342008613025
0.00089287924649 0.17758545975
0.000622780175319 0.0501750976957
0.000614639702788 0.0564084431492
0.132362348842 0.00533786411833
0.138091951079 0.00417094176016
0.0127389568666 0.0187721082898
0.0224276353078 0.0
0.00738845711954 0.0444653227009
0.0206527388489 0.00114451806212
0.0607319063013 0.0590351829005
0.0565372024393 0.0635604142501
0.00416891556899 0.164792907533
0.0569134479844 0.0628187445276
0.000667316548163 0.196038220098
0.0761791731704 0.0248654966442
0.00381143214491 0.0916176548976
0.0769254389116 0.030731878365
0.0771374872813 0.0297802521764
0.0764223372685 0.0249239427794
0.00531146413381 0.0345304090827
0.00996299640978 0.014674332954
0.00661784072006 0.0220729444949