0.00083543805114 0.856255762039
0.0990404757138 0.77707128585
0.837502173827 0.0294064452005
0.869647412747 0.0191627749103
0.777069136538 0.0949362887581
0.848686443613 0.0252961445312
0.0134776685822 0.849197563006
0.770040234873 0.107718453517
0.0634825690741 0.803852064472
0.854132601542 0.00754578490748
0.0095718969737 0.856176719489
0.862228954039 0.0093446925659
0.801082425737 0.0671563687118
0.846863361111 0.0165065683651
0.0180463071888 0.866959999973
0.0298290521306 0.837575787997
0.0873784619021 0.781025181922
0.851230185167 0.00848725550126
0.100816884113 0.773927856317
0.00886171888087 0.852722445714
0.0120162110149 0.848554938065
0.777573531032 0.0950359560149
0.854928529796 0.00226994854588
0.787601646606 0.084885773872
0.845542774083 0.017307462957
0.0121187138034 0.853442667864
0.85380377215 0.00851458667658
0.0987289073567 0.780873271072
0.00356925310467 0.853883759192
0.0953387110012 0.783444917616
0.859277826244 0.00840855037607
0.0131355032903 0.850642413269
0.812882222782 0.0552928655435
0.856989302193 0.00939995265517
0.778222274028 0.0917021140728
0.850085691104 0.0108433572642
0.0191857751939 0.863267727849
0.0961271301202 0.775418357709
0.0534000898809 0.816564156701
0.0110525562642 0.850743361749
0.782382130698 0.0870205607516
0.097344184943 0.779346462696
0.0137659403628 0.848224496964
0.851381016882 0.00837949996702
0.857939250471 0.00405713558573
0.857274168605 0.00440500322036
0.0099754700849 0.862573962529
0.00403145754644 0.85532312923
0.0761971154778 0.792363850561
0.85880477131 0.00626962546194
0.848690322487 0.0150154622405
0.765920138397 0.112692237223
0.00637177233805 0.852725164963
0.0735069063327 0.795273704438
0.013288889316 0.850831381215
0.76763627867 0.110774231798
0.0125295628844 0.851435153308
0.855495751396 0.00333986474303
0.0120920654831 0.853814468158
0.858781037197 0.00490853744085
0.00683937102943 0.85415780461
0.855769464152 0.00605373983555
0.793363525012 0.0744877551577
0.115825504516 0.765679700726
0.85381526475 0.00476923654054
0.788699886166 0.0791120145296
0.0953608036085 0.778555195276
0.853680232601 0.00547405050545
0.00673208387611 0.853192204095
0.854864959453 0.00128330238644
0.102412291091 0.772004780676
0.791085960688 0.0863969765713
0.855100128436 0.00244541911588
0.0130594709225 0.860576033575
0.0270481770022 0.840315795912
0.0 0.855539500036
0.852246200249 0.0075904162946
0.0810357699391 0.787805674639
0.000702163853925 0.855303016633
0.766540725614 0.113152233068
0.002180442211 0.854592916637
0.856161740369 0.00764686529961
0.0782483987048 0.788834084539
0.778475000148 0.0942623201335
0.00230146430863 0.854432246422
0.0131878742263 0.847956506479
0.780695302563 0.0916143880298
0.10976233821 0.769092733459
0.85544193072 0.00182335673934
0.854233794494 0.00290251799986
0.854217740708 0.00273343268139
0.00311733846725 0.855941498277
0.854299123737 0.00251844022965
0.0986125245202 0.773360868897
0.00599621401381 0.853501775942
0.0752386928904 0.793720903424
0.0067161687129 0.851915186008
0.0084257653805 0.851608615986
0.00536212864387 0.859887718391
0.856139469406 0.00441471678456
0.787420189235 0.0806370090656
0.854303882407 0.00293822968379
0.854303987419 0.00300926174347
0.014952309502 0.847206222451
0.0929911965146 0.779619999777
0.00857497405491 0.862409389513
0.00996891936012 0.856367086849
0.791871135461 0.0765889084523
0.0113850236017 0.864275580798
0.794816043515 0.074326641378
0.854217744212 0.00519528752911
0.109282534302 0.772162990976
0.854497209802 0.00327728105859
0.854743727561 0.00260316266239
0.854401179226 0.00272037963891
0.0708649027795 0.799965865774
0.853867943436 0.00540425238987
0.771081431773 0.102412306381
0.851202450997 0.00814604042391
0.00731281270732 0.858584465635
0.0914796459433 0.77965712824
0.00154195517557 0.855006085897
0.085523892588 0.786320969743
0.855000398255 0.00183769036439
0.773827727629 0.104159167741
0.00225815535477 0.854254012828
0.849848445429 0.00990654024301
0.785355323724 0.0832071316153
0.113607979268 0.765800690788
0.00554429051615 0.860171304128
0.856414722216 0.00792351373507
0.849606792925 0.010705273759
0.855579098748 0.000896924817197
0.0869890092114 0.788996106808
0.81550277418 0.0511297174323
0.855929730104 0.00140162086863
0.0595790277619 0.812835948713
0.0182081754168 0.862425641415
0.0168126627895 0.868010059544
0.00349265761568 0.857686373758
0.0954961639207 0.781132941529
0.855686335988 0.00401393506387
0.784487084002 0.0837209478664
0.00285485823686 0.854364366778
0.0025146409235 0.855188448557
0.100630217532 0.771989689728
0.770698213382 0.104322036407
0.855966829262 0.00098167755352
0.781692986011 0.0865375952146
0.0682455493865 0.799189375734
0.0014055677895 0.856645440855
0.856398135114 0.00868261434547
0.855487400549 0.000637140673199
0.814573247572 0.0536611019147
0.0202658144661 0.856819829822
0.0256699908756 0.847861498119
0.0727864047261 0.797640129284
0.851189483107 0.00894830028596
0.00534306537166 0.859210375608
0.774315942944 0.0963854855928
0.856920111523 0.00680774985217
0.10270554418 0.773849480208
0.00606726491855 0.852156912875
0.76263402523 0.12423908815
0.855331560104 0.00222622473543
0.0978614901508 0.777403882084