0.419017393236 0.163657634349
0.070664015717 0.317122443547
0.00621512768536 0.464158611755
0.905523229169 0.0338979743786
0.693592384492 0.0753372656589
0.906344193981 0.0543587637827
0.405092796528 0.172272785447
0.332467040186 0.199366457218
0.00640708988465 0.494243988883
0.127613589282 0.284302425886
0.0170167352778 0.462600928222
0.0854700032512 0.32913652151
0.816172940758 0.059830080727
0.39542653811 0.117576525189
0.0122453277249 0.411174961056
0.249972330997 0.187769924335
0.0869679758429 0.291036249813
0.631851319051 0.146207520445
0.0415811903136 0.429676580291
0.214476298803 0.28469271945
0.312115883771 0.238430815659
0.080415005783 0.375604032507
0.0160538470214 0.495388680622
0.0298523688094 0.455227062522
0.373112674911 0.215135025037
0.981188835985 0.112230935366
0.683795319509 0.0383311311422
0.554223089867 0.0640575043046
0.0920669471635 0.246208386305
0.348177732815 0.124364547817
0.034327372736 0.329301144407
0.00983474443972 0.405207411041
0.0172284309602 0.366965706442
0.274600921873 0.149582488291
0.000555043785788 0.517267686055
0.0246439229935 0.422148553772
0.0862843043094 0.353990724623
0.237740226325 0.249808382311
0.29998095624 0.226609870612
0.932432349756 0.0995568094042
0.608414140986 0.153961127553
0.132838141663 0.317921681592
0.726992246427 0.121560366401
0.262461139267 0.233116934419
0.120249160169 0.31992780284
0.000978090091961 0.51241764114
0.453256628174 0.157853061194
0.0278008073486 0.439600834691
0.0827263274404 0.355765472795
0.920995015154 0.0
0.0328198712406 0.386495157646
0.593525237525 0.0931445710812
0.215863249104 0.243042182232
0.0112246415326 0.489441015135
0.311532928681 0.137760207093
0.00540738432044 0.418436560758
0.180982942212 0.212145864507
0.0213246721237 0.355813864457
0.904815856589 0.0568096146393
0.0739334468214 0.2952761265
0.846335421937 0.0664213183118
0.244240713516 0.239434024932
0.028531540463 0.411899132857
0.0037446696177 0.557000555612
0.460742091776 0.139865394022
0.572576283642 0.0998452712391
0.971175540086 0.0348287535307
0.597395015814 0.14709478927
0.00267268481112 0.534890483335
0.115239281347 0.324375853249
0.0594308601401 0.386060069557
0.25980736345 0.257043407993
0.00704846602817 0.446160305616
0.0353403577361 0.402144195493
0.426394172882 0.152946826936
0.097989140873 0.344385080233
0.211887405675 0.261654713351
0.529313830186 0.132590374071
0.850297013777 0.0748381366106
0.0646924252588 0.326445862219
0.735733790465 0.101972359969
0.00912737049032 0.455345408046
0.000176028240894 0.494908207303
0.0899122755168 0.305518868001
0.654153070221 0.0471379435582
0.00157697427128 0.487441298234
0.220652132916 0.241149173367
0.0292740461761 0.410638154307
0.716738859919 0.101839197665
0.958276202314 0.0803278509871
0.00704887472998 0.461997712953
0.0280371391137 0.416086505752
0.129345990123 0.296027175829
0.341314006426 0.181757174412
0.82818184658 0.0788751633175
0.0761267865023 0.317172643532
0.00445396184296 0.458737114941
0.677653037759 0.104803309386
0.111067691341 0.301483362036
0.430516882026 0.174895264279
0.00104518230047 0.473006871355
0.410881231667 0.174985814838
0.736517266585 0.0841593154545
0.0546326810125 0.373382081096
0.187484316477 0.273716329568
0.996856500185 0.0264292981334
0.139572294992 0.252046448932
0.296607334861 0.170623427184
0.0262588300161 0.35887273314
0.0746327882907 0.294339985289
0.756142658756 0.0628537488801
0.00695408701827 0.463489680359
0.950584245194 0.0338445222556
0.160054582188 0.192622903883
0.0238066685619 0.371813369086
0.001553281384 0.481299250538
0.60263529315 0.0956308377111
0.791348458384 0.117349455431
0.00507478075153 0.543421387079
0.205822786316 0.261511748983
0.0477859352049 0.427443147013
0.24848610029 0.239103621904
0.147362565222 0.303865510597
0.00906460996081 0.524486286428
0.01675148388 0.433152007247
0.879827513298 0.0454665955612
0.074246917348 0.365607910674
0.409382107185 0.192244985553
0.00253728437575 0.53766941276
0.224724223511 0.263623705901
0.871841282444 0.0419598583437
0.0177912004323 0.462737791102
0.108012846171 0.300531562452
0.548128193179 0.124560009762
0.221763349356 0.239224536142
0.0516257824538 0.389091525666
0.169859532461 0.266308725768
0.456681089147 0.153461200895
0.106741379503 0.289836158923
0.0109556336761 0.44997579172
0.789634029059 0.085148881276
0.0474871700359 0.374518689217
0.000287718438123 0.450369834864
0.0451055507692 0.329926976033
0.0110126836072 0.378342060836
0.195756553981 0.241179763918
0.640507423815 0.088922498943
0.343832336232 0.164104808282
0.0294804742922 0.459480324073
0.21388735428 0.276276978251
0.0830140573613 0.376148376515
0.644308405919 0.113758319402
0.356211876984 0.209237540716
0.0185442965276 0.489853335897
0.00592989987899 0.542718516528
0.707517279339 0.105690322382
0.823962980394 0.0945603486704
0.36369080642 0.197412345458
0.0775733652627 0.286223445948
0.0246497963489 0.393905280943
0.00106070595298 0.529674043007
0.614369648145 0.130748547407
0.966015864971 0.0756939325404
0.101049674276 0.283528027952
0.00657923115633 0.422148031836
0.745395995038 0.111002461817
0.348931599086 0.191875751312
0.0209209432084 0.376346540628
0.23224475613 0.182769644226
0.0987187893043 0.261271401477
0.463424850317 0.095636231511
0.00535467199048 0.420666016027
0.00058446430121 0.452807345041
0.847025505803 0.0264367555812
0.153608167292 0.29107141761
0.276956918258 0.190663067272
0.0101034298895 0.458130255436
0.0277325657671 0.411121578963
0.109470394104 0.254301385553
0.564593788597 0.0493075730444
0.0306919665396 0.359811629428
0.0100915292827 0.396764404744
0.00172805560087 0.434433334182
0.251631390361 0.175707908184