0.854888505167 0.0371935582588
0.125648212811 0.30393018338
0.0640869292113 0.352267071198
0.266250992659 0.230206577871
0.642095176989 0.0806893191271
0.00341780196563 0.537142469067
0.0228441321993 0.455068960669
0.26486658725 0.219044185526
0.00321693044774 0.52806193959
0.848905108767 0.0420768301949
0.0704120126737 0.361685651062
0.0231735827096 0.423905534905
0.64366796817 0.0797658898829
0.00588218240061 0.5170424651
0.0916714667448 0.323288495564
0.072165227683 0.343437731027
0.0233698185797 0.435396526295
0.238014396421 0.222407009534
0.462136358733 0.126272096652
0.659591992179 0.0562360103084
0.846542396458 0.0260468397115
0.249029895019 0.178593118706
0.00480161935144 0.496161846301
0.0599786427042 0.334025009512
0.0208876255889 0.392907178086
0.854627331228 0.0175305025716
0.63030918227 0.0798619546092
0.0153658884207 0.447717373052
0.844383386057 0.0390154327314
0.45613342002 0.136491551487
0.0268331679498 0.412972035271
0.867794220428 0.0358685908736
0.0703682889711 0.346847207286
0.265182162493 0.228138023792
0.013291760744 0.458289273137
0.861746449948 0.0282603357028
0.253614274314 0.241840833153
0.0480133957324 0.38553963909
0.0303979222891 0.416526795103
0.842854169977 0.0360261339273
0.0130743731125 0.502425258136
0.653867817873 0.0879250375697
0.851486956359 0.0284419637578
0.287919315501 0.197659186304
0.655031409368 0.0856047426461
0.0547508874407 0.356112126793
0.0214769840014 0.416310802668
0.000798176996669 0.561193817856
0.245238571855 0.217533545327
0.442886255363 0.133783502082
0.644643608894 0.0901369523555
0.218239192619 0.268890780943
0.273986374865 0.240533287046
0.0152682662697 0.482879464632
0.0426481377298 0.404064385306
0.832714836695 0.0500586263063
0.00345968602498 0.572817313683
0.857196424222 0.0319433879489
0.447894209809 0.146112280297
0.0884152031615 0.33964934845
0.0169818042928 0.452404931896
0.0435279316758 0.383966907687
0.00912478704512 0.49558946049
0.236655238227 0.238936258749
0.648030414444 0.0844386565949
0.274211364415 0.227412296039
0.0203256351854 0.459734738799
0.068837794347 0.334492310692
0.002328587668 0.572745211813
0.848844036684 0.039120061001
0.8522914188 0.0387916342748
0.0516789725046 0.407650841699
0.846224994044 0.0483978009458
0.271731416604 0.193915751341
0.644732809576 0.0859413736058
0.0331540875437 0.381991087521
0.0785709761474 0.333378129116
0.020212453053 0.416716057348
0.00422901099622 0.503722422165
0.849859378048 0.0
0.449016583957 0.118956275412
0.44018459492 0.127522166176
0.0106457641772 0.48373996194
0.0223756991239 0.426925518886
0.238803199937 0.248595211234
0.0828102721919 0.353146272858
0.837720301242 0.00297391804106
0.0478519124122 0.389566090698
0.0291151385005 0.423120015686
0.445143111381 0.152157602526
0.0511593891069 0.385100028057
0.235773108428 0.259102948291
0.843177621381 0.0128971059289
0.00494073331959 0.518984066254
0.858991172645 0.019393935805
0.853741386276 0.016445971459
0.0701734073085 0.352031991139
0.24099683043 0.241991284532
0.0304821493896 0.411937201436
0.00955223021204 0.522754525574
0.448043622672 0.138771830337
0.630111189803 0.0824532808416
0.851411109304 0.0291008202442
0.4578824075 0.136527420296
0.058829818591 0.370896059248
0.0706343193319 0.360044080635
0.0171554155323 0.460992540713
0.225189238396 0.255972272849
0.85217923591 0.0521342770957
0.248887992941 0.250405633236
0.0301318120295 0.400501149746
0.00713346352838 0.465850390713
0.0442373124445 0.383120971297
0.437443460905 0.162399810262
0.665083412092 0.0924149967936
0.847617913025 0.020548299362
0.083512711059 0.308576011295
0.27317851277 0.201170445258
0.0211515359524 0.428753942165
0.00220211931756 0.52993796879
0.647207332084 0.0776056478708
0.442017941662 0.142364288295
0.857806231391 0.0520500545992
0.0465087927102 0.378575220736
0.0846211891041 0.333404667364
0.00238573946197 0.578433119563
0.0156484405451 0.507266364955
0.853704342825 0.0269046694394
0.0738542720524 0.324323628416
0.438167250653 0.146869077523
0.651449467268 0.0689466200334
0.0229010419117 0.466844516422
0.0098062019725 0.516564943484
0.0859646770241 0.330532298283
0.240428181917 0.242594524275
0.860329746333 0.054795283449
0.0206516700696 0.427069417343
0.65152591296 0.0973767269883
0.471546606233 0.149831843216
0.0168238253043 0.44153126783
0.00517043355274 0.551151609848
0.0774636452893 0.349014522483
0.0138521357463 0.444502190804
0.450025371411 0.124459942171
0.853885941376 0.0117738449966
0.206657068042 0.271072804119
0.0743878152372 0.36731527925
0.84089249526 0.0142994219809
0.256924949398 0.171535438987
0.0619689041229 0.278587346746
0.861022361764 0.0296839738895
0.0198155975926 0.377905908691
0.00189806959079 0.489689527751
0.648150416107 0.070781816429
0.85198686509 0.0102833814969
0.451422731053 0.133787869261
0.0390166306912 0.426832227263
0.0272199069608 0.448325419774
0.202380651936 0.267710320335
0.0663033876315 0.394110491901
0.0033714583638 0.560296148671
0.247167073511 0.229208377111
0.440644715942 0.145188453594
0.0711802813919 0.337619738687
0.00100846173917 0.5667163445
0.849629276416 0.0222777434944
0.00676695808999 0.505701968422
0.835606187679 0.0242019498016
0.0300721097262 0.419424926519
0.857700603035 0.0275307259757
0.25211283902 0.23980424886
0.430209476171 0.131820021362
0.0548882513239 0.379769361696
0.0260777964355 0.424114566371
0.00447607287643 0.480638612634
0.653254658409 0.0689951668154
0.847925875064 0.0476977723558
0.00272527736261 0.566765584899
0.01984576685 0.465604644217
0.251589020089 0.233149323089
0.642068881446 0.0840495298215
0.0417686087786 0.387875891459
0.0834114812684 0.342517338272
0.0053764187431 0.55433411605
0.0758425583811 0.350183681597
0.245852032054 0.210138507789
0.0191340719702 0.456946924719
0.853061575517 0.0367333361341
0.649248453374 0.0805710581569
0.00926942211158 0.462030404206
0.0933234313146 0.296890512422
0.0258429994121 0.38686974387
0.269353345369 0.186741118047
0.848320895203 0.00272667087998
0.0331383594359 0.37506497085
0.84594795464 0.026674046529
0.455467697847 0.129197473747
0.244064428754 0.237585534049
0.0739035255855 0.362802196778
0.0158539436363 0.480440992417
0.0419172390053 0.414922700353
0.00276955880634 0.572187508734
0.843208417609 0.0255460042817
0.469225036083 0.133489505649
0.221776151523 0.232780636821
0.0701348351139 0.355010572798
0.0041099773191 0.528121140062
0.025290822396 0.424292200118
0.0182705955633 0.445469899359