0.88314887204 0.0207537799703
0.21612415755 0.153811596569
0.0172048965221 0.350776111493
0.814741261055 0.0327583833411
0.060482056115 0.283795868704
0.10919323373 0.239947901445
0.498444711321 0.0411012095122
0.0134312057042 0.308023903603
0.174595590334 0.179154584111
4.07631732008e-05 0.376645422359
0.112417257859 0.19461765925
0.0060828348137 0.302044948201
0.565235212748 0.0484333514561
0.3428455035 0.0935185484499
0.198782721512 0.110429613266
0.0187010671321 0.320744627694
0.0370399885101 0.285865766345
0.413930143233 0.122616013753
0.00369719747651 0.392128975712
0.0944440964493 0.238982768315
0.00919250428787 0.323309915935
0.152678126255 0.223038792679
0.0121823920887 0.364323424118
0.182230459444 0.209127480369
0.250083683635 0.174312703646
0.485459041462 0.0998867049245
0.6890748716 0.070520537312
0.00940682376084 0.334658790951
0.762039118281 0.0923240278468
0.210413825846 0.205480345788
0.354740300988 0.14846589546
0.0224666648152 0.357910271964
0.00314834402488 0.395999282765
0.0751525785318 0.296990229535
0.538156737047 0.0897550145482
0.00652833785345 0.344093431831
0.0414999403971 0.268824649968
0.228826278355 0.146304046202
0.0140272948255 0.321256827387
0.0684161669957 0.245236356023
0.032169208931 0.283585869081
0.00351889481494 0.343000674933
0.159773042867 0.162837173297
0.407308450989 0.0947887422936
0.338489134445 0.105130731152
0.134432242255 0.171649962801
0.0670114253877 0.249534988227
0.3950930122 0.0890168153607
0.0736216641897 0.260192300266
0.0479610873724 0.265584413571
0.0287712590102 0.335846805671
0.291869400577 0.136495137572
0.00497395915934 0.43842124036
0.7039115888 0.0684597724219
0.0448386654113 0.317092436225
0.0252871638546 0.327339456467
0.319705154729 0.194586122238
0.254185015018 0.201992489667
0.00285268599713 0.444759372662
0.288225534957 0.125029748852
0.00407167681081 0.369965461228
0.939879777799 0.0
0.0446136123815 0.292586140098
0.10663073712 0.222214817547
0.0155572344575 0.337441808823
0.0266701348022 0.320643952216
0.676778336739 0.110943886184
0.30522910138 0.155148914886
0.024099990179 0.309887385863
0.00422037032662 0.367217667159
0.10243277295 0.21902985368
0.39563257862 0.113075983855
0.00167618759653 0.333930546734
0.00609805644616 0.316389540971
0.021886615654 0.297904317642
0.0933285867056 0.233142543323
0.172758880938 0.191565144915
0.146871282327 0.204111058047
0.0839504646808 0.200248993958
0.0118316390422 0.306788618905
0.242110670272 0.123974468706
0.0306023653572 0.272770881893
0.777487690336 0.0343316373375
0.0115532672239 0.308242866557
0.632165522907 0.0570322941626
0.321869942819 0.101978137787
0.12897680388 0.179560697071
0.035383577673 0.245387160766
0.000138153354854 0.367757610723
0.0101114690769 0.298307321245
0.00957149458899 0.302371414761
0.723689915142 0.0817146008621
0.0138279001713 0.385421638586
0.0455993538349 0.311676570889
0.404301533164 0.128037949253
0.0842522984351 0.272590617504
0.00193234420314 0.44323481989
0.333018614574 0.142308467521
0.0129173412297 0.329776257113
0.00351040812007 0.372240418982
0.14052743566 0.220346932856
0.231859454704 0.180956130463
0.00726760895555 0.340969319596
0.461145833403 0.12980486739
0.00418727377278 0.398319157265
0.11881361602 0.214873857651
0.269543781067 0.160922145082
0.0256150074985 0.351048782241
0.794646770857 0.0792003063375
0.0883066308922 0.232653728209
0.0494030297911 0.26846929376
0.00395848851934 0.359172957018
0.27599727451 0.144032779936
0.0646618504146 0.252666205674
0.4858973075 0.0851307279115
0.0323324506923 0.294421875835
0.0297212223638 0.295550271213
0.199943226105 0.188149286717
0.68144112727 0.0610344073359
0.558550668368 0.0864698738281
0.00387154630646 0.396542679824
0.0622338263804 0.263345611433
0.020571399546 0.343644696635
0.873908723203 0.0608972717308
0.107440950853 0.279208651792
0.00271983964256 0.390067948901
0.0106857017799 0.367871364142
0.21248783637 0.205747854457
0.500535180499 0.132687191997
0.81361816074 0.102104005511
0.0612409446318 0.323143156525
0.273579038138 0.210448905831
0.198064920678 0.233603925559
0.0223170462269 0.356539084166
0.482235950738 0.168385400335
0.00163049159359 0.448222795987
0.0127012800039 0.371935499702
0.251681914013 0.188210390712
0.0285499290748 0.370912488488
0.678187939864 0.0785128765321
0.865365483079 0.0415581219244
0.00641659952962 0.467668984894
0.0182970807069 0.295141895473
0.382279221628 0.0573063470024
0.105513558514 0.14571753395
0.00527378050005 0.364023602788
0.0483965738006 0.224494989722
0.158206511626 0.143322427839
0.0598157669371 0.189338918699
0.385411105004 0.103503530773
0.203844279841 0.183560308132
0.079615024846 0.245528633756
0.589885371039 0.0612102799253
0.000276596559894 0.389484719727
0.0177577219474 0.328348476165
0.088189078512 0.238447711829
0.0343792978059 0.299072888622
0.00585601835868 0.373475848006
0.0199483597383 0.326748906687
0.0611470844475 0.28162282601
0.251678985387 0.175590817062
0.120796021663 0.244969684494
0.27432276654 0.171371866456
0.0403539488081 0.357720186531
0.260880843402 0.234463514786
0.000198385484831 0.4323235569
0.862892794061 0.0667789313378
0.12185838214 0.305007994293
0.572891073114 0.133265863453
0.0327191340425 0.369089692468
0.123400467356 0.299099838745
0.025759518941 0.399481301083
0.669948992819 0.0915606000721
0.000415959045092 0.519341351352
0.386523188829 0.159416772075
0.00984832612789 0.449556038458
0.275159183709 0.203573317083
0.465438859769 0.0703309021019
0.263811382288 0.107902960473
0.00632558760248 0.275439254944
0.131858647677 0.167666287961
0.0768662609753 0.203477087422
0.481014355695 0.0850103555862
0.055164223186 0.24559791489
0.0145807165206 0.331972711803
0.00660682204389 0.361843392271
0.658093355037 0.0668806640752
0.154452014667 0.198086603564