60.4793001767 1249.9879734 4.52878289946
67.8869252698 129.787205449 437.343146629
679.610803396 10.8278725126 7.08729730634
190.678967616 363.288122624 58.1880948903
5.65624814032 15.7972121355 702.301533185
101.56738252 193.061737937 106.932004948
7.78250243376 6.14341127538 848.439672222
107.439397678 208.151333068 114.31514649
30.741957355 0.462352262527 805.362841253
167.400182405 26.6988856435 539.772144672
102.228450233 195.255526276 107.913846516
229.053035107 485.35951245 65.3679269504
1082.48570315 3.94768848635 54.848324573
3.14164191823 1028.90833149 25.1499614069
101.659705778 193.43359785 107.089059429
413.140544871 237.045872264 78.1801849209
38.0714983837 72.8885104338 442.121117634
42.8385831793 1123.98761583 16.5275379572
13.3525680881 9.46888756747 742.608130161
724.0611805 78.8124709323 92.4315897247
451.607921315 362.424078932 8.81860924765
0.0973461480449 0.140127587624 649.619409147
199.808209555 142.28841224 232.377107781
13.8262781159 843.347112807 18.1165751084
7.59557721076 7.09839397981 598.95941923
1136.15671108 8.88056475391 10.5236552862
971.28940234 82.5900775863 16.3107135647
10.5164778799 1.27929663558 780.443889477
11.7548576013 1149.86385644 21.2482532125
40.8823524834 136.145357799 444.068978275
558.849597694 72.6362570962 15.2765454413
690.811600822 3.82916844082 6.19197151365
84.767307874 626.866542263 108.890634631
215.557075407 427.136837461 67.8866011101
5.27152603066 25.0415946417 693.6857623
1.80332813812 2.53810802135 666.130926333
754.830448511 83.0305875781 23.1111980551
13.9794661633 1008.42059881 5.55821587669
175.509742279 176.111083099 129.289794968
1282.6560904 26.6009136354 167.368928897
168.743921376 502.76728796 41.9993161665
9.94442385653 12.697647405 734.297494982
19.1019764027 83.5788480265 567.308947073
4.92395378935 695.607271841 0.811904020105
17.5786614289 18.7868640548 731.798904994
880.610293107 0.538661691684 34.8511958062
227.587958217 453.166755012 65.8530874631
9.24581153767 6.36533209589 833.569380103
3.11876283798 8.34644730571 774.744267165
363.643253842 282.389370753 83.1084987531
8.20164574871 5.35193777648 758.311564961
875.543053226 51.3117516137 88.0165219754
105.000566942 1067.12162287 7.26381324868
17.5391272362 1117.02162816 95.3846947896
150.412504733 198.990054115 356.554626931
145.048010711 286.843186675 115.498989145
21.8659153266 0.570764006854 642.495979752
578.560824524 88.9649920007 10.0054636257
56.4371456905 1181.87847409 35.1745763948
61.9725336598 19.2321564045 551.120381061
197.536538452 737.323341313 12.4382888424
83.8683777034 59.5375486541 369.477298493
508.144238799 83.4289082025 84.5878877014
10.1400795083 13.0198357223 692.821627285
843.828682589 152.134228483 27.1488125002
4.36380015104 7.75011630408 680.880313389
146.817932373 473.747211346 179.605605479
71.4651899778 978.502061384 2.00344573975
1023.85970853 8.25581886342 20.3256021541
184.312523233 604.8863565 74.0459916326
394.333878486 61.0432811595 0.838556189548
5.10463992885 1.56820739427 816.073635012
51.1319305889 1197.09722695 42.9645156486
798.206604853 30.5159917738 16.4245923136
238.212714472 328.898303371 65.3892190715
184.949278929 565.775650208 73.4311408163
18.5778482681 13.5132262778 595.058012241
836.266532908 133.489762903 26.997902763
91.1460543325 998.129377249 39.6193398757
4.85243071318 14.692903542 627.182656997
343.492806412 354.298321654 51.4543334277
59.3146932155 1122.6059573 6.04251888321
1.84204331557 6.00024510753 699.014827018
1086.25380113 104.343672119 1.59150876292
29.9075734287 170.814329774 534.058002794
64.0894982011 508.485886898 89.416277691
2.12427891896 2.95083688128 485.64964697
746.960829922 22.186638675 1.10666983328
2.60480238809 2.84354495931 855.560789638
99.5793358406 540.109410519 94.0344294603
275.646225656 203.922034754 115.986570263
503.099594717 12.3906160661 170.336084299
153.319798963 30.0192124563 519.87520532
1072.95216951 13.4932022702 50.1500680358
1008.17478386 13.9715796457 47.5471998805
5.36410342019 2.7685228618 692.661515396
45.1376055298 63.7974363919 446.164729904
215.30077444 396.879773143 73.4805219682
317.875244396 159.741060192 190.728303105
778.706736712 3.95203546614 131.467790858
785.612012601 1.22069438422 24.3003158583
44.2389700356 55.4760612897 735.856854682
15.2612188221 2.03645071222 919.621639839
80.7734478265 602.947867272 83.919140287
142.79547158 92.2886031725 532.244076455
20.7512859141 1050.26488507 20.5838367172
16.269820382 774.511795445 46.2521689552
606.04854849 89.3594490309 90.9786509849
2.71052380979 3.78004314622 588.199671307
909.731406404 25.5815651819 22.5652944624
796.871763828 122.455693107 4.37765687096
115.775379115 683.861123211 118.103691099
105.279461824 200.038235865 307.231542156
0.777783366315 1.65885830665 726.850209634
408.848331043 430.788199802 46.3888420653
1.29704187596 524.522015733 163.140056725
0.166608094973 12.527507853 662.27123788
1000.60060397 2.63365224753 81.0592872631
910.485289623 67.6719763051 58.3993802018
436.334711862 226.48165851 79.2840183289
15.3133117602 1001.46939191 6.23519627523
103.773156296 713.475342247 13.6385431586
14.107938423 11.025604458 547.924296261
31.4102478176 64.7341330984 395.449858356
880.306706736 14.0216908505 60.3046662717
262.246785992 376.205714905 158.23032396
63.0492771303 1268.00791004 0.652148864062
197.182287713 626.799634301 93.8302284149
757.854228292 2.42373538176 103.908041322
503.222918668 163.73847544 76.3043386454
2.07006812927 2.74873939523 786.01150119
911.287549486 3.48132072994 92.315306133
5.77754873538 814.305791369 109.850046353
171.252337405 495.432076815 93.3299834719
102.10927473 1129.85510686 19.7675142804
683.034702493 41.859906474 114.134533779
3.47303987381 4.98170088642 805.590923604
252.630728612 337.418143502 180.391862351
8.68269586316 401.804633051 392.111957362
91.6734886162 605.088236093 191.289403919
2.24457709046 455.82515833 148.316709688
95.5784832953 772.550511791 27.6687269921
19.6830571305 64.9084023966 594.446437854
897.695505997 99.963400933 4.41299696503
0.402699547228 0.128928771109 940.115587165
744.565398895 98.8236674218 104.102876909
1.45104625629 961.475796565 58.3657496419
4.73456759128 3.48292505442 710.438510173
97.9032623909 683.694262117 110.313518766
881.005650152 164.478366163 13.2151525797
23.6767312836 31.5799530402 577.644551084
1218.31538318 64.27115552 13.059060868
6.26193439671 1.73789714167 957.168692865
890.31502625 61.1778940627 1.92004565517
179.214682921 131.476912223 241.044974315
81.0695987644 545.244917812 52.6085139225
42.4153558171 80.5250588895 594.045753587
74.9409889848 874.169998517 9.47337171551
4.44922109401 4.32205001025 697.651945097
1217.1832236 7.29374341741 14.5135072921
637.169934539 60.7354373533 102.69956382
180.783944941 451.284253123 73.328213593
2.21051108506 1049.15027083 13.0581855769
0.853208462176 0.125477634273 675.470504411
423.053998071 71.1327291131 64.5330054917
86.089490595 906.922907082 9.50175285254
203.753616202 33.668435472 268.547501731