0.78794197086 0.0775286034867
0.861013909016 0.008683918488
0.102217169122 0.770970287996
0.00563451649707 0.860454508752
0.849396029837 0.0153862560576
0.856724483519 0.00127028784206
0.0832728385166 0.783181631867
0.796874104477 0.071068549331
0.0143620183211 0.846602088305
0.0100579649619 0.850138732996
0.774323486933 0.0976581626339
0.0860603380837 0.782435301756
0.853479490167 0.00401506537118
0.847497519408 0.0145618809104
0.105421238153 0.769117834725
0.784254927187 0.0933282769624
0.0154070104815 0.854413423204
0.0231844058751 0.842696046573
0.854125375562 0.0038732737912
0.793501132858 0.0717822420224
0.0144012261669 0.849713386819
0.0680087026142 0.796878178067
0.778019681223 0.092150375473
0.104670061443 0.770834504025
7.67544768335e-05 0.856590369892
0.842475903802 0.0232092749697
0.859960166668 0.0171867005366
0.855185662259 0.011202955198
0.862027663358 0.0100117699675
0.0956977806141 0.775416219489
0.784428024911 0.0873262214218
0.0106303556043 0.861181318454
0.0350109460402 0.8310466153
0.0166489471138 0.849555774132
0.859836305909 0.00580065151082
0.8559305174 0.0135481181485
0.789577699017 0.0772737980215
0.014762543217 0.845592740489
0.0113324908443 0.860525789153
0.0912868129818 0.77874198946
0.86082228143 0.005228519347
0.0961487936927 0.774672792593
0.850966081592 0.0130265511041
0.00997928325981 0.848680568568
0.854947798298 0.0
0.772040660851 0.0997789013606
0.857172070261 0.00363315544423
0.0200366661876 0.842890709681
0.849529159083 0.00933736166825
0.0855481647255 0.788965561088
0.805842303919 0.0610230491743
0.860880768861 0.0057986836404
0.11566947129 0.764868828003
0.788954245899 0.0770756593386
0.00430855960227 0.854275706862
0.850050367111 0.0115640103428
0.00334703506361 0.857744952877
0.855987584634 0.00285114866003
0.0748664546466 0.790336769811
0.769837811974 0.106089203397
0.00099718310484 0.855926452859
0.849275132022 0.0099644172245
0.0931866670621 0.778540125776
0.764591805136 0.114104052574
0.858118612739 0.00230576297067
0.00420739718448 0.852277231531
0.852977592942 0.00499556279614
0.772624575957 0.0978144232894
0.0120449806326 0.859729463319
0.03276923948 0.831984841521
0.0978224326186 0.7732899128
0.852170497446 0.00611741179341
0.804213001282 0.0646437492654
0.85745997016 0.00653959121273
0.0549654369216 0.809993456155
0.0272636722938 0.847790683723
0.0951597373976 0.775660683798
0.0143076050157 0.854046631332
0.770411706572 0.102719090489
0.0971198825182 0.775976589084
0.0234514355715 0.840850307475
0.860901849521 0.00863559579322
0.849409235781 0.0166064202793
0.00302081105215 0.858243367242
0.769342204633 0.108643866308
0.100906471197 0.7735038134
0.860427694069 0.00559762880892
0.855962400646 0.00693916730543
0.847637098909 0.0122206749255
0.861916187955 0.00820238682633
0.795637202796 0.0722312371858
0.122001855964 0.764219561621
0.839183420697 0.0241665831503
0.00532267999256 0.860729094731
0.0373528409298 0.82682169472
0.0075829592044 0.85633211177
0.857635715563 0.00357651621157
0.0674525267624 0.797909926582
0.796168547175 0.0739500944783
0.0190932172581 0.845312645286
0.85242961537 0.0105699607597
0.78895465116 0.0844187873726
0.00557534386357 0.859375690906
0.0649855350731 0.800495386666
0.854204804129 0.00378270393441
0.00303633585514 0.85373650421
0.792150595074 0.0731215777902
0.098785684801 0.775386262154
0.852190913719 0.00621854056109
0.00219489970781 0.855599195395
0.797151436092 0.0684697699667
0.108076057084 0.770214077113
0.00609609533399 0.851543835053
0.852550524599 0.00642434468303
0.775153672562 0.0938821153254
0.00353737266605 0.854363443391
0.0955664093357 0.773432770659
0.856038828906 0.00933356275661
0.0 0.856073023169
0.849840279772 0.0153096836412
0.782656589346 0.0850596730225
0.103376077387 0.770757374607
0.00176134661938 0.857960017917
0.0880671551161 0.778837388237
0.766703837399 0.109835365116
0.859640758574 0.00665479226811
0.00436028489198 0.857631009555
0.858040907448 0.025614793608
0.0610505791826 0.811793672575
0.848839561443 0.0308745977173
0.790320524712 0.082035474312
0.77517837495 0.0995868299433
0.855960830796 0.00745286741679
0.09057585135 0.780288961803
0.0144960011335 0.84653173716
0.795452332216 0.0771809862108
0.0142852254137 0.846872161359
0.010286671387 0.862249821949
0.85722313557 0.00245736846345
0.780947195035 0.0882934428481
0.00247998422837 0.854422635994
0.104403919331 0.771161753773
0.000338060375419 0.854593756821
0.85336110443 0.00732690365115
0.774310010469 0.0971994913723
0.0626865588637 0.804241156758
0.00901895374051 0.850890016913
0.00269322198599 0.858618406228
0.855687137746 0.000316145833865
0.0802930861317 0.78759149599
0.782987377344 0.0847700237773