0.835663658256 0.00396267255506 4.33298485588
0.00388539947563 0.003189479679 5.99925769421
0.849403621896 0.00589516285291 4.31713925331
0.824426427364 0.00100846511803 4.35506830097
0.000777868202863 0.00363494105716 6.00297587349
0.844031374446 0.00546508375625 4.32197028642
0.835275149666 0.00125150001792 4.33085583882
0.860923209613 0.00164644012979 4.30876751496
0.00434124636972 0.0261236269628 6.02797190315
0.174890704831 0.0046154576636 5.65555984317
0.842929298397 0.00441042944881 4.32218007356
0.835207656403 0.00120506321226 4.33093374854
0.833405468603 0.00310805516704 4.33638834096
0.0225728760423 0.00801720464008 5.9812834268
0.00473302712544 0.0619183508595 6.09109151467
0.865174209656 0.00330866297682 4.31172895
0.854455753415 0.012662123159 4.322133515
0.834526303407 0.0116370767168 4.34391097881
0.00695992343907 0.0130561717361 6.0072425648
0.874718706539 0.0107621865609 4.32811392253
0.831995940282 0.00850311856128 4.34525804031
0.00454436377243 0.00596882530842 6.00156548598
0.000835457159748 0.0369215541146 6.04866966442
0.860621465209 0.00723463193393 4.31479050652
0.841786872519 0.004450346917 4.32373352116
0.00799852539918 0.0105679154207 6.00301782517
0.850088889971 0.00732945111758 4.31823528433
0.00995734723578 0.00141412039936 5.99054253562
0.833682937436 0.00601089261382 4.33898988617
0.000748175402873 0.0810965045568 6.13646538729
0.849658582612 0.00102076650931 4.31175077932
0.00145787768694 0.00307412420165 6.0016852696
0.82887224369 0.000837503716356 4.34383214404
0.845291703988 0.0041583575184 4.31910082277
0.826999666365 0.000450756383236 4.34792632614
0.00363179347847 0.00672376179311 6.0033934799
0.000641783565562 0.0217305193723 6.02550433201
0.848049269435 0.000464140268849 4.31251116434
0.00181900665634 0.0893027817416 6.15405008275
0.00948106156705 0.0298138516053 6.02775427663
0.0118546668654 0.0239384367672 6.01611718507
0.85712291414 0.00300772462864 4.31030117216
0.0133315490659 0.00102527893894 5.98603297328
0.00309689769006 0.0120612126909 6.01024203539
0.845181534649 0.00455822198103 4.31965491347
0.821878010462 0.00395192909965 4.36512840346
0.82895595526 0.00256149203278 4.34541677278
4.72342601892e-05 0.102842489717 6.18758593455
0.857769065935 0.000469606092879 4.30758067276
0.036299556263 0.00724294753961 5.95925964016
0.00921172494802 0.0350105947685 6.03634397518
0.84116246618 0.000778024661364 4.32074767405
0.831086101483 0.000971285732383 4.33899437046
0.0087934891774 0.0239868834737 6.0198421199
0.0004611758979 0.0106228937822 6.0112214848
0.0328642524656 0.00248026376755 5.95965665197
0.836908337358 0.0181919429945 4.34795411812
0.00216076723835 0.04078405201 6.05387269361
0.858608465958 0.00905704140764 4.31685826101
0.875112335701 0.00249775546047 4.3193008531
0.157574166632 0.00978128026436 5.69611159801
0.860807325292 0.0016297574368 4.30873696361
0.843245045333 0.00834163924526 4.32618328701
0.0254333808672 0.0257858581482 6.00051933871
0.00153454979911 0.113601868387 6.21173339312
0.842131315959 0.0034201254972 4.32216112488
0.00118511790953 0.0184246797899 6.02040968843
0.863849461775 0.00453570710508 4.31251305537
0.865082458713 0.0093339833612 4.31842974588
0.820893013582 0.00160500869702 4.36547917298
0.00825540962842 0.0180574919709 6.01221876684
0.874886842313 0.00278161767565 4.31932103857
0.00399935397679 0.0314087971951 6.03642119667
0.0218709943907 0.0223790185389 6.00071683263
0.00691708438326 0.03988648581 6.04716229287
0.82396942412 0.00498245360182 4.36048416969
0.849592036111 0.0191231764715 4.33332215176
0.115943191022 0.00213570198196 5.7832906669
0.871434186672 0.00750622575039 4.32075175348
0.0116148541996 0.00467897225237 5.99200147544
0.84759807256 0.00842911366751 4.32155038357
0.828926407912 0.00899572342565 4.35261956258
0.00195671501329 0.0555480597346 6.08132589308
0.844673082554 0.00273908365092 4.31828303658
0.00872172539699 0.0151382041925 6.00785286849
0.0064644695479 0.0326699233971 6.03571293663
0.00668748314201 0.00615835971006 5.99940689437
0.854025384394 0.00567649964848 4.31411802523
0.826588135993 0.00879553182863 4.3580172621
0.000631549108538 0.0354776301929 6.04648512163
0.849049330011 0.000757709773222 4.31196129046
0.835973681175 0.000775745989672 4.32909287937
0.0132260775273 0.0140142703789 6.0009894379
0.00257000106281 0.0271093372996 6.03132840041
1.65323810576e-05 0.0366200290946 6.04899294075
0.857595760038 0.00514900132601 4.312531158
0.844546963636 0.00525524230962 4.32113370398
0.0103978007121 0.00526748270342 5.99411375523
0.00602052238096 0.0338240154777 6.0380629084
0.854749215856 0.0038703618867 4.31186501831
0.00901355978595 0.0308866307322 6.02997292378
0.84543840532 0.00151971756887 4.31616081414
0.00406097948055 0.0582657992953 6.08446159803
0.838908744852 0.00403459220883 4.32752840771
0.0435070312604 0.00481115333301 5.94417813602
0.84463013233 0.00868490132004 4.32491749889
0.825027395214 0.003703454402 4.35630450239
0.0158991163957 0.0129629254177 5.99627008005
0.00161367898149 0.101778926773 6.18347297989
0.825946552103 0.0175480508375 4.37054472422
0.0053204711538 0.0233926249457 6.02292117395
0.00069412782868 0.0553878804118 6.0823073145
0.845259855175 0.0144418931683 4.33121607161
0.00415871783035 0.00500941506364 6.00092415783
0.865531226635 0.0112692586008 4.32094856533
0.840345714236 0.00367711263541 4.32494770004
0.853393860854 0.00749389228128 4.31644232122
0.00632446429322 0.0122820531976 6.00699937568
0.00117502473793 0.0251120538041 6.0298120936
0.856142452459 0.0242180607321 4.33711922003
0.0138296025447 0.00901240240749 5.99414992843
0.837907628668 0.0213813306276 4.35062417071
0.842307705839 0.0230911769531 4.34647265458
0.00835645292862 0.0327629496093 6.03370569953
0.841705106394 0.00324413146833 4.32255176941
0.00650738996406 0.0192444689088 6.0158095828
0.0225253683868 0.00790883161565 5.98122621497
0.00272919284133 0.035716984446 6.04471502854