<<<<<<< HEAD
-0.527714400669 1.90004737495 1.19791327289
0.11137552109 0.321743589223 0.968785022199
-0.957573520353 -0.520777973004 2.43769755739
-0.0778150428085 -1.09138923684 2.41786829575
-0.887729810337 1.97680459636 1.50504266336
-0.613625209087 1.92086821781 1.26193007278
0.112935896399 0.321176196174 0.961714929389
-0.848120651331 -0.738734333953 2.48627233131
0.13131728996 -0.8236331378 2.17407040712
-0.667526018557 1.82111151498 1.17705365774
0.11173913783 0.319219348437 0.966677646343
-0.0102587061076 -1.27895887618 2.55265402828
-0.871688160394 2.29878685232 1.33762401897
-0.934338092832 -0.533478246568 2.48381532145
-0.772193133029 1.99377553005 1.21013592315
0.112424397092 0.319650644604 0.963862281578
0.00447764011927 -0.815567403999 2.15962068928
-1.33688296454 -0.56781126185 2.75704021986
-0.527607171757 1.68009805361 1.25754787436
0.115408342633 0.328096687488 0.982658541706
0.111776913777 0.323197372962 0.983261735296
-0.284645702152 -1.05029303815 2.4376943858
-0.881175120647 2.21007701106 1.38588994117
0.11149695818 0.318522626808 0.998723238651
0.246536464009 -1.01221238951 2.35650596575
-0.539456795388 -0.701499123728 2.27179406715
0.109484839522 0.312441624475 0.944675023688
-0.908252297988 2.13036058623 1.25044012877
-0.370727686281 -0.806113242264 2.25412207333
-0.0949345666513 -0.950971080141 2.40159146304
0.153258286059 -1.00678259166 2.39704610831
-1.04771767222 2.22970563348 1.33827889453
0.110591785747 0.316323122965 0.958676751247
-0.259659160618 -1.07414184085 2.44908154959
0.109611312077 0.312836957051 0.945872571286
-0.0839213506155 -1.22090374309 2.51738109373
-1.4530406227 2.67051441327 1.20733376256
0.110873919346 0.316673215751 0.955606625511
-0.86664905518 2.20255432627 1.28244220799
0.1109188568 0.316714011564 0.956396162948
0.110549068266 0.315820298418 0.956882185445
0.434422799597 -1.17618200556 2.53303238047
0.16703846043 -1.14472055302 2.45054170287
0.110364312088 0.31541427254 0.955463973168
-0.853464307885 2.01036109016 1.21678790586
-0.936995325158 2.1544500205 1.29893528933
-1.02580970118 -0.51400375784 2.4449673057
-0.565322141392 1.6968578325 1.29734556861
0.110412306634 0.319277251054 0.974007568963
0.26211810065 -1.0336593912 2.42103364662
0.109851662966 0.313572650904 0.947661108796
-0.572076590568 1.83188102431 1.20130590686
-0.228531990499 -0.956795309967 2.34212041703
-0.403233280177 -0.922031336532 2.48631730063
-0.629922485631 1.87876905178 1.27848138338
0.113131235637 0.321921387542 0.98141826674
-0.966171137545 -0.470290209874 2.55730136221
0.367169115416 -0.990046504422 2.49941200572
-0.92718939545 2.15128164789 1.24994298996
0.112213149478 0.318506754697 0.964832133885
0.112731755938 0.317941828551 0.96486098599
0.000164455477312 -1.29167074512 2.59079532654
-0.570287723862 -0.925474118581 2.53437330397
0.109979883099 0.313870487441 0.948751636946
-1.01949306701 2.10653182774 1.48984659558
0.177236873919 -0.91889957814 2.30837016475
0.109807532609 0.313700461089 0.947957263075
-0.671446776693 2.09347914694 1.19989530757
-1.10643233671 2.36069596364 1.32669042318
0.112566238411 0.324265339273 0.968907115123
-0.634161926478 -0.938373954036 2.46351417754
0.169210881998 -1.13612773227 2.46164117786
0.109567054907 0.312843863658 0.945823731156
-0.76135961607 2.06655127878 1.25992839879
-1.16792532099 -0.547884180556 2.63845649585
-0.0701264557148 -0.898049667532 2.26880225069
-1.14614756485 -0.791776534682 2.73966857267
0.109413177157 0.31218639909 0.943886121843
-0.75055481758 1.98547477385 1.2834644922
0.0610884977502 -0.965459593831 2.33808430185
0.109659080201 0.312913481013 0.9462149585
-0.707477020358 1.86690647381 1.26767604899
-0.887021191756 -0.488466444471 2.35154262322
-0.325901101958 -0.873187439947 2.3276178524
0.35844696743 -0.964441159779 2.3882138235
0.11017909163 0.314412716813 0.949721216833
-0.753346819278 2.12457131241 1.21215982512
-0.85525249031 2.13959307781 1.30600709553
0.110354216021 0.314955869024 0.94976711209
-0.234052784217 -0.879799427939 2.24394990249
-0.162821593475 -0.928602758347 2.35251527416
0.109964064296 0.313649710296 0.948061434932
-0.830198321399 2.31417946373 1.2251404691
0.144531208945 -1.13868865875 2.44343601045
-1.04056805408 2.24782078303 1.19978379831
-0.0716832794038 -1.04267860618 2.52123096658
0.109511952686 0.312548613247 0.945153471696
-0.593560375764 -0.930240697519 2.42875220904
-0.906683799826 2.22191546164 1.2369431471
0.110626106704 0.325759713078 0.973273747177
0.0400879282763 -1.13515993888 2.49637246278
-1.01275206335 -0.552992169895 2.46375123719
-1.0181045105 2.18725580933 1.2773702831
-1.01332495781 -0.481638868721 2.80346112883
0.11182556341 0.319054899834 0.962607198259
-0.377370643115 -0.933041797722 2.40133575429
0.0432485235041 -1.06928827026 2.41664550494
0.238887865095 -0.967839615616 2.4460060588
0.110821973729 0.315426179475 0.954198442421
0.110744062569 0.316073040296 0.952538204018
-0.660790309474 1.9518182966 1.18545564174
-0.804732102925 -0.666604499452 2.40772566934
0.139569362491 -0.920328297005 2.25864145077
-0.975744578691 2.12785415406 1.26732548347
0.114202179328 0.323270854693 0.974299798827
-0.88896314717 -0.496337881361 2.37383523286
0.5089571789 -1.2639487864 2.62865946665
-1.04912679799 2.41488774494 1.33277061814
0.113418588205 0.321784756506 0.966730491608
-0.112530423308 -1.17821059397 2.48870835668
0.109440737121 0.312253835261 0.944083126299
-0.631883960063 1.83963716303 1.25340266564
-0.0251310647841 -0.91321516071 2.34536974025
0.461609431639 -1.09323162814 2.57997751727
-0.461621324429 2.33805173407 1.19647244866
0.110398508239 0.315829427225 0.951641312573
0.31451392592 -0.966176091355 2.56584806294
-0.941933969122 -0.571765755325 2.40354940907
=======
0.391217950605 -1.22095761592 2.55861247934
0.110607096798 0.315135543564 0.952832659849
-0.159420566273 -1.14369414663 2.49177373162
-1.09588481377 -0.564710975781 2.59146687926
-1.16429733456 2.33401315044 1.21149077255
>>>>>>> 828b06e6b51bcccbb19b6c80111b6d60e78ee41f
