0.00923842440567 0.207118051679
0.0481349552978 0.0544566547719
0.0314681280588 0.0650736217063
0.010562868226 0.0357761235628
0.0108606336113 0.0357641337525
0.010238304359 0.0363176472028
0.0102668272778 0.0361384570256
0.010341823115 0.0359962052543
0.0106141863868 0.0357759980515
0.0105320241479 0.0358273668842
0.0105737130294 0.0357760500058
0.0647604413548 0.0866522509222
0.0013056818348 0.179196617752
0.00934306427945 0.154495943411
0.0410833694073 0.112496055752
0.0100589638962 0.116207828608
0.0100583492794 0.117362220562
0.0763046284762 0.0700729542763
0.0100587998324 0.116514764559
0.0100589205577 0.116288819205
0.010058952906 0.116228360948
0.0100589615737 0.116212167259
0.0124516810005 0.055503580115
0.0124843289006 0.0553547359558
0.0124599665651 0.0510387597425
0.0124516801394 0.0555039471529
0.0124518036016 0.0554995282587
0.0124508577633 0.0506449941015
0.0124516812312 0.0555034817685
0.0124517147405 0.0554986593372
0.012451681293 0.0555034554167
0.0351811851453 0.0428590967001
0.0200482526783 0.0764326006824
0.0631169933439 0.0143966924865
0.0510492157836 0.0162240605523
0.0128428181946 0.115227658243
0.00422491217044 0.0822307549759
0.00422345601059 0.0822475724743
0.00423759552794 0.0822296629425
0.00423159813616 0.0822322931454
0.00422693030463 0.0822300574575
0.00422533865238 0.0822306033562
0.00423287043171 0.0822282980511
0.0243816209207 0.0241016479266
0.0245355647905 0.0296074576379
0.0276347350017 0.0242989766777
0.0291383057705 0.0223881546344
0.0300948672963 0.0222348222677
0.0286673488732 0.0212390384568
0.0301728449146 0.0220382839511
0.028558535374 0.0223937720556
0.0253062658667 0.111400618102
0.0518754328497 0.00847925050308
0.055825015583 0.00583183138226
0.0543003578701 0.00762084195652
0.0509753676171 0.0106884185509
0.00779863761123 0.252978970869
0.0347656944869 0.0185075356534
0.0352531213514 0.0173605532787
0.010748036659 0.114083796333
0.0352539260801 0.0175132174391
0.0334163526608 0.0237978930507
0.0335265810879 0.0233172735148
0.0 0.122447048827
0.0332844044246 0.023896476465
0.0336097085527 0.023126491956
0.0333056552235 0.023865220473
0.00339346116549 0.0547105800538
0.0109698774026 0.0499059601485
0.0129457876088 0.0474690891014
0.0445129962573 0.0303155136714
0.0252384646011 0.0355274328676
0.031224798322 0.0324292873722
0.00956402096633 0.0631838695437
0.0183248609289 0.0413657739717
0.0138803823305 0.0423516353999
0.0123008871211 0.0435220575958
0.0135888727295 0.0421911000904
0.0119242423209 0.0437896518723
0.0125753716904 0.0430419109981
0.0146078351291 0.0420021058383
0.0271573574981 0.0488166752687
0.0271814992738 0.0487934750587
0.026270051236 0.0532449471839
0.0486423058488 0.0462169021792
0.0415288958259 0.0566264598076
0.0234497293849 0.105911857103
0.00862705582206 0.101313785472
0.0114856916755 0.0815307512984
0.00737790636992 0.17945986541
0.031076495155 0.0405171983195
0.0497605556179 0.0146162716274
0.0497605084078 0.0146165108019
0.00224762549482 0.209647515777
0.0497610257338 0.0146165704529
0.0264576971296 0.0899667132149
0.0497606766963 0.014616978193
0.00169487119342 0.078255648372
0.00169882758512 0.0783753018323
0.00164347538838 0.0784862066501
0.00141276699816 0.0804714319486
0.00164374399815 0.0783961847124
0.00165230146199 0.0784777509102
0.00165519182311 0.0784043113276
0.00165906556324 0.0783572660652
0.00169570727736 0.0782808779329
0.00167130437521 0.0783008935912
0.000372737412474 0.265763430975
0.0165018118577 0.156050250384
0.0420876252925 0.0549317836765
0.046548299615 0.0461365208538
0.0476375212916 0.0403572549645
0.0147456233089 0.0759744476175
0.00789827969153 0.0611013834636
0.00778944250931 0.105817981913
0.00981751877262 0.0916216238034
0.00215993436324 0.16415303192
0.0706770817439 0.0141266423468
0.0625796809508 0.0188215498079
0.0281693816408 0.0810396664801
0.0116717231071 0.029381904256
0.011408150489 0.029809378464
0.0112304220218 0.029594436285
0.011092376651 0.0295769079319
0.0116117779025 0.0292870144548
0.00496969526519 0.0809917657485
0.0117408457916 0.0294154359777
0.0116417729982 0.0291332253085
0.0636094936748 0.0222579823738
0.0632760712696 0.0241429425179
0.063243232673 0.0247762723779
0.00736780945142 0.0918628762229
0.063698833939 0.0218723991414
0.0652114692532 0.0235202500673
0.0300937385697 0.129689121405
0.0467105168579 0.0965963183064
0.0268177066366 0.0867831670077
0.0220858599511 0.170355495744
0.00190022192704 0.249271589717
0.0377151777047 0.00941744032179
0.0615765005718 0.0
0.0224559159931 0.0565438930513
0.0254309906691 0.0184366171329
0.0254109278886 0.0187990355008
0.0253985272507 0.0187319964586
0.0253560184482 0.0196622303871
0.025429573073 0.0185152316498
0.0254141780167 0.0192219516404
0.00171081472616 0.0890033696781
0.031541373336 0.020701458891
0.0306397511339 0.0308452370682
0.0306382030779 0.0300569490494
0.0241658058882 0.037926650693
0.024352776684 0.0303888533445
0.00821727713095 0.110405177491
0.00608349523703 0.1352595256
0.0138411635313 0.11867902469
0.049980174653 0.040916268064
0.0511584812358 0.037047426242
0.0514705542464 0.0364933004162
0.0514948427326 0.0366018384179
0.051501408469 0.0358207740952
0.0516249233745 0.037508844857