0.859101627315 0.0475734600413
0.444415982836 0.141416719314
0.0929234691071 0.338659554243
0.648214694064 0.0837617189013
0.0355085918827 0.417314197461
0.00317222402349 0.554718168799
0.2555142527 0.230941767451
0.258020958532 0.221914835216
0.00179180291051 0.549787610551
0.0563390723422 0.381595433264
0.455281208943 0.165611185258
0.225794987112 0.269697847903
0.85278868056 0.036107465196
0.028639104476 0.427360804343
0.0242311564623 0.443340651869
0.454405699387 0.1510106639
0.0565941669072 0.398876924912
0.0100499124854 0.495902203182
0.853282548374 0.0417626730799
0.0143029040605 0.481476166316
0.0630510934129 0.391299284232
0.245660440209 0.240155353648
0.854068233003 0.0331890884745
0.088031253415 0.375875486484
0.444643858901 0.177315626881
0.0335388777621 0.453093828821
0.644736973005 0.096395527517
0.220195189764 0.278917856856
0.015484533605 0.516078828943
0.245906706761 0.203719426596
0.0547044187735 0.330001496157
0.0641739016566 0.324364272733
0.00320830691943 0.482797816662
0.0238249031535 0.383954384556
0.0166983731235 0.404361950424
0.850332589677 0.0
0.46332270376 0.118391137578
0.00643695722863 0.447303713972
0.0444243628921 0.349766504099
0.234924409868 0.237431309481
0.0345935430511 0.369087679261
0.440158687132 0.159076836915
0.845705852902 0.0227266259781
0.010493534324 0.432309656206
0.100327302861 0.316726860686
0.848692558056 0.0566482297033
0.00521153693112 0.54899706508
0.057973287692 0.381115367462
0.0150238817944 0.501568809974
0.247132957808 0.25010464548
0.656145630188 0.101530679077
0.248114024042 0.254095721438
0.21597636569 0.261690025599
0.0616106796428 0.377203733392
0.452093965691 0.166882698842
0.0245005393969 0.450128312127
0.853026745885 0.0602948258858
0.64794596278 0.105346349936
0.0109508235136 0.494534153967
0.0712378737323 0.360520669963
0.0411865788119 0.415598008421
0.270699691791 0.248443970757
0.652062104791 0.080474597053
0.00806350220421 0.52933414035
0.857282272071 0.0374089763534
0.0206898250876 0.467598928505
0.0537357670447 0.399722759879
0.0786025361261 0.373046448124
0.426821617229 0.174671625694
0.84902659444 0.0492720442261
0.264647333184 0.24293855738
0.0482166125754 0.392167207671
0.0654660551838 0.368551530494
0.65529022229 0.0869283378318
0.0157217595431 0.509845565389
0.00348219937731 0.601486310256
0.839760379847 0.0206577423727
0.0449563332705 0.389012936913
0.231720175011 0.241104584412
0.267955932449 0.224470914831
0.0608382147879 0.368892857203
0.0481749053611 0.380808501012
0.655267306347 0.0750734261713
0.00224184898227 0.556836763032
0.0120283521601 0.479828116959
0.43882732515 0.132358349069
0.0628065289683 0.372291633184
0.853137288482 0.0139476526009
0.0128784961294 0.47641803907
0.657149568092 0.0569212773562
0.249339059065 0.236770715571
0.0521537531815 0.392651096208
0.00363560905844 0.526512385192
0.0180731034172 0.446610981319
0.239645526372 0.244058960773
0.846084848415 0.0245036053396
0.273150808678 0.231329935251
0.0354020059029 0.421446741464
0.0549945232136 0.383972699597
0.656412522597 0.0789983728644
0.246638275164 0.224685857477
0.0747830686016 0.341181877594
0.455206667548 0.145293693405
0.851482110163 0.0339507431051
0.0379441843078 0.401699286221
0.00810813754082 0.477380749376
0.859419376373 0.0411578379443
0.0634513490145 0.37088661201
0.0211935266655 0.44134038233
0.247269567231 0.232166488932
0.656713710599 0.082007654038
0.00698116891507 0.508897247386
0.448127732142 0.14706000931
0.0136399218022 0.470073257371
0.228467443061 0.269303905136
0.0413622445515 0.42196366214
0.852051346255 0.0364753718549
0.64591162765 0.097208165981
0.0942457086443 0.363982229052
0.859837161894 0.0476528065397
0.245820794061 0.236624195991
0.039582838892 0.404569398339
0.460577908028 0.139237365914
0.0212537862287 0.423758559794
0.641832063275 0.0912143164812
0.0149153285831 0.457693505323
0.00494414601056 0.514297951646
0.852447174227 0.0428012595131
0.0432723305486 0.421071772822
0.257230397342 0.242014746373
0.00661562825174 0.500007465698
0.248322227658 0.247284940699
0.4321127152 0.150343037715
0.0160275631534 0.473683992923
0.845152680346 0.015753408407
0.235919834257 0.222614226206
0.0160411585694 0.462680702128
0.25036930331 0.217083769378
0.0701724354533 0.355795210543
0.0425718002765 0.370107136948
0.462152170107 0.131361166133
0.0144402212915 0.466143070541
0.260673602836 0.237559304521
0.452490198514 0.165789799157
0.084011668995 0.351980755073
0.0414200298421 0.399613841044
0.849586824149 0.0405469947156
0.655495300575 0.0904225582206
0.00333066718125 0.559082853903
0.00453632548824 0.520521732092
0.266802880223 0.224510239103
0.859089639177 0.00927967792813
0.0593586762859 0.363190516609
0.0760631799881 0.345166671673
0.0153495349892 0.440249112376
0.644005978205 0.070558588506
0.862582953791 0.0466418670698
0.245637784997 0.235681546964
0.053680258502 0.375987329023
0.647710788573 0.086958524774
0.019867266752 0.433751719821
0.00855471286595 0.471923858017
0.243495672763 0.243587933736
0.0905820261353 0.365038951156
0.432852561503 0.173324492157
0.854597640778 0.0439577780791
0.00664686896199 0.546611303165
0.0232663002036 0.450453356704
0.0862778584689 0.372562702456
0.0552251701292 0.401186460272
0.855621156243 0.0327059775827
0.0427592241975 0.407486596048
0.266675472921 0.221193396633
0.0671959074152 0.36973752752
0.648163634756 0.0754753440583
0.225051131736 0.24212548424
0.00247569565656 0.503260423015
0.0374234362958 0.412498994274
0.462715519178 0.14437263378
0.853040481219 0.036757441892
0.0239459573314 0.453810585479
0.252489300967 0.21857777481
0.44451993285 0.153492226432
0.05201542434 0.365157692456
0.00410343277662 0.545153347463
0.0103695296989 0.495658967667
0.447280266364 0.169661919927
0.226400353976 0.282113577875
0.0433423475661 0.43657356736
0.647645367255 0.115231621416
0.846911203851 0.0725318233551
0.0609942910282 0.418764309444
0.00381199277476 0.587641210893
0.859530319365 0.0513883146871
0.255374187089 0.250835899416
0.0318067627373 0.452798440495
0.43806314684 0.171886494659
0.0183563408295 0.493004957749
0.239605734741 0.256304706969
0.637937086408 0.0983782704392
0.0457562559938 0.424962091173
0.0726267929944 0.382942164385
0.00910554751006 0.525532302181
0.0479039784129 0.40574955092
0.0661133532845 0.387699796343
0.243812249234 0.247265069221
0.0468715485984 0.407269522407
0.464662590865 0.145927111366
0.0190786458268 0.474975059921
0.856332240834 0.0250546682465
0.84638310696 0.043104139629
0.450239167622 0.157530058748
0.0955200187894 0.352828855644
0.0240923719409 0.44698734133
0.0573381406074 0.382715803592
0.242013162059 0.240394815852
0.00627002250748 0.503233778322
0.85731031746 0.0455506198567
0.242480015188 0.239726016181
0.00414055628429 0.56507159574
0.848347036387 0.0281472777058
0.0542410907313 0.382882654681
0.642962978369 0.0866500460043
0.0108035730164 0.529033083843