0.303058222073 0.0393147804018
0.0277770596426 0.348624888164
0.0777949821077 0.200999834974
0.0716031853283 0.218094181518
0.386535907661 0.0210000466825
0.072741475663 0.196512020635
0.0342843331343 0.357539611252
0.332407886476 0.0309998009582
0.473693552379 0.00440157487444
0.0887885398374 0.182619487438
0.424325884964 0.0057586840468
0.112759366246 0.152989425963
0.0419354656918 0.251294828597
0.402001753902 0.00930331385861
0.306164411716 0.0418476423933
0.0179734897889 0.451169103083
0.0563098339385 0.214865739888
0.306645069101 0.0277913767614
0.0419348900456 0.249852164209
0.337316255789 0.0203833606202
0.412134505671 0.00755978961407
0.0316295251689 0.201969448944
0.42909620379 0.00662077258351
0.336337106709 0.045207986341
0.298845430611 0.0235173558805
0.0579456557142 0.233128196751
0.0352003264695 0.278231554806
0.115571394143 0.169026817408
0.383457964269 0.0188457422128
0.400044823429 0.0148004682117
0.138032313427 0.135766240822
0.0669292835305 0.285746449208
0.01699524028 0.669317416552
0.361034544963 0.0211304972442
0.083044304629 0.186430233687
0.0131002106287 0.429521369599
0.0397120497387 0.272136162351
0.159655763645 0.129190885113
0.0321530339465 0.30312268782
0.0393799754028 0.174430046299
0.366698002022 0.00571186661054
0.0610872904684 0.16049311671
0.0231718195427 0.365646533779
0.0593323357577 0.20067976165
0.343705807934 0.0418502339477
0.0399820588415 0.256261606838
0.0816812710017 0.176912859625
0.474569952609 0.0229534633026
0.042091802557 0.220557247956
0.310593134249 0.0231733836633
0.0226594174818 0.382035421794
0.391510318411 0.0206039393535
0.0454722041014 0.219327979037
0.108193918985 0.168181600756
0.341929890428 0.0326219458333
0.0271644376095 0.171980159527
0.0159401187243 0.183432040842
0.387572959563 0.0129950459802
0.455745352336 0.0
0.0255917100389 0.232338685487
0.295929804868 0.0484568606454
0.0549882277156 0.20377792167
0.0190891006098 0.266928239003
0.372979544453 0.0203801932922
0.0902933023222 0.178818454776
0.0430481856459 0.221605620934
0.298603217387 0.0516677360446
0.06687770287 0.196122501291
0.448707483835 0.00510597377826
0.327115107303 0.0380438664849
0.378271179223 0.0200348831971
0.0407027719267 0.212541059252
0.432994635719 0.0106523205432
0.326889888877 0.0323794560945
0.068050592432 0.185650626316
0.354356877238 0.0219121454403
0.00360357697593 0.412975169509
0.450641608217 0.00743278065455
0.319963718943 0.0379712956545
0.346094487362 0.0313201219304
0.0216190443082 0.243562815101
0.124813042293 0.171779454024
0.434728125328 0.00840973166213
0.338799808111 0.0281512882065
0.0469587528718 0.240819711015
0.0382456475939 0.281489080459
0.112169081713 0.184944000046
0.463295498528 0.0110328644205
0.0260270522986 0.280966710915
0.0915616116946 0.151078764397
0.304298871318 0.0568360526382
0.00337410340413 0.403716318556
0.0311225027575 0.204613344587
0.360455744491 0.0270103061978
0.39053930067 0.018295964563
0.0506529125979 0.212445557125
0.31926262141 0.0395214453982
0.027389824595 0.322594296094
0.0906966253765 0.17716800553
0.418146811647 0.0213764042436
0.476862500662 0.00953717003061
0.148011023029 0.158030444101
0.29504781994 0.0689506701807
0.0727533394167 0.270771713165
0.018953080864 0.581954143554
0.103242107488 0.203192823416
0.372293183937 0.0364896895234
0.0469901418914 0.376258361736
0.35635031315 0.0216868448387
0.13609666438 0.150436229874
0.0690317418759 0.212115115798
0.305339153501 0.0320980748428
0.0468936324038 0.303226404778
0.0278791077611 0.427801294742
0.312888931162 0.0295165940872
0.376291440828 0.0129944190903
0.30750070824 0.0304294059183
0.0898714388661 0.161763025261
0.0291864977088 0.256410192963
0.394343171678 0.0171232576377
0.0295495152129 0.195387765428
0.441268609334 0.000176506110121
0.317117189263 0.0339892036857
0.0434925258362 0.224035477521
0.0931267398148 0.186060716405
0.481912948695 0.0120026360577
0.0775291940977 0.186597236569
0.0359047196126 0.217602004789
0.328355345077 0.0330723920981