0.00565729854576 0.00283375621621 0.0298934558986
1.2088053849e-05 0.0116913091259 0.00115566485321
7.20228568572e-05 0.0125233791073 0.000599111985224
0.000299643771085 0.00929808797611 0.00402419934665
6.26725898527e-05 0.0103870658852 0.00246042439252
0.00307014084393 0.00484332624148 0.0171173246784
0.00617139715363 0.00304438315595 0.0278901922005
0.00101343985497 0.00716089282882 0.0086678468788
0.000206462301256 0.0133988326899 0.000219280691522
3.10969330883e-05 0.0141611636247 6.71017412053e-05
0.000268685649792 0.0142720593159 3.11532786429e-05
0.000638730951016 0.00808687949066 0.00635709030017
0.00686640017717 0.00264480207754 0.0311322765701
8.34674088044e-05 0.0102795367033 0.0025951139583
0.00113920273619 0.00683481158117 0.00961753067491
4.36935081553e-05 0.0121027193081 0.000856110542747
0.0001378806231 0.0125330368606 0.000600076379999
0.00358653412575 0.00449761474314 0.0188156817569
6.14113386931e-06 0.0112851728348 0.001504752339
0.000210091203789 0.0138201773088 0.000106532277221
0.00891128591356 0.00213382864228 0.0359631596756
0.00022619987626 0.00959974493227 0.00354501650132
0.00342058094862 0.00494472094673 0.016679529593
2.93734409436e-05 0.0108561648156 0.00192809626161
0.00109604302194 0.0072499053507 0.00841765665937
0.00600157974555 0.00303945386643 0.0279356417455
9.23419931918e-05 0.0131016127785 0.000328225463174
0.000294380120881 0.0139018811796 8.82623625073e-05
0.000106576747948 0.0126409699016 0.000537109996377
4.59976852748e-09 0.0115122987082 0.00130245092472
0.00559854505177 0.00354823757828 0.0243852717232
2.75980974934e-05 0.0106514272543 0.00214874061027
0.00207573084406 0.00602473451358 0.0122512725851
4.40618848468e-05 0.0120668146827 0.000880814342416
0.000455248172544 0.00859845983643 0.00528423484797
0.0036988020732 0.00403887655319 0.0214536209905
0.000363642470581 0.0140308241076 6.44680652264e-05
2.66733831266e-05 0.0112515310096 0.00154868499756
0.000108884228992 0.0132451633598 0.000273931587714
7.571817727e-05 0.0146325828693 1.02674352837e-05
3.72662474202e-05 0.0141523456785 6.66130183742e-05
4.03891913973e-05 0.0121067246731 0.000853029876916
0.00404791361743 0.00321897943457 0.0282571300944
4.66660194858e-05 0.0100984569726 0.00283524570166
1.78714529892e-06 0.0110057074508 0.00177148089762
0.000123359301184 0.0132825651261 0.000259932079205
0.000199941064984 0.0137537549317 0.000121645034496
7.89707115884e-05 0.0127165863841 0.000498116316667
0.000587083831751 0.00827638924523 0.00594457497658
0.00164429837835 0.00574115216439 0.013464332101
0.00592628098587 0.00337897100029 0.0255253496152
0.000942681450575 0.00748869063653 0.00778815864876
3.70924578687e-05 0.0121094701271 0.000850896221833
4.64598223953e-05 0.0104514397742 0.00238164328658
7.06956993964e-05 0.0128764662169 0.000423808619849
0.000381662563989 0.00903479514514 0.00447548321449
0.00244120480241 0.00522978612583 0.0154050078695
7.31126258286e-05 0.0136672178675 0.000153758889008
2.61655284241e-07 0.0110619764925 0.00171630023731
0.000123715127937 0.014182172027 4.90949630329e-05
0.0081514943639 0.00192458597638 0.038529996895
0.000720702814585 0.00772452705246 0.00720617414828
3.63007586463e-06 0.012039138362 0.000903651934862
1.02236491417e-05 0.010478150445 0.00236120557245
7.57150489948e-06 0.0141770014099 7.58088313044e-05
0.000128733452245 0.0128724256264 0.000423851868843
9.20783965205e-05 0.0146769303154 6.83863284212e-06
0.000216976803821 0.009066345696 0.0044246246042
0.00395206240895 0.00434033113483 0.0196412688008
0.000337878372597 0.0133071956463 0.000257911043111
0.00493697193353 0.00360549353104 0.0239619941181
0.00231606458646 0.0058742461716 0.0128132736673
1.49398370762e-05 0.010645426682 0.00215715568713
0.000502025867417 0.00852226350793 0.00543652388315
0.00047430231486 0.0141623522181 4.49261904244e-05
4.71302166547e-05 0.0127129650342 0.000502889819736
9.44591589382e-06 0.011839217036 0.00104144153325
0.000123515893349 0.0134669341465 0.000201176399434
0.00366774373905 0.00446151462245 0.0190011721413
1.81823788918e-05 0.0147883537195 8.41060656984e-06
0.00789642918113 0.00200794119298 0.0376008099736
0.000729851067791 0.00824851026372 0.00602095369381
4.58905612945e-05 0.0103748283819 0.00247471254956
6.15443545563e-05 0.0127624261834 0.000477175175237
0.00382748938727 0.00427242504817 0.020009857477
2.15335951096e-05 0.0113496705082 0.00145990184629
0.000201440748677 0.0138030357443 0.000110539977016
3.05023455441e-05 0.0145240635226 2.40565476438e-05
0.000490093298663 0.00862619711107 0.00523255153329
8.02366595107e-05 0.0124537501489 0.000638804646746
0.00365107491873 0.00392714901226 0.0222507785476
1.31906628532e-05 0.0107300590667 0.00206175923978
7.10042982073e-06 0.0113239618315 0.00147107323191
0.000194331636938 0.0137881531071 0.000114082926246
0.000442523089992 0.00818388550887 0.00616982081361
0.000267290082308 0.00896883363328 0.00459178720975
8.42599650829e-05 0.0122781112704 0.000746385566508
2.76713061988e-05 0.0143660112101 4.08350040908e-05
0.00197677765279 0.00547365295022 0.0144669142569
0.000190124472527 0.013233447199 0.000276068873831
0.00522613454089 0.00315009793271 0.0272734987914
8.5149617684e-05 0.0129632635117 0.000384814396514
1.16979172344e-05 0.0117248095211 0.00112897555255
5.7216326235e-05 0.0105855063796 0.00222807391699
0.000329272788019 0.009250446282 0.00410633380368
0.000412859729124 0.0135160534536 0.000191931248786
0.000205785716903 0.0140503280412 6.3481071234e-05
2.59547654323e-05 0.0145191360039 2.5540189907e-05
5.27708327219e-05 0.0121709387503 0.000811464800398
0.00129117926572 0.00677774113842 0.00977047520714
0.00226256913572 0.0053296737616 0.0150015203651
1.6789183821e-06 0.0114468328141 0.00135752166064
0.000205491435648 0.00948962094281 0.00371046918746
0.000136636240745 0.00971441963725 0.00336760283476
3.16461197479e-05 0.0119646200155 0.000951193306711
0.00176914463173 0.00566284163735 0.013730911607
0.000136620529607 0.0142046309024 4.5053420754e-05
9.59357479513e-05 0.0129771919186 0.00037816601646
0.000121963791145 0.0138382473122 0.000108189761791
1.25826597453e-06 0.0147123529953 2.68173401306e-05
0.00631518905491 0.00290582096084 0.0289708748752
0.000150065897935 0.0130351174953 0.000352990899699
0.000292746285182 0.00895669050318 0.00461048203424
8.8968856155e-05 0.010570110881 0.00225611504881
0.00182481259972 0.00632568832808 0.0112099525224
9.38181098392e-05 0.0147886415601 2.49481854594e-06
1.36292907553e-05 0.0114919262577 0.00132430150569
0.000328618131628 0.0135397838007 0.000179009989487
0.000266857868156 0.0140994537977 5.39880479173e-05
9.64383432137e-05 0.012475257331 0.000627819994594
0.0038880592492 0.00429770529689 0.0198677289996
9.20473773896e-09 0.010861976838 0.00193213628873
0.000137802010807 0.00952755186884 0.00365620475101
4.19322805979e-05 0.0119233959096 0.000983544890933
0.000155094535438 0.0139315918682 8.69413500571e-05
8.47182210058e-05 0.0134816754542 0.000201351539274
4.00969358394e-06 0.0140437316193 0.000101988725604
0.000307931324183 0.0137225665174 0.000128359650794
0.00278325533551 0.00542850399228 0.0145576236888
6.68956786557e-05 0.0126149397916 0.000550099640625
0.00270075401368 0.00419935853265 0.0214242215725
4.02087206407e-05 0.0124392797169 0.000647209993317
5.8975268601e-05 0.0118590860278 0.00103844122775
0.00013878251525 0.0131454013278 0.000308966103191
0.000299097691867 0.0142879686101 2.8832144779e-05
3.15341190397e-05 0.0105991163573 0.00220827606669
0.000362493971059 0.0080663384233 0.00650173320778
6.41531231886e-05 0.0134325521945 0.000219513614815
0.00219399829575 0.00528741787046 0.015225759433
0.00458663274951 0.00365126246546 0.0237111098504
8.40840997696e-06 0.0115371600773 0.00129370463699
6.59677635374e-05 0.0128823533838 0.000421754555373
0.00062168062673 0.00816650735126 0.00618141548794
4.35092189555e-05 0.0102707186629 0.00260644898542
0.000671262798696 0.0137763364317 0.000137165915382
0.00227673876563 0.00525957973023 0.0153207096492
0.000235059094015 0.0132273534406 0.000280012134978
0.000227570575549 0.0159186740087 2.75680873346e-06
0.00880472444731 0.00224862018896 0.0348675004253
4.71719918828e-05 0.0122731455389 0.000745431418776
0.000301032212663 0.00878599571241 0.00493176431931
6.97727360385e-05 0.0100679995944 0.0028701700426
7.55198644013e-05 0.0129077833928 0.000409525587652
6.08977972578e-06 0.0110997314541 0.00167734949055
0.00204236446213 0.00568470662065 0.0135331849463
0.000363535175066 0.014143350418 4.66567345752e-05
0.000118042980632 0.0134394669868 0.000209843400919
4.26998313657e-06 0.0143622345944 5.23359113208e-05
0.00686392159031 0.00206970104243 0.0383056309066
6.56125704178e-05 0.0124591160445 0.000635035317315
3.91480790289e-09 0.0115799580168 0.00124699527616
0.00124765773644 0.00698650288188 0.00915253857029
0.000181502230844 0.0146688620508 4.03875443701e-06
3.11025249212e-05 0.0106064443164 0.00219988240086
0.000313475386318 0.00922567633522 0.00414412392043
0.000202779066096 0.0138747420077 9.54389498525e-05
9.55661347236e-05 0.0136376067431 0.000157537936383
0.00338550690349 0.0045616178117 0.0184981566653
0.000119055961537 0.0128081043265 0.000453743990052
1.6302147368e-05 0.0120181888169 0.00091293789909
0.00437709469115 0.00349006921083 0.0250151651586
8.02138977756e-05 0.0145281396243 1.68804121127e-05
3.74823925055e-05 0.0108541406671 0.001933089643
6.42440619337e-05 0.0133229603054 0.000253741164551
0.000582039805762 0.00803238177664 0.00648559203177
0.000431690028859 0.00876943064844 0.00495626978442
0.00353089680519 0.00426129735624 0.0201366373762
0.000207882707861 0.013996631748 7.23915979457e-05
0.00772297707767 0.00242921344497 0.0330416339861
1.4424423913e-05 0.0105194905823 0.00230645449441
6.3911243248e-08 0.011450731063 0.00135406827911
0.0015224088626 0.00634393765364 0.0111562920191
0.000536676721209 0.00847279759695 0.00553753543689
6.30796839758e-08 0.0122536996292 0.00077783078809
0.00352412172165 0.00434975326562 0.0196248762909
9.89762191786e-05 0.0141100718081 6.19837486301e-05
0.000300547027429 0.0132688594303 0.00026895774011
0.0060540644814 0.00295016027067 0.028645113275
0.000753573227344 0.00794688044856 0.00667588394995
7.80934459747e-07 0.0116159397339 0.00121610612171
2.64533527975e-05 0.0106949894026 0.00210001026428
0.000344094721914 0.00902558304262 0.00448686004773
0.00278393646225 0.00518216467705 0.0155761614541
7.74954460879e-05 0.0141879276088 5.34965139681e-05
2.11456165984e-07 0.0122783776315 0.000762022019264
8.1894953266e-05 0.0129586944151 0.000387032370843
0.000234786317777 0.0139793079189 7.45421534801e-05
0.00417168767814 0.00403098344882 0.0213646675303
4.32792494352e-05 0.0106957583819 0.00210238700358
0.001697896117 0.00643124749439 0.010857512329
0.00290885489075 0.0043021138954 0.0203120868635
0.000140974689876 0.0129511464903 0.000388747064146
1.70041653335e-05 0.0108597466471 0.00192133890377
0.000145714883054 0.0135330910451 0.000180526574712
0.000504298970117 0.00845302940372 0.00557585475699
0.000254739341898 0.0147153458896 1.53310095975e-06
7.91947853021e-05 0.0123618299485 0.000693288049422
0.0115726411188 0.00113767692332 0.0489296528188
9.01665973786e-05 0.00993287875873 0.00305473005364
0.000450864346966 0.008438563226 0.00560808906543
0.00429522774977 0.00392599579984 0.021984814752
6.2856104981e-06 0.0111097000783 0.00166777024166
0.000243504772601 0.0131394116541 0.000314986667521
3.54770595823e-06 0.0141778264863 7.96107254593e-05
2.41233311112e-05 0.012519288217 0.000606672868885
0.00128162197894 0.00702122245525 0.00905577187552
0.000252180114974 0.0142342657738 3.59660418858e-05
0.00627249379977 0.00302319063095 0.0280529335994
0.00158010282876 0.00684624424781 0.00959229639785
0.0043252898583 0.00390615868393 0.0221032131907
9.29798013959e-05 0.0104159534653 0.002432975634
0.000367742604521 0.00862333013045 0.00524072272971
4.82989332916e-05 0.0146150376324 6.48647623276e-05
3.11091585771e-09 0.0138836114332 0.00014516026317
7.95231042022e-05 0.0129019331758 0.000411718332309
0.000248426657031 0.0136497472239 0.00014628766947
1.72049625249e-05 0.0112808022503 0.00151630543204
0.0116179154952 0.00201294266359 0.0385406250292
0.00015103292435 0.0101784737734 0.00273821463175
0.000383200840372 0.00855617343232 0.00537448267979
0.00160486705803 0.00626679697385 0.011411851273
0.000116827309877 0.0126332888942 0.00054192945666
1.09097421033e-07 0.0112596850615 0.00152487969682
9.75564285951e-05 0.0132446824384 0.000275143900563
0.000200991535602 0.0137210368108 0.00012927306955
5.254756812e-06 0.0147112681603 1.70290963113e-05
0.00402058177314 0.00410877522887 0.0209230825839
0.000428889390003 0.00873955463946 0.00501193146691
4.39515975013e-05 0.0104842061819 0.00234255151398
0.00381256637166 0.00388253800108 0.0224513524371
1.23865892729e-06 0.0115305446003 0.00128590683039
0.00227880808642 0.00565685479497 0.0136200145337
0.00405216386101 0.00425630058113 0.0200936457986
7.17481462363e-05 0.0142015350556 5.24773910097e-05
6.41641582584e-05 0.013564306338 0.000182066750743
0.000199331966733 0.0136920816333 0.000136324707298
0.000205032366154 0.0128661167749 0.000432808889201
0.00401417225872 0.00346418909221 0.0256463703558
2.45267733159e-05 0.0144597065399 3.15873229691e-05
0.000764199093662 0.00810770028268 0.0063226534087
0.000200936627781 0.00918953971193 0.00420823044238
7.74054315618e-06 0.0111539506054 0.00162611983627
4.31396516497e-05 0.0107220732513 0.00207387189563
0.00372771616625 0.00399696543267 0.0217157740043
9.94813003891e-05 0.012866520292 0.000426462654133
0.000132906229965 0.0124914973286 0.000623449729696
8.04882883056e-05 0.0138257371079 0.000116193557411
0.000549347321669 0.0084021950147 0.00568119232145
3.599099441e-05 0.0129334795034 0.000405988300499
4.67404093116e-05 0.0105735953409 0.00223913703226
4.19786365202e-05 0.0123372399524 0.000706355160786
0.00372971415976 0.00384980943369 0.0227512749497
5.56019251494e-05 0.0110886566081 0.00171434982944
0.000178860454555 0.0138367974756 0.000104304329419
0.0040481335648 0.00383155053411 0.0226722567261
0.00148197231576 0.00597694762339 0.0125619643278
8.87406543147e-09 0.0147692529013 1.85316901267e-05
0.000381501388497 0.00844657659802 0.00560472438723
0.00274424153008 0.00404120544231 0.0227516392836
1.21728577475e-05 0.012248353652 0.00076539082297
2.82590385395e-05 0.0109557139339 0.00182676062027
4.87640381432e-05 0.0146048106296 1.47040691528e-05
0.00332956751616 0.00439957149613 0.0193984231922
6.61138581505e-05 0.0102925266809 0.00257701057771
0.000193870294305 0.0135122388625 0.000184610879444
0.00177378297133 0.00586577746554 0.0128740695901
0.000333272586532 0.0140309969538 6.43301171754e-05
0.00335839039042 0.00376723559192 0.0239268636281
3.08660283674e-05 0.0121134761801 0.000847931253007
0.000257556765358 0.00905157094326 0.00444260162119
0.000884013978487 0.00731757358428 0.00824951726588
4.74293926779e-05 0.0105276914288 0.00229197123003
9.79803915761e-07 0.0115575218294 0.00126354211562
0.000201121181758 0.0141119777427 5.41404272055e-05
7.10594898427e-05 0.0130099545899 0.000366977093752
0.00012225827705 0.0145732014086 1.08796178989e-05
0.00346889196056 0.00426649598075 0.0201288973856