0.422663905871 0.0578941066072
0.0805948050966 0.191606481121
0.047695175315 0.228745228546
0.00302871079587 0.345614012444
0.0142218636131 0.3063812982
0.293350507778 0.0912305435936
0.0843338088916 0.223155831415
0.0105453728688 0.302384186331
0.269140455235 0.140617383105
0.49125325331 0.0974717272349
0.0645674368284 0.242881828922
0.00288559124648 0.342644613272
0.731132456252 0.0753887134057
0.0196756063078 0.315292080678
7.48306524813e-05 0.394759454993
0.548680603151 0.0968676883175
0.0742956997263 0.260776264526
0.2425494762 0.178722529737
0.4178357551 0.126135458009
0.00255240311238 0.27305261532
0.289798991458 0.093505629486
0.167214415143 0.14493373574
0.677299798285 0.011418041542
0.748142909797 0.00242164505889
0.0287520663313 0.224869358465
0.0244283846931 0.215787377028
0.0910357090094 0.147852052486
0.00164971713261 0.31547124768
0.290448850063 0.0699179131684
0.00748225254456 0.274611978812
0.164164982963 0.111238648689
0.0190784144659 0.2799112859
0.000828037650155 0.363977176101
0.0787184025668 0.237326024144
0.107492030034 0.207968555102
0.10758293956 0.206748313012
0.788511064643 0.0550890833363
0.0773672067364 0.219290298796
0.00653057884848 0.271666303829
0.27653855012 0.144353494711
0.405582735799 0.103293195887
0.166671620922 0.16254612492
0.0324619779526 0.261152347646
0.00430727591334 0.310100994725
0.128445656019 0.169378824753
0.124595225094 0.174874197033
0.317958707984 0.0798250757426
0.0178777031542 0.282502655094
0.12543527286 0.135539505031
0.286933965769 0.076873244166
0.0286432047593 0.23301100343
0.0336824559023 0.231951334913
0.00538076918934 0.317220167674
0.0392071823181 0.291402534754
0.0733380402381 0.255433573574
0.66576676199 0.0296607378962
0.22304414104 0.149645616841
0.00207555334347 0.415235409267
0.102179437056 0.179968933672
0.0103590976883 0.373445240775
0.68528055456 0.0504432742221
0.145848018479 0.195358480163
0.0677811378312 0.251988800754
0.449142932511 0.0973301010193
0.609906614117 0.0616884030478
0.00666286660723 0.333242882638
0.0170724283465 0.340725580537
0.00231306813629 0.432970127253
0.000512398880724 0.372070803435
0.151057880092 0.163680914578
0.322418711642 0.0953657133005
0.0257899200056 0.281798921951
0.0179533176648 0.294980870258
0.683911745931 0.026387242406
0.011432562324 0.325053065883
0.11740402823 0.194989393601
0.665358927763 0.107137379208
0.106645333832 0.276758446508
0.00369737338142 0.400455687752
0.156135028213 0.245410357927
0.318524830764 0.180966315843
0.0196872373148 0.363388855772
0.0486857092908 0.328925597742
0.509417647041 0.129431228159
0.00857678537132 0.340273771967
0.19163184519 0.179021922808
0.0220387332331 0.313403076702
0.46155355959 0.12125164275
0.259615562752 0.137899011692
0.00539218239674 0.345900638459
0.211627075829 0.171796947644
0.00262435036702 0.376559049382
0.0926878648328 0.24240816663
0.205524415999 0.155844679404
0.393166149079 0.109553937818
0.015977884439 0.265529349359
0.00476048763245 0.300242869063
0.248147411565 0.141213932805
0.0397274294422 0.246022369305
0.859747743001 0.0
0.0677424797883 0.226299887278
0.0177307504965 0.335729898978
0.709163914461 0.0403102823935
0.24814848162 0.147197839441
0.000505067769519 0.483060772202
0.745876534734 0.0450333013082
0.0337932568414 0.247711034315
0.00394953531836 0.359892693696
0.200325824683 0.133611352663
0.00248184222949 0.318371874644
0.0194745040142 0.2787934219
0.00484149339778 0.327056738792
0.163053001174 0.154591018509
0.105469053363 0.199613042483
0.313470644053 0.106884515165
0.00974516125866 0.301700472771
0.0370792954618 0.249688534963
0.668692069467 0.0542749686941
0.0194015769311 0.307660935691
0.0468309544541 0.26161738984
0.0604773192193 0.238519058048
0.832717270768 0.020626858014
0.00687530638948 0.365719244025
0.282930912811 0.133002071251
0.745270915993 0.0417004977236
0.399969521033 0.103949519035
0.064194544597 0.24614674265
0.00626992791771 0.3504958059
0.493714116767 0.0942591525623
0.0276899397577 0.288879836094
0.117831654568 0.198909256328
0.229818252888 0.152788860831
0.662370903296 0.0311821575452
0.0748429344784 0.257963280561
0.276723537276 0.146996114459
0.00382609485484 0.370019372798
0.0135885437645 0.343757536791
0.202519446255 0.182647157123
0.06567320111 0.266649388282
0.00700594300557 0.364607887413
0.0309853319233 0.240856268889
0.218980830294 0.147445675914
0.359445360425 0.117916302443
0.621825867894 0.0898933362284
0.00407272084068 0.295961683491
0.0316651145151 0.229630156836
0.140088290433 0.148092533576
0.251653981341 0.100757519559
0.0148822474313 0.266620677683
0.653211187569 0.0801414396544
0.282123915329 0.166922803422
0.105394280675 0.243332527374
0.00190674505447 0.383942802344
0.0174019106157 0.342731881094
0.512583680805 0.103525622383
0.0583195166133 0.283322389384
0.0339149775808 0.30972078671
0.709841936543 0.0730618924538
0.00780265708949 0.416589438888
0.0238977116593 0.380689619956
0.413873838307 0.142795314667
0.229922929638 0.206618164086
0.0653372094924 0.301221031863
0.108580815251 0.288792244586
0.203036340418 0.114754479789
0.092020930475 0.161506216466
0.0219355857142 0.254244205822
0.293221133534 0.108004210018
0.00115862270487 0.370156851868
0.0049305995957 0.300202872681
0.335466586186 0.132080663371
0.271205305778 0.149597520234
0.415104973822 0.111074965093
0.661572149518 0.0602629292501
0.579436934066 0.0267884292794
0.012622241303 0.257026935938
0.0778699965751 0.179503710213
0.380703959724 0.0805031805621
0.699669947701 0.0083947837185
6.8432800478e-05 0.3930651876
0.448886456964 0.0911927461108
0.157227738308 0.218848799579
0.0100390116569 0.357639546368
0.00578199566727 0.365927063613
0.0259264116189 0.337265105541
0.203643686721 0.181129166208
0.0191090167653 0.303815819041
0.150398903213 0.209882024722
0.00140527169427 0.38122698125
0.800197075293 0.075491713979
0.472097795824 0.137151675184