0.000284475194858 0.0558376943113 0.000680094733028
0.010838895272 0.0333994553446 0.0355443073033
0.0472549499796 0.0152423035347 0.202884394765
0.020771337545 0.0252624300559 0.0782822378306
0.00479449245157 0.0415129274964 0.0139961992255
0.00572831524827 0.0398920440874 0.0172597770358
0.00138804872573 0.0500680953285 0.0035417922053
0.000717619267302 0.0529356166577 0.00197524114958
0.00256702078076 0.0464424215869 0.00684674156993
0.032256128363 0.0189707622486 0.135882115141
0.00694109120488 0.0382134720394 0.0209213798862
0.00263019563093 0.046341699156 0.00697665667809
0.00393623870866 0.0431787391964 0.0111650453714
0.00910429382209 0.035400500729 0.0287283066752
0.0210514482702 0.0248970466455 0.080775953194
0.000369069684452 0.0551267807469 0.000895284583741
6.40243813584e-05 0.0585626613266 0.000176628499477
0.000900243663699 0.0518638188201 0.00238538918325
0.00134596957036 0.0500438830236 0.00355143091277
0.0407101530131 0.014852885923 0.19391504097
0.00979880632061 0.0346280117379 0.031234750252
0.00710091664628 0.0381056725233 0.0212244041158
0.00372015834479 0.043765250212 0.0102713475244
0.00393077521431 0.043337738814 0.0109101053797
0.00177388082721 0.0486144729491 0.00469014771
0.000929461577714 0.051732431542 0.00245173518496
9.00243391942e-05 0.0578245462621 0.000242775581739
0.000365770574253 0.0549551580509 0.000944274902403
0.0190215368573 0.02623943549 0.0715093139231
0.0517284125732 0.0111887944606 0.258838923007
0.00100485599958 0.0513966749983 0.00265228285898
0.0174580470969 0.027403657996 0.0641816759332
0.00070213045693 0.0529204406712 0.00190752890233
0.000130088139176 0.0571962116531 0.000333687534466
0.00479994258201 0.0420078107027 0.0132545884761
0.011588892055 0.032637224634 0.0384545298365
0.00223511571802 0.0472924891251 0.0059368643139
0.00779038063249 0.0369791235406 0.0241264324621
0.0434028842265 0.014219547605 0.200468997694
0.012104573091 0.0323425480443 0.0397808135816
3.49242257011e-05 0.059721666839 9.01342404753e-05
0.00798078601076 0.0368177982057 0.0245588574102
0.0222528214747 0.0240225760869 0.087473620146
0.00433613761596 0.0424251022962 0.0123595884327
0.00157502483632 0.0493694218957 0.00406823652845
0.000273997526213 0.0562992909255 0.000619251872731
0.00289404659515 0.0456663652275 0.00775662411537
0.000583333841302 0.0536298944748 0.00146002131339
0.0358650438669 0.0171945646919 0.157145933628
0.00417818228883 0.0428388230224 0.0116864571413
0.0024755433769 0.0466282848189 0.00663367326665
0.0016031605822 0.0492176975375 0.00418228825344
3.57827646232e-06 0.0605873412169 8.05454756496e-06
0.00768211862427 0.0373220341488 0.023239126138
0.00934509184794 0.0351015017146 0.0296737701069
0.0214240209439 0.0247753371562 0.0817349304341
0.000616373456923 0.0533758711508 0.00157042403925
0.000294635527983 0.0555701256356 0.000738199333318
0.0270961549851 0.0217596038465 0.107655295849
0.00940339927778 0.0350288451118 0.0299073148545
0.00133354439247 0.0501515428698 0.00346357292329
0.00281889633119 0.0457632909473 0.00762093625138
0.00395830340016 0.0433117337517 0.0109584162088
0.00721528292738 0.0376772186752 0.0223884011906
0.000558621396188 0.0537006182613 0.00142609716906
5.26664009473e-05 0.0584862861912 0.000127136858339
0.000196218608537 0.0564453538251 0.000499156248653
0.0208673907237 0.0248477774845 0.0815298071888
0.0338580807626 0.0180535557259 0.146272278221
0.00676232116738 0.0383999483519 0.0204839896861
0.00144753299953 0.0498616319148 0.00369723007548
0.00364918975891 0.0437712329996 0.0102743188665
3.0714144062e-05 0.0589573861641 7.53513998718e-05
0.000811624276646 0.0523136184765 0.00210578053714
0.00255914103533 0.0463129858676 0.00699913576551
0.00983620548426 0.0345819662561 0.031387537392
0.000378983672195 0.0548839391453 0.000962627092466
0.0210898775475 0.0247239494807 0.0823134666245
0.000104650604482 0.0575412778918 0.000268350115758
0.00691994744178 0.0382066167598 0.0209409881639
0.0526333956558 0.0110328379455 0.259747740745
0.0043080138062 0.0426237765063 0.0120440439686
0.00257118352155 0.0463239967551 0.00697167014305
0.00917281173762 0.0351939592951 0.0294360214502
0.000622465486184 0.053414896392 0.00155738176902
0.00135455108662 0.05017084994 0.00346234670264
0.000173176979787 0.0566830969855 0.000444692547302
0.0152649207193 0.0290866724096 0.0548502634658
0.0281099538072 0.0214330860469 0.11158546849
0.00421708143196 0.0427255039476 0.0118617957425
0.00148520966788 0.0496083893613 0.00387109911349
0.00747228715839 0.0373585555686 0.0231500472969
0.0204798683993 0.0253183908193 0.077754293051
0.000150198367755 0.0569855105125 0.000374302027285
0.0022944156127 0.0472419938303 0.00601505887139
0.0106987259822 0.0335285882754 0.0350748138616
0.000572221217452 0.0536116918933 0.00146589272765
0.02054469361 0.0250326843212 0.0827411557722
0.00323328854484 0.044729042665 0.00892270031164
0.00599025106595 0.0395420861947 0.0178835035022
0.000564737559277 0.053715996466 0.00142019197214
0.00719853715453 0.0378262307105 0.0218862895134
0.000380881483954 0.0549005105458 0.000956503631617
0.00234739673856 0.0468370254475 0.0064841928221
9.16753766937e-05 0.0577964636173 0.000224118485196
0.018069267857 0.027297089393 0.0651098517243
0.0015296235836 0.0494319460221 0.00400942679742
0.0315809351452 0.018785529995 0.13835036847
0.00379298443998 0.0435969974378 0.0105153888258
3.82331852301e-05 0.0594376047913 7.94483739266e-05
0.00801301430038 0.0366586763079 0.0250328770972
0.00107588384005 0.0511093686491 0.00281944959493
0.00618455520513 0.0392783057622 0.0184425794804
0.0180041372206 0.0270062392109 0.0665935116065
0.000415300053315 0.0546108252503 0.0010624668404
0.000250541431983 0.0559873837947 0.000619275308326
0.00186593907109 0.0485437794521 0.00479460534793
0.0266453231927 0.021273766418 0.114235566539
0.00207646097984 0.0476220538085 0.00563845415463
0.00625641691172 0.0392819982286 0.0184379827148
0.00348232306275 0.0441221802898 0.00977507016145
0.000252811808516 0.0595702633083 0.000541862831297
0.000662346631906 0.0533484228274 0.00183715742554
0.0135345041211 0.0308165850291 0.0462126438842
0.00497464547086 0.0413946144136 0.0141687869463
0.00114716118838 0.0509184684979 0.00293724859624
0.0282270142435 0.0204840274614 0.124558952581
0.00643520777614 0.0389388561829 0.0192020876598
0.00285593696219 0.0456031180194 0.00781544517982
0.00510952475106 0.0411019198839 0.0146982393492
0.000409374138586 0.0546393173936 0.00105614886759
0.0146511006942 0.0296609170472 0.051793981807
4.40829480483e-05 0.0586343503401 0.000118153071574
0.000836843038873 0.0522890183089 0.00211716877475
0.00212341692972 0.0475932802651 0.00563555885024
0.000158398471298 0.056948982886 0.00038570864879
0.0253510503062 0.0220015759093 0.106013559516
0.00141447741578 0.0498093661118 0.00372097745531
0.00306108522989 0.045114441604 0.00842332676528
4.33721719842e-05 0.0588596385177 9.74752806734e-05
0.00521688368681 0.0408670035582 0.0151445373897
0.00100941719563 0.0516072406427 0.00252594434033
0.0157042877557 0.0288751794555 0.0558099914589
0.0102452987772 0.034405440972 0.0322316310528
0.000123342984234 0.0573587907454 0.000301473390057
0.000390945234917 0.0548003723505 0.000991886383336
2.45425748286e-05 0.0591439273442 5.94100201059e-05
0.00636451184371 0.0389530879815 0.0192122710007
0.0385466103719 0.0156954616081 0.18208484546
0.00252029200999 0.0464383777258 0.00684792989696
0.00385096184066 0.0434302552496 0.010759915991
0.00101398765151 0.0513701682394 0.00265716765147
0.00145174444442 0.0496926084925 0.00380712289297
0.000454147506849 0.054410376835 0.00113694971137
0.000112306824389 0.0574659656706 0.0002796624218
0.0129746118339 0.0314190851042 0.0435788966314
0.03137727531 0.018901270023 0.142505062493
0.00325295030216 0.0446762219311 0.00899443223828
0.00819840781803 0.0367285081423 0.0249149860527
0.000953028067654 0.0517089048497 0.00244203442457
0.0155793849607 0.0289171928539 0.0555993329754
0.000310387765797 0.0554561628699 0.000773900229545
0.000115969223064 0.0577361138273 0.000263025145677
0.00199644027393 0.0479794877791 0.00526630936271
0.0050743120617 0.0412188272592 0.0144930154433
0.0167275484885 0.0280431348062 0.060407973017
0.0413698105867 0.0146059524604 0.19866350617
0.00879154096704 0.035921802752 0.0272001681508
0.00548190876606 0.0404489252536 0.0159637118986
0.00126261618353 0.0504648241639 0.00324443309317
2.52201415079e-05 0.0593289867002 6.95329276334e-05
0.00346733601043 0.0442172898615 0.00961827130179
0.000291307284129 0.0556181126525 0.000785253038754
0.000137154443043 0.057832916466 0.000297114055666
0.000736386207812 0.0529350931277 0.00180988416455
0.0337239867833 0.0180562370153 0.159105272274
0.000757737124775 0.0527627900976 0.00188249497867
0.00461510586314 0.041931852395 0.0131932666394
0.00190250704569 0.0482667510473 0.00500136466629
0.000321064136926 0.0573655768141 0.000671421568605
0.000423834403333 0.054531201159 0.00110270179548
0.0161215567328 0.0284941579394 0.0578817901839
0.00279130472063 0.0457228001515 0.00768724091922
0.00754509869315 0.0377027376254 0.0224042649532
0.0202953968136 0.0264118570253 0.0726816630674
0.00986774644334 0.0344124777813 0.0319771341042
0.0172932225559 0.0276227561226 0.0628524262048
0.00526903866495 0.0408223196135 0.0152307749495
8.44016262709e-05 0.0579222662053 0.000204941367681
0.00265617704229 0.0461327306963 0.00718668224279
0.0016450557943 0.0492207767629 0.0042100522775
0.000709870812851 0.052965853394 0.00177343496696
0.000433416922217 0.0545033037827 0.00110057944532
0.0189663739062 0.026112050658 0.0742068594471
0.000877062257033 0.052167710847 0.00219497439724
0.00624009053252 0.0391992447343 0.0186172273431
0.0022553493863 0.0472301787609 0.00599957783387
0.000514421325647 0.0540306643289 0.00128824923294
0.00499940544983 0.0412268340167 0.0144662044137
0.00189867743568 0.0482107085971 0.00505258659131
0.000211486121546 0.0564019282621 0.000514500115251
0.0154847849763 0.0291093065981 0.0545877358504
3.60424895024e-05 0.0589517488291 8.26680277662e-05
0.000752679272608 0.0527201756864 0.00189249294501
0.00629912195573 0.0391134925387 0.0188090265208
0.00169820232299 0.0489348803962 0.00442016096607
0.0170093772282 0.0279075041317 0.0612258470027
0.00233777515359 0.0469931394646 0.00624369955754
0.00319572081907 0.0448768249379 0.00872881224357
0.000219933140266 0.05631591594 0.000535886703043
0.0122085173238 0.0319480677088 0.0412718011885
6.38931910848e-05 0.0583297986383 0.000150780531469
7.52578952162e-05 0.0580083107433 0.000190133880484
0.0325751177358 0.0182646518115 0.147022668971
0.00617809666618 0.0392877728241 0.018421677696
0.00506293677612 0.0411325492337 0.0146395681362
0.00176963607358 0.0488294469154 0.00454089913747
0.00273833166442 0.0460871060369 0.00727306404096
0.000983433714942 0.0515307425782 0.00255043313219
0.000131448328442 0.0572654398006 0.000320189786069
0.000554240259081 0.0537785368356 0.00139324298808
1.78737800919e-05 0.0595554728099 3.89238923334e-05
0.0156528005385 0.028793179823 0.0563392883036
0.0310855402765 0.0191478025404 0.133446519297
2.69753204691e-05 0.060360698174 5.82133838162e-05
0.00518203977761 0.040963283658 0.0149594155776
0.00207082715276 0.0477030942383 0.00552926591329
0.00129302423686 0.0502966856659 0.00335929551433
0.000213867963082 0.056531598845 0.000502569401071
0.00384915345506 0.0435281871905 0.0106297655645
0.0127586512052 0.0314959738971 0.0431725338883
0.00685411029675 0.0381720705959 0.0212060333208
0.000511745456634 0.0539655085412 0.00131733113757
3.35618901338e-05 0.0590183280379 7.66834403716e-05
0.00236324247087 0.0468358969387 0.00642408177726
0.000784725537727 0.0524908607876 0.00200576087801
0.00475570445204 0.0418541710184 0.0133731828835
0.0165595131022 0.0279365083935 0.0624327663123
0.0016932963717 0.0489080350562 0.00443800031785
0.000132542360493 0.0572302862411 0.000325597567955
0.00028016189874 0.055732336443 0.000692309560231
0.0148040488727 0.0294079731736 0.0536276752968
0.00633779683567 0.0390995715942 0.0188360821099
0.00545434993398 0.0404788895557 0.0159040658647
1.86190285798e-05 0.0593805855516 4.33674499436e-05
0.00300386583202 0.0453141123392 0.0081689951227
0.000790339793252 0.0524980110926 0.0020036546875
0.0112595897997 0.0330448752639 0.0368920483754
0.0165654430827 0.0280745657765 0.0602851258497
0.000368034126772 0.0550317152424 0.000913794946715
0.00175067296036 0.0486877397068 0.0046265481262
0.00020784721737 0.0563536578892 0.000520666222833
0.0163779860662 0.0281851193367 0.059733005351
0.0372648123314 0.016541700847 0.165759652956
0.00359159386872 0.0439464193573 0.0100019917535
0.00597219483052 0.0396472164923 0.0176277394292
0.0164975268813 0.0284973634183 0.058131643816
0.000197184511393 0.056641752644 0.000541018298079
0.00100042236618 0.0514468129208 0.00260338501048
0.000329895293421 0.0553106067432 0.000820583871642
0.00205207334984 0.0478485950997 0.0053951490147
0.0108914280567 0.0335914309546 0.0349793848629
0.0284638005335 0.0203683321162 0.120728103686
0.00933936751396 0.0352574048095 0.0292427286478
0.00544924534387 0.0405582390594 0.0157548490331
0.0160303600474 0.0284349675805 0.0584324528941
5.08591308071e-05 0.0584569556828 0.000129743781054
0.00354265263951 0.0440713519468 0.00982251795201
0.00185928557284 0.048318492358 0.0049576254696
0.000828699723096 0.0525714600614 0.00201994953695
0.000420425598194 0.0550016883839 0.00098585478667
1.23373183215e-05 0.0596572376631 3.40873244442e-05
0.00138992923064 0.0499244153223 0.00363096489052
0.00403669468281 0.0430215747925 0.0113920389085
0.00227618599501 0.0470968571018 0.00614080021907
0.00586641751298 0.0398482199246 0.01720088001
0.0192231183808 0.0267513353697 0.06919098303
0.0111171730195 0.0330939418239 0.03669167789
9.53473222716e-05 0.0577901386736 0.000228597457238
0.000697464091205 0.0529405574618 0.00177698097454
0.000295616217041 0.0555424042546 0.000746623142883
0.0354542586219 0.0172737730624 0.155996495555
0.00120516625968 0.0507460092785 0.0030618602271
0.00247699364534 0.0466493388048 0.00661389172562
0.0012041659951 0.0509179505638 0.00299303209983
0.00653737025333 0.0387595263909 0.0196205266751
7.56533406395e-05 0.0581303735829 0.000178742466847
0.00457832778607 0.0420624854499 0.0129704099474
0.0138793059072 0.0303748542015 0.0482753506393
0.000514516915283 0.0541054819309 0.0012676008609
0.000160039370215 0.0568413644668 0.000422107869685