0.979541600031 0.00264464903451
0.0211777470615 0.968566989384
0.973754469536 0.00950807742503
0.977649748405 0.00434696036709
0.0054267408872 0.983766737281
0.981634371177 4.26728023242e-05
0.978728952445 0.00150027146233
0.980260667191 0.000361165930755
0.976721478052 0.00414112783086
0.00587756967322 0.975448946804
0.000101455753408 0.982481259316
0.0015488418163 0.979095150634
0.980014293314 0.00111895190415
0.00272013950521 0.979010218092
0.975455172653 0.0076865008149
0.0129327801452 0.9715346072
0.981769909394 3.543018899e-05
0.00229337210255 0.980674708401
0.979816012387 0.00131914027305
0.0020911757398 0.978040610312
0.00739813346848 0.974452685192
0.976526976354 0.00427025208942
0.981619766862 0.000673689160527
0.000735541007754 0.979972767254
0.00102254787039 0.979474704125
0.000124474795813 0.982559443322
0.980474351008 0.000528288932918
0.000418517654304 0.982985279833
0.0180274538998 0.969503995544
0.9759650041 0.00531050111005
0.98100132666 0.000500439764174
0.00035148137605 0.982738372921
0.00137240151064 0.980851332723
0.981854871263 0.000412778409384
0.977519825055 0.0032233849187
0.981740908059 0.000117506551247
0.000343778297013 0.980886405567
0.975987115076 0.00524649040676
0.977645550587 0.00364469172842
0.00193633741116 0.978588277472
0.00387646573011 0.976589570409
0.00297311040947 0.977592882364
0.00155210413633 0.97903014058
0.978649829616 0.00166477688437
0.980617688451 0.000634501006661
0.971156535486 0.0136232922785
0.980654345244 0.000266678703891
0.976860397622 0.00391835287831
0.000407462875841 0.982674446238
0.00258399493671 0.97815178328
0.980733330579 0.000557445591617
0.00835721837929 0.973962313286
0.981029406952 0.000172441317119
0.000701860136354 0.981156474744
0.975290963097 0.00637930378341
0.981235378985 0.00049401963093
0.978926889231 0.00239449297238
0.0200863705989 0.968342715181
0.000108414779256 0.981029718249
0.0014396211781 0.97922105202
0.982168590867 0.000898438831715
0.979493013336 0.00159730430023
0.006681192973 0.975477473778
0.970011535749 0.0174979867139
0.98154751386 0.000494331160677
0.981224637894 0.00173525470139
0.975817136977 0.00588496710841
0.00206797851511 0.978387086869
0.977308317163 0.00398864082851
0.00109439384117 0.9814049926
0.978763871441 0.00295151170998
0.0100046154791 0.973488773509
0.975209044918 0.00619918507693
0.00307473175328 0.978122267657
0.981986381092 9.90259003259e-05
0.979633140793 0.00173822086844
0.00106168632186 0.980522079478
0.0139007783869 0.971208019887
0.982345999575 0.000568061568298
0.978099692238 0.00257608664294
0.980457712181 0.000987568091932
0.980467253742 0.000978147913754
0.00097319073668 0.981398055662
0.011519303795 0.972504460052
0.00360228002095 0.978223317792
0.981010988309 0.00028528099818
0.975700306579 0.00519857484956
0.977933055888 0.00251740199438
0.00740722058767 0.9745895278
0.982056981858 2.50173951648e-05
0.00271911614235 0.977685718782
0.000664190291492 0.980737580801
0.00103007449329 0.979839307772
0.00056182273042 0.980309163657
0.978904802068 0.0017314115616
0.980302518343 0.00145909759553
0.00389688881351 0.978149439859
0.00551276103313 0.977075729618
0.0142478317591 0.970841422254
0.00430364947884 0.97793281865
0.00458657843446 0.980896685911
0.981183801064 0.00146870514358
0.972425056445 0.0121803815491
0.000110459331041 0.980790347502
0.00155242751489 0.979095658065
0.971998177603 0.0151375355202
0.983066005723 0.00071650175291
0.980545362171 0.00277937590699
0.0017553068099 0.978554403593
0.976798613362 0.0052427100234
0.00564025327738 0.975839868868
0.981407117875 0.00248615367354
0.984378012841 0.00164255583301
0.981153372818 0.000945869167496
0.978972101034 0.00153670402542
0.0065061519245 0.974957444885
0.000843137520613 0.979513041061
0.000318675682352 0.982725734834
0.976078400097 0.00594973595905
0.00111345462079 0.979162716735
0.00338534355509 0.977283125146
0.00130729497046 0.979037786885
0.000294413679881 0.98165046426
0.976069410136 0.00467841926403
0.981428026543 0.000542610118342
0.00260890699383 0.977840780472
4.7770007667e-05 0.981014816925
0.980244293917 0.000382095523423
0.000155292760584 0.980746280498
0.978022857021 0.00216875978079
0.00101472598099 0.979533655267
0.976244207703 0.00466823655259
0.000139920891356 0.980742346422
0.979915962681 0.00206532419511
0.000302534598257 0.981564142656
0.00730268847032 0.974478306677
0.974236982981 0.00839276200399
0.979084539875 0.00163591458381
0.000446241138588 0.981613042905
0.0027344540157 0.977461346295
0.00525001824525 0.976271491528
0.976835547211 0.00382496860252
0.972667400891 0.0110895468837
0.975206372104 0.00616492100069
0.980481532595 0.000630573991663
0.0103293199924 0.97301955327
0.00109936164618 0.980373155232
0.00338695164066 0.977105679638
0.000286227443511 0.981763605296
0.97090943991 0.0142157639255
0.000398089814185 0.981297371971
0.00245184147102 0.97873207879
0.00761168829649 0.974361680533
0.98202533708 0.00123146536928
0.976700787066 0.00514000857467
0.981542316575 0.0
0.977012665905 0.00332946592155
0.981216713799 9.67635977362e-05
0.0109576434073 0.972840347122
0.00227656670199 0.978003575678
0.00109080148566 0.9830408907
4.18186337213e-05 0.982191812174
0.972231925027 0.0121043734222
0.00337320305314 0.97738466239
0.000291315153941 0.98206994471
0.982054212371 0.00136420638265
0.97428926763 0.00921269552487
0.00166535894257 0.978765913373
0.00465562969536 0.976300862821
0.980002961275 0.00183454375306
0.977959929993 0.00335166175821
0.000279233725186 0.982954334568
0.00578185741142 0.975382638484
0.000818202728333 0.979875568988
0.00329595868847 0.97801997802
0.00063735061172 0.981472706948
0.979208576041 0.00115052739179
0.974947558203 0.00734689581156
0.980902438604 0.000486183433919
0.979239217455 0.00100351903115
0.000743056511934 0.98225557364
0.000491846909972 0.98251732676
0.971622869457 0.0136844145662
0.0281062778081 0.965642318064