1.02371949084 1.99723300205e-22 2.6878161125e-26
0.220023060471 2.33230962153 1.52993422199e-05
1.00346735024 4.90231824545e-30 1.60025835224e-30
1.02040616728 3.03399032305e-26 2.8751279173e-25
1.02040616728 3.03399032306e-26 2.8751279173e-25
1.02040616728 3.03399032304e-26 2.8751279173e-25
1.00257259267 5.09461470118e-30 6.90244054775e-31
0.213428879249 1.98860485214e-26 1.459944902
1.00269944526 3.27822228485e-30 2.09338508471e-31
1.0024574427 3.90538994229e-30 9.67244263785e-32
1.00239124877 4.3182963155e-30 1.91051684749e-31
1.00251406582 3.92580443789e-30 1.05154973349e-31
1.00251600717 5.66466086229e-30 8.62936099901e-31
1.00251006756 3.04302608277e-30 1.30425770014e-31
1.02517947616 4.29828868902e-29 3.03856697075e-30
0.404930738961 6.01857009189e-24 1.74386620656
1.02528403377 3.81972858641e-29 8.26024023788e-30
1.0252554526 3.22536653229e-29 5.72399390615e-30
1.0252669886 3.0441089757e-29 5.49061127955e-30
1.02524791649 3.01974927803e-29 7.59474376641e-30
1.02531871202 3.05325510904e-29 4.19941951198e-30
1.02525883594 2.50172993266e-29 5.87044991617e-30
1.02521615055 4.30760832497e-29 2.94438490718e-30
1.06640229946 1.39732767695e-21 2.8845677747e-29
0.702408344353 2.38101152007e-06 1.7336852053
1.01989047902 1.38530285238e-28 1.80197441685e-25
0.268691441706 1.70075322386 2.49171299531e-43
1.03009345697 4.44260190584e-27 1.58974801013e-29
1.01407054714 1.72144854101e-35 4.06037420308e-35
0.362019329702 3.4714946174e-31 1.48793612899
1.03917852227 1.69914530746e-28 2.86278677345e-30
1.00106290109 8.58723183804e-31 1.233350982e-30
1.00108491185 1.52570663684e-30 9.06804260019e-31
0.295862873247 2.13457045294 1.39543218677e-94
1.00107898108 1.66016343941e-30 9.30476666786e-31
1.00110560643 1.29910166692e-30 1.19460237255e-30
1.00110545584 2.62373960943e-30 1.93663757131e-30
1.00109390229 1.26513940232e-30 1.67448564295e-30
1.00929091729 1.32290305168e-30 3.24106771519e-30
0.08589186817 2.08339613958 4.24425233552e-103
0.0199455080872 1.5870736225 2.82482739068e-18
1.05615549141 2.29648181469e-27 2.939635175e-24
0.204673296429 3.92309044003e-24 1.77260866704
1.0417482311 9.25719842457e-37 1.75285858683e-30
0.0517725319847 1.82130237051 1.56775898023e-50
1.07073347396 2.52370788193e-19 8.16088706153e-38
1.07120568872 9.45455441277e-24 2.37492156531e-37
1.0837122433 5.99396703845e-32 1.10306661085e-33
1.08178316168 1.64229101279e-22 3.95900415162e-40
0.589964630801 6.77919215237e-60 2.30433731631
1.06594769135 4.2517440004e-27 3.27580741624e-34
1.07773056497 2.51942144849e-26 1.08773640555e-35
0.250026080214 1.63319398087e-35 1.7025534828
1.03967119509 6.36707566739e-38 1.295930215e-27
0.468907674409 1.72819235778 3.90752645325e-10
1.00987178565 4.44708239054e-34 3.44223485964e-35
1.01371828412 3.08846987469e-31 3.611744037e-30
0.571155341866 1.80607847755 0.0195901574678
0.0570985281317 3.24977220543e-30 1.48574354941
0.246297341575 1.79830720426e-17 1.69104398451
1.01045449459 3.71999429162e-31 1.45503808183e-31
1.00571857663 1.95434790531e-31 1.83346018433e-30
1.00570579649 2.0265837989e-31 1.61724618913e-30
0.25005663515 9.47766171625e-147 1.94653111646
1.00571367405 1.66088137255e-31 2.19017312349e-30
1.00572039601 1.66901574835e-31 1.89702073958e-30
1.04247852347 1.75279560898e-30 1.58991735029e-31
0.143186454017 1.92009796614 5.78105148512e-46
1.04238652622 1.26973807626e-29 1.45515861289e-30
1.02165396676 1.550120367e-29 1.18141535481e-28
0.0100195204692 1.85560915931 1.64222047746e-09
1.00221267754 1.65638835357e-30 7.72215321583e-31
1.00221730609 1.59520158078e-30 7.79766120494e-31
0.00678291329286 2.03352325414e-66 1.96961504005
1.01742809732 5.56993869165e-33 1.20960029596e-27
0.597597863376 1.32759750508e-20 2.24001226213
1.03839521153 4.4734591935e-30 4.42478458301e-39
0.549239731859 1.70976480356 9.83772371707e-43
0.0484965183011 1.50850298189 1.30674810599e-34
1.04678239272 3.78299585255e-27 2.76596847587e-32
1.02479201524 2.52861564907e-37 6.50064436162e-32
1.02479201524 2.52861564908e-37 6.50064436162e-32
1.00836556774 4.58277122637e-29 6.42286595863e-29
1.00836556774 4.58277122637e-29 6.42286595861e-29
1.00836556774 4.58277122637e-29 6.42286595862e-29
1.00836556774 4.58277122637e-29 6.42286595864e-29
0.354648231316 1.86667053819 3.62671204234e-12
1.01254533355 1.2782815173e-30 8.40416632788e-33
0.117851546077 4.50015353384e-13 1.94161260713
1.04278066831 4.95716880936e-23 7.45159038776e-26
0.135807296217 2.07208245236 1.4256499591e-09