0.355051269636 0.368048694848
0.00078913207629 0.754136520926
0.0486033785665 0.668585262686
0.74962027387 7.45274226275e-05
0.0118366020624 0.716228813404
0.00467325527557 0.734619995435
0.736264252475 0.00225056409144
0.703310969506 0.0269733935898
0.733368239184 0.00321475785047
0.0202381809402 0.702170703455
0.353078489026 0.369979511656
0.0467325521018 0.670430698276
0.00475822938191 0.733608087583
0.693189999538 0.0369727609337
0.731575302753 0.00465964030119
0.0146750081835 0.711602678607
0.72250441256 0.00959837253342
0.0390428349648 0.678654831079
0.752925908559 0.000324223376711
0.737980335905 0.00171759609576
0.338468003624 0.384307367856
0.554416042555 0.172729723319
0.72822916928 0.00579921212072
0.00332844362798 0.741259336273
0.0272298054671 0.692386753902
0.00750776123558 0.727920598411
0.0151614262266 0.711408052767
0.724077219714 0.00862339455174
0.342979218734 0.379874688924
0.634441467462 0.0948912112025
0.0480241248012 0.669932985317
0.00107179844393 0.751615391908
0.0173631766459 0.707101367427
0.741821825271 0.000883433969149
0.0030371233128 0.740375132105
0.721733558349 0.0100684550432
0.729243984502 0.00518839059482
0.355617125523 0.367492774852
0.000101171236077 0.756563116989
0.722153782145 0.00978465750152
0.0610358673628 0.656265866587
0.0280469497473 0.69162381465
0.0125061991853 0.715310310811
0.00425701822745 0.73562783397
0.736573775198 0.00238342499295
0.743853643506 0.000781195838138
0.695945814997 0.0340754688496
0.35561881477 0.367490979847
0.0467393766591 0.670416274461
0.733928031703 0.00321580027787
0.741716359274 0.000824380473331
0.727567370927 0.00639141577034
0.00848051996103 0.723246902944
0.000940155754984 0.748931535236
0.021175671212 0.701341888711
0.710458553648 0.0198489676994
0.00302451671332 0.739713736159
0.0015042921745 0.746553035991
0.0260969552887 0.693925088295
0.343070624862 0.379785628302
0.103994571421 0.61401100532
0.00613123454636 0.728757385847
0.729497856708 0.00657522613842
0.760798833797 0.00275259157651
0.711271499643 0.0190524514839
0.0106118479626 0.718588690024
0.723276357594 0.00878704038674
0.0389990803775 0.678482633416
0.612140349169 0.116539732024
0.348590035873 0.374377183221
0.0019846177151 0.748679992893
0.738843964328 0.00163553915076
0.73151266638 0.00463231651182
0.0123217125299 0.715715688777
0.00419125946514 0.735357042518
0.00329839560084 0.739116649899
0.00608788511918 0.728909408449
0.353497182483 0.369578895012
0.726882472811 0.00672842831187
0.0953113780747 0.623176048366
0.0284628330392 0.691529691948
0.689823521123 0.0400854727663
0.0143014311657 0.712243037559
0.734800213813 0.00506006956602
0.351515601621 0.371551199208
0.0659104558582 0.653123658908
0.727923059773 0.00621964653399
0.032861203759 0.685424046515
0.721383949131 0.0103361478181
0.751630645476 0.000124258021287
0.000847272027591 0.753822134157
0.015196511586 0.710299632019
0.00357669660076 0.739893112826
0.737463920571 0.00191926969424
0.343515537945 0.379355372614
0.000683322243003 0.75693413057
0.603582083069 0.124639046852
0.72991683842 0.00482801328223
0.00411698399379 0.735950292608
0.73631526648 0.00219635880625
0.0399166075637 0.6776232669
0.713864280282 0.0165615724658
0.0102162275607 0.720700679665
0.0312909654428 0.687858474998
0.350657719542 0.372356811834
0.736570485342 0.00204556354782
0.0129658325387 0.714319721918
0.000737746263935 0.756846121739
0.00320063779484 0.740546362906
0.72412450726 0.00837449214627
0.542471792819 0.18444421962
0.745589823945 0.00053412598059
0.583288731592 0.14577826289
0.715425870139 0.0154874820904
0.347234989743 0.375705146595
0.00312056135681 0.73895706697
0.012678581035 0.714638915083
0.0346818173252 0.683244681205
0.729032527992 0.00608394177286
0.00266419509482 0.74084143189
0.0927408639862 0.625181117019
0.358294750032 0.364884694145
0.0221522034843 0.699384538963
0.0120045602349 0.71599250688
0.720059369895 0.0115103743872
0.748386826883 0.00256202080581
0.73743043573 0.00450819721644
0.00519667559143 0.731360142046
0.00192393377734 0.743724127068
0.0357654698073 0.682357831834
0.357016129048 0.366149930629
0.731089667145 0.00423276829771
0.00467984465185 0.733668916462
0.0157018684361 0.709265762142
0.741879763303 0.0010705354299
0.701835977175 0.0287871381806
0.0625519982768 0.654632979076
0.000992443336036 0.747486526976
0.120387901559 0.59814059687
0.030326778871 0.688561627175
0.357697391799 0.365512344422
0.753029634532 0.00112954039912
0.0050128770445 0.732802541059
0.00954998242074 0.720780954941
0.710930493667 0.0195847986566
0.721568142899 0.0100691066243
0.733639341104 0.00434312977152
0.000938966246952 0.749622737057
0.0136872330516 0.712937608481
0.093677167661 0.62411899098
0.73047528436 0.00520553436412
0.020557071785 0.701653121639
0.348533661813 0.374432164126
0.00238730612725 0.741227757531
0.720728892223 0.01110069117
0.00912432544023 0.721782778206
0.121231329295 0.597324867279
0.363716574628 0.359557260626
0.731845079356 0.00438940834906
0.0027837105685 0.741109733048
0.705084063679 0.0252990681416
0.0298222715976 0.690012610739
0.753883892564 0.00125223642637
0.000295198831907 0.754435365969
0.0227447755669 0.698611094767
0.353933591647 0.369145759001
0.00265849270849 0.740161834252
0.726719797965 0.00700605991464
0.742042860938 0.00112189687242
0.0114858149562 0.717105684734
0.0887548173205 0.629128994471
0.350192674015 0.37281637234
0.0470769486871 0.670643973499
0.00691456742309 0.726825461494
0.718571289117 0.012340147031
0.023841042126 0.696975308813
0.00169216646391 0.74697955792
0.731249774163 0.00420157867446
0.00271608510256 0.740429882332
0.736924791513 0.00252723345048
0.742867454904 0.00179277546256
0.354579527954 0.368510211881
0.0455537075464 0.67147453971
0.744834204297 0.000449647720832
0.723151999862 0.00930386453822
0.688406178904 0.0416024665222
0.0228898687699 0.698853925181
0.00404536679247 0.735922235647
0.00816314392112 0.72386088392
0.00122879372811 0.754119357095
0.73435412603 0.00319390064043
0.353484996947 0.369589311711
0.0480118195904 0.669330876111
0.0157893871884 0.709206661374
0.724227950791 0.00832736120124
0.00241824847402 0.745064906201
0.741262498476 0.000739305936881
0.00424451953087 0.734335331327
0.718841003794 0.0123042814956
0.0234612382965 0.697693303926
0.000681700693188 0.750748342727
0.117467498376 0.602984053351
0.0261932954466 0.693924781352
0.357914840006 0.365241470719
0.736949514088 0.00529319220421
0.00397617946267 0.735145969642
0.724650033477 0.00804521886751
0.00835293582028 0.723681070936
0.725148779887 0.00759391382858
0.506419824562 0.219789921116
0.33303514378 0.389742997401
0.00137490367256 0.746227150418
0.00821935180944 0.723720761202
0.735195431075 0.00252549917293
0.0406657294825 0.676702118286
0.0124812834917 0.716282743264
0.737655623616 0.00207498974234
0.00145296461221 0.744908237946
0.0233910438415 0.69835397805
0.358587177063 0.364583909182
0.000205200278361 0.753825043735
0.110554034604 0.609271360638
0.732051306047 0.00483579402929
0.0104124045285 0.719180354961
0.719765647729 0.0114185553191
0.751002903292 0.00179913655561
0.354121108966 0.368958306691
0.0188736071351 0.704160761511
0.0885089336742 0.629451583444
0.000502131273035 0.760078360467
0.00623523014329 0.728901323014
0.747248247328 0.00019701517318
0.731335337494 0.00416544820812
0.710248227358 0.0200553996304
0.362447522972 0.360803251346
0.0480455529837 0.669254895427
0.00283732597136 0.739338764252
0.0255395674892 0.694874925074
0.740717445248 0.0013088402372
0.731384140187 0.00433619619291
0.701557179586 0.0286065523798
0.0100117221861 0.719796397694
0.000904268513255 0.7527468087
0.706210635662 0.0240786812481
0.0341237756527 0.683916718122
0.35808646186 0.365082307455
0.0889896969497 0.629900132391
0.00355094666108 0.737073694805
0.746054824398 0.00067645723054
0.722046573656 0.00996956463015
0.0126999294512 0.715206310724
0.730946396582 0.00518601761257
0.00222840293989 0.743238262184
0.104616801441 0.613632731771
0.0274502722262 0.692975582188
0.360279745751 0.362925143374
0.740289479822 0.00171397199114
0.0067349551745 0.727595726453
0.711498909538 0.0188352467077
0.00307162809087 0.738619729445
0.730745285287 0.00575181574471
0.719990255545 0.01161886823
0.0171721682191 0.706862663811
0.616242683789 0.112172641994
0.740455892808 0.00102521157935
0.00641968619571 0.729583086496
0.00136257773799 0.760884033716
0.746769875709 0.0
0.0442762561716 0.673009393904
0.347709054856 0.375290647838