0.11152251624 0.318764281691 0.964375128605
-0.372172728533 1.64547013563 1.18490687956
0.11451932662 0.325498130955 0.971210460995
0.111975502893 0.323541244063 0.980466980898
-0.574844677456 1.73809402386 1.37333509018
0.0130179592468 -0.842652880245 2.26531955853
-0.33467628512 -0.728596589525 2.47097112903
-0.517552686241 1.64533178531 1.19907575895
0.112788239675 0.32275787125 0.963208049219
-0.793220686181 -0.405666934624 2.5450799795
-0.707173717372 1.76645830514 1.45942815841
0.140775368187 -1.06883868824 2.48919391929
-0.957580520195 2.55474900205 1.22035969394
0.126836648085 0.399591123435 1.04429055322
-0.802900891232 -0.627025334987 2.36867169487
0.101289526392 0.32478126587 1.09248607329
0.192074394551 -0.989912493307 2.36786661098
0.112352339242 0.397867539022 1.04933687831
0.0222635330491 -1.04402921311 2.40702541446
-0.735477529937 2.0364890423 1.33821793747
0.114158400899 0.318592585143 0.974736866226
-0.819846417214 -0.521201204433 2.36514487872
0.408651679237 -0.8974825525 2.45414507303
-0.879659354416 2.02822439818 1.31739676226
-0.836094495259 -0.490570739672 2.34612541267
0.129707458675 0.337337297026 1.05854522935
0.107556234869 0.330790854066 1.07027464335
-0.777766139934 2.01052545324 1.27256633799
0.121260820516 0.343024555167 1.06868128528
0.0233513604758 -0.737387287171 2.13612618554
0.134639320673 0.402991317137 1.05313503798
-0.541622994923 -0.808757764616 2.400805128
-0.163906398305 -0.935429420326 2.3887389533
0.107448529952 0.323276101238 1.06461448
-0.450068618275 -0.820266021136 2.28420841783
-0.859487436364 2.47620538992 1.28360578966
-0.904125799049 2.09853754576 1.34796264383
0.131249352384 -0.932198810249 2.3744173698
0.111551066809 0.317574805884 0.966502408453
0.111373578867 0.319678259787 0.977526147887
0.110070281107 0.314029235885 0.97891307048
0.111456915223 0.317572391041 0.970925325492
0.112026202177 0.317093530431 0.966748194312
0.075113472575 -0.658063696697 2.06307856532
0.110547752993 0.316400517576 0.960349943641
-0.572522457747 1.76098368567 1.20698479535
-0.13515817361 -0.813860691938 2.19152911354
-0.77826785416 -0.740137573395 2.44648805511
0.110614696981 0.321121986579 0.973965402683
0.112166430275 0.318599785815 0.980517036101
0.11137643526 0.322046362246 0.978306808984
-0.474506191687 -0.700399347603 2.26122084866
-0.883700708571 2.22884061127 1.42971765028
0.0124444004334 -0.523138391828 1.90183285047
0.222780473135 -0.853942217499 2.24108416698
0.116847413167 0.328338771474 0.983633202058
0.112907712644 0.318380799371 0.991097099912
-0.718185224065 2.08067184477 1.35266074349
0.117820270327 0.332492708784 0.983809965498
0.208695419274 -1.03527164292 2.46420465461
-0.868040136085 -0.544997361812 2.41565924587
-0.730725387686 1.82574381003 1.40864481567
0.11258425665 0.318534684705 0.964509141222
0.11241804748 0.318781460971 0.971320676945
-0.527395453529 1.70603366639 1.22070341423
0.112172782911 0.31604179302 0.971096613743
0.112878743486 0.321197655795 0.966530052273
0.0889320491786 -0.856703469571 2.24736029034
-0.636405682421 -0.60310270373 2.25312394432
-0.751727590299 1.95604019582 1.34550700592
0.0987973194265 0.30291278556 1.05570872251
-0.363495561881 -1.06822105131 2.42954483828
-0.537204181168 1.83524938141 1.20478912425
0.114685154401 0.322204749091 0.970862391792
0.114288107503 0.32838368097 0.969038524582
0.116000835238 0.327087381272 0.968520572671
-0.550107046321 -0.660557145894 2.19843239145
-0.1107993942 -0.404330504 1.81276096066
-0.964064051192 2.1162179886 1.26113561474
0.118097977817 0.346621046709 1.00224429691
-0.888629923832 -0.495890144968 2.58894718946
0.408642422581 -0.996679080058 2.40577979036
-0.0158025503258 -0.892345181363 2.25123578547
-0.780007335641 1.95544153441 1.22118906614
0.120697918023 0.347749253674 1.01151554662
-0.241429036246 -0.839399620951 2.36091907965
0.269201335043 -0.882200751571 2.25939139508
-0.884842959371 -0.52582070971 2.3951855421
0.111519262823 0.31984141655 0.964159949594
0.111513616292 0.319828061226 0.96416923522
0.359252452327 -0.87888794861 2.49744229737
-0.12602970927 -0.795342003881 2.17089704878
-0.451988391953 1.60539366092 1.16897033307
-0.795055285428 1.94353416459 1.41159833443
0.112140941317 0.318819592117 0.961900877584
0.113320189594 0.322608832768 0.964950764555
0.112914365974 0.321752627722 0.964823196244
-0.608584193759 1.88733988668 1.22610014284
-0.62350451082 -0.710261957124 2.2727449099
0.0110562361812 -0.544578136022 1.9154655691
-0.48663885807 1.83687541152 1.21031596278
0.111737408923 0.327578617876 0.986211735616
-1.08038950577 -0.631458216518 2.5559397451
0.052102291886 -0.883912921858 2.2673165787
0.11207025539 0.319996914847 0.973558500468
0.11032479907 0.320965613121 0.973575258576
0.111565306278 0.320136186413 0.979112587565
0.111254757937 0.319333733604 0.974930710406
0.11299695784 0.32385189251 0.976431244243
-1.00634845978 -0.524354753487 2.63051021354
-0.0468890451543 -0.351222190052 1.78430838449
0.110656760136 0.325234705647 0.981247139904
0.109405627309 0.313707321067 0.987169907819
-0.160434320095 -1.04896010688 2.38612296289
0.112544263891 0.318680920481 0.976082519441
-0.970775614994 2.27006614519 1.19413509702
0.116746819922 0.32660950171 1.0231271754
0.106989152624 0.302763142591 1.05140653901
0.119693611488 0.319589481427 1.03982781876
0.0587067483473 -1.30366908547 2.69479437219
-0.997479814042 2.16348813351 1.19260359442
-0.180626244023 -0.765412141174 2.13347714185
0.0102417199503 -1.03399457783 2.39152162885
-0.601917446587 1.95344735856 1.19210470823
0.111093813866 0.318889406944 0.970409238907
-0.69924444896 1.90113953958 1.1801297075
0.118328659053 0.37219814927 1.02172312614
-0.806216624494 1.94207037764 1.27979417225
-0.325941140934 -0.938190020694 2.44222184157
0.105811033153 0.347631269557 1.03778371716
-0.871759122336 -0.463289085285 2.42913062832
-0.977063285089 2.39982256491 1.20386785946
0.110337815747 0.317397856914 0.964580297262
0.13158468504 -1.02615576266 2.41903792094
0.0184917648672 -0.963103892758 2.31457898079
-0.862095306988 -0.39840765644 2.80929863073
0.437420670129 -0.940082510236 2.69790625623
-0.407021121528 -0.775480189804 2.22838512085
-0.495834495381 -0.76936004423 2.29700627707
-0.782260402061 2.00349276619 1.26498783317
0.109383269045 0.319368878132 0.968886822208
-0.525230116201 -0.903437697063 2.42579886484
0.114679996949 0.320343588354 1.04508152032
-0.770171699331 2.01813109177 1.1956661948
0.0361265840095 -0.768895019064 2.13135568276
0.112363268743 0.319968882631 0.969338179389
0.111989150801 0.319424988272 0.969843977428
-0.677660308426 1.82075184568 1.29183389203
-0.910586765628 -0.60870379836 2.48074873917
-0.0907602630562 -0.880645662545 2.22637875467
0.111554245502 0.317873500431 0.963822484625
-0.723188113444 1.89021411767 1.19097707004
0.123913008306 0.377422985953 1.06372482441
-0.67062136922 -0.783069721721 2.37815771139
0.294564360076 -0.941072462408 2.44806844825
-0.671008550292 1.88544111161 1.19850462423
0.131818218729 0.356632078271 1.07542686252
-0.205974704487 -0.982472144414 2.40161059644
-0.840350372091 -0.61055930527 2.41651095091
0.12890303189 0.30502036728 1.12240089119