0.971595010088 0.102428691955
0.369940420898 0.216701505396
0.0416693929059 0.369482158649
0.828886645716 0.124532060918
0.0851686822721 0.331043169787
0.0219499168032 0.432119304131
0.0184013365603 0.35919441925
0.322728730805 0.203432515934
0.818214980437 0.0991037437465
0.705492849551 0.111917522528
0.226965359235 0.229019786503
0.12849720518 0.279598854563
0.0823101492739 0.305320325852
0.0148077151482 0.435425754652
0.0444215555966 0.387795281319
0.495759719739 0.171186204569
0.601958324967 0.139844982157
0.935965158983 0.0769426250872
0.0905921006006 0.347171386617
0.325977861221 0.195748411874
0.00518382747503 0.525663227032
0.717404843779 0.113985623131
0.0204377503412 0.397525869557
0.183580416388 0.285626207519
0.0776862694993 0.336304513596
0.669043100973 0.107894821762
0.419768525148 0.192439590993
0.000548548573215 0.561753161006
0.821306236231 0.126084666044
0.00127799400081 0.486531227737
0.24162186395 0.243975743943
0.0565597445306 0.384296864647
0.753788073704 0.142863438149
0.360211389444 0.214269004352
0.0037975928391 0.537547541496
0.0710005147869 0.318116795028
0.0240408742908 0.406742636048
0.517590408799 0.123529049862
0.436867094823 0.142191899919
0.187796560877 0.225083163112
0.488314096996 0.200554849509
0.684190774765 0.129638838732
0.0784392916328 0.379483043269
0.0108968976034 0.55640235097
0.0351919572078 0.477952201514
0.926135481418 0.0965799733469
0.534121903445 0.138470291498
0.0300459429979 0.447954377942
0.00574645767381 0.553060072815
0.113082038345 0.3480297456
0.370908326576 0.179008814588
0.0123971054481 0.510946573944
0.790131085064 0.0735936577982
0.122870235095 0.299751126348
0.031775585798 0.372429387835
0.527914845138 0.14842451954
0.0115268612451 0.450943113626
0.000182638221247 0.619164440621
0.178475705875 0.340234944922
0.316349837339 0.272769418509
0.972321674151 0.0685615173418
0.0383549323004 0.446043487575
0.846414505521 0.0393636721514
0.00719336575522 0.470270638645
0.523831016436 0.13925033873
0.0903259760923 0.34176164722
0.213097124397 0.254936380537
0.0184678149575 0.443374009848
0.0613583396348 0.363738558907
0.321585459857 0.207952783932
0.883196910909 0.00137947836353
0.000569015755264 0.625980496271
0.00946511174405 0.583123449314
0.815882006659 0.0972811013784
0.0332786840288 0.426110234365
0.412666305426 0.203201473226
0.214376743963 0.31293513534
9.05356857538e-05 0.668155971058
0.638435237858 0.115527548648
0.329219566298 0.188118407444
0.00458598705464 0.416795491057
0.201894085886 0.278591214208
0.453328262095 0.140931606229
0.40717378738 0.152945583184
0.0410844301296 0.394271971478
0.00730225374352 0.505658697563
0.223681634027 0.265024986214
0.773437607643 0.0646776743898
0.446079853181 0.169064644258
0.0131316327633 0.346265742218
0.00976216975158 0.37708087451
0.0633124025572 0.284930957938
0.796047175165 0.0774733396531
0.025316350341 0.316201541211
0.151160982751 0.225394834963
0.502126854058 0.117398798213
0.0156398831844 0.443331441919
0.00164347536481 0.529352266096
0.201448037167 0.248043912163
0.0974563841174 0.324466441964
0.527288298647 0.139378341388
0.0072935513622 0.481590895834
0.043881634919 0.396894345553
0.0476419442115 0.336383984674
0.00173250500468 0.580948146253
0.310277579675 0.160687566832
0.63342343114 0.0407794692763
0.0257234225071 0.407860179164
0.115133051863 0.301146376852
0.307267704576 0.133866755484
0.497383582947 0.0813979436972
0.1927001499 0.210047560213
0.0108400618402 0.392237888826
0.0403818767868 0.35468474595
0.321513512656 0.129923890043
0.308790617453 0.175843535229
0.0544140014093 0.34182814617
0.0081312298332 0.460764552698
0.586052586234 0.0961245567522
0.172742918371 0.250880963792
0.51339102743 0.104126767842
0.299791828796 0.138790474728
0.0338813455819 0.313155393383
0.0777393782647 0.28189120126
0.00634583602699 0.392343070871
0.140749759041 0.332080477818
0.0329234746912 0.491032057857
0.00185298842964 0.604160229944
0.161640581804 0.336230125805
0.39286159543 0.182394150925
0.998675857914 0.037013911598
0.74194392505 0.0744567675077
0.57370735573 0.0409556366037
0.277790783514 0.153532048855
0.0320008583006 0.334112826293
0.0711663160844 0.285045521636
0.104708109333 0.251887866831
0.00358958078779 0.39688674617
0.480133414281 0.0693820527229
0.55694481007 0.0442318085164
0.00127100847505 0.582086233836
0.244713403727 0.20476847636
0.132182532128 0.260797958129
0.0877222353458 0.317580159414
0.583167910555 0.102777497392
0.0343466903173 0.432947103611
0.0169679342938 0.461855248698
0.534214073173 0.113526513326
0.991688619144 0.0500606463288
0.212970635913 0.251390480983
0.00439877802737 0.454030661446
0.347354079803 0.184316399671
0.0403270443089 0.392201191654
0.0155373949983 0.431031353811
0.904109037498 0.0645828926938
0.805339639928 0.0304837993269
0.187081340684 0.1967452725
0.245399117293 0.166834509461
0.0153815935463 0.446765478547
0.262446234435 0.170143243627
0.0271646651257 0.407881195492
0.623797621618 0.0685265379933
0.0413990658934 0.381177371102
0.00157840911156 0.558476083465
0.0212625033208 0.391742731484
0.0736566578143 0.339518082643
0.346750796591 0.215344244388
0.00242608290738 0.453847650824
0.0259708777892 0.385685997761
0.00243175576983 0.45377965022
0.7372295059 0.134117644479
0.0155884739729 0.462639420227
0.052762564515 0.402230863019
0.559211330264 0.131007693673
0.109932095183 0.338130472065
0.952274181782 0.0
0.283070016861 0.236199294551
0.00307360339666 0.514097016739
0.834781286853 0.0620184087149
0.289974099784 0.201368413345
0.0116486058364 0.437879649857
0.0705076985054 0.333746735074
0.762910460951 0.077181336611