0.00413593405908 0.985834246953
0.0115687696522 0.976732519228
0.00742042241824 0.984980749841
0.933799654368 0.118482330342
0.0117929613372 0.981220634443
0.0137441058267 0.974734722364
0.976047101067 0.0110554280712
0.0168935163856 0.97150442326
0.00210265483585 0.981602242642
0.977326901249 0.00943452038609
0.0202273426816 0.978515830128
0.0416256770587 0.964653008191
0.0227442128321 0.978955086005
0.022776365357 0.976951414171
0.969111288809 0.0211076518834
0.984209541277 0.0166245105403
0.00415386509492 0.980791877882
0.0246549334025 0.972084780292
0.0310008294444 0.966945850701
0.0147921922713 0.988737253177
0.967296568082 0.0241305752335
0.00429220153692 0.985131986964
0.00908282386174 0.974141133799
0.0122582173326 0.972041194972
0.967641731431 0.0235039275972
0.987276831733 0.0126640092058
0.0023407187071 0.978177903453
0.0155976339978 0.971984215253
0.00271002547097 0.982509209958
0.982095368203 0.00720966606836
0.971521102495 0.0192696957779
0.0116689845335 0.973519508087
0.0127136920114 0.971947992854
0.985926375324 0.0129713190436
0.966693509865 0.0446568804757
0.00169798078883 0.982937950953
0.00856727373012 0.976540659215
0.00195642096898 0.982997089077
0.00354319990594 0.978319688612
0.978520329465 0.00591665463264
0.972001139987 0.0134901099254
0.0280085196171 0.968387425117
0.0256006810911 0.988931009997
0.0369024868433 0.970448330008
0.971664041382 0.0204190670499
0.98483247461 0.0164352572864
0.00212311447455 0.983671882571
0.00523395566591 0.980099129975
0.00226352961201 0.984104393805
0.978642822357 0.00770960660837
0.00944968682964 0.984831235198
0.0184376143591 0.973474843773
0.0368187805209 0.967481165098
0.981537494117 0.000599835889376
0.966029626302 0.0268130964662
0.00131911084621 0.978959604511
0.974527460586 0.00740465000354
0.00583504721569 0.97536962827
0.000600629006178 0.980102284971
8.32286386307e-05 0.981611365388
0.978281862376 0.00202651157611
0.981380880977 7.11779948009e-05
0.980810170669 0.000176016057742
0.979027271911 0.00122246427111
0.983421069191 0.00403788103352
0.976784918095 0.00581672746066
0.979596404156 0.00602678275265
0.0110734683044 0.973620098815
0.00860609414296 0.978909477569
0.00583817221132 0.98214922653
0.017717082452 0.973822659823
0.00959603586783 0.984643880133
0.0298487918222 0.964577353007
0.967598008131 0.0320867232331
0.972743303411 0.0111479149088
0.978948613479 0.00433463107791
0.983350510986 0.0037306670895
0.97739071435 0.00567350259563
0.978509287468 0.00474725119232
0.462233370077 0.809186375361
0.00352578722472 0.979194948128
0.0049777615351 0.976259774263
0.981608604248 0.00165723104112
0.972798226638 0.0146655488274
0.986902878284 0.00790750246845
0.971797104205 0.0250812443651
0.013172343243 0.980638139897
0.979212599309 0.0214248211711
0.0110533646581 0.984815531909
0.0542889521773 0.956334631841
0.977679188841 0.00630053724745
0.972882614433 0.0104378925775
0.00968455045871 0.975596688806
0.980548882922 0.00171125048276
0.979219301089 0.00468236032928
0.978288197651 0.00269694572352
0.00780571454378 0.977379236118
0.980238086179 0.00050053607594
0.981366245655 0.000226422960324
0.97761933328 0.0028946943245
0.00210255317724 0.979544180683
0.00793012711532 0.975046560859
0.00113415050674 0.983089453566
0.983092396217 0.00039899865682
0.97980325503 0.00347606215446
0.974737727602 0.0067201801652
0.00791951681294 0.974340131768
0.00500502686647 0.979420690275
0.981799358654 0.00163238036321
0.96528896044 0.0410063516103
0.974985410293 0.00641205004711
0.979593565547 0.00802083771154
0.00423177982174 0.978806597933
0.986291350187 0.010853286264
0.984063083531 0.011989334557
0.980811516266 0.0144655134821
0.015389726416 0.981087275923
0.977205149223 0.0132821048316
0.970540561937 0.0225725628647
0.980551141433 0.013021804695
0.00437216514627 0.984565654066
0.0060357168127 0.980491748487
0.0274667328938 0.967518016967
0.0133976110893 0.973396124991
0.00558435308281 0.985059715402
0.98209561458 0.00030356379663
0.975187602009 0.00660772986623
0.00861380291107 0.974950780682
0.00840730693162 0.980192533734
0.982002378455 0.00371417260135
0.973682766665 0.0163083728881
0.986962326698 0.00736409478556
0.982387910031 0.00851937767414
0.974211630171 0.0122038073563
0.0250370324586 0.966534763982
0.0166306808471 0.98820338927
0.000445859265125 0.981735863924
0.00583214860611 0.975341285564
0.00106577458071 0.980893757741
0.00220029819795 0.978808919803
0.980367983758 0.00177356176653
0.978815298931 0.00234297421475
0.974166654343 0.0090726593261
0.0448981629955 0.962421937841
0.965768871218 0.0285948756408
0.0539777702047 0.961833833856