0.0511913468355 0.0212993779257
0.0526586980708 0.0167970783862
0.00663807738069 0.178639863246
0.00696354696936 0.156278543632
0.0340934002015 0.114361431432
0.0835622006703 0.10532428059
0.00476496035084 0.157424929669
0.00561871457593 0.105275638962
0.159381056951 0.0847340081762
0.0134588498419 0.130831696599
0.00770016907297 0.140925988543
0.0221898717387 0.121919248747
0.0279427397633 0.0685426309329
0.00070745411569 0.177304014707
0.0195012929617 0.0991076255025
0.00347296687202 0.204609355971
0.000268110296919 0.23471319016
0.107648132983 0.0800492105443
0.0147781324716 0.175478524756
0.0333074634266 0.0779674551442
0.000696989316987 0.222929402647
0.0107354174715 0.136009565108
0.000430145507297 0.165805465756
0.124992699983 0.153421017463
0.00443928426527 0.0625646529473
0.00581317154833 0.052090307411
0.0727629419021 0.0
0.0688158324617 0.00111574853638
0.00931477646249 0.0479742514772
0.00748409092373 0.130987029585
0.232890043926 0.0175840774874
0.233181713546 0.0175911567576
0.0447536889986 0.0986403731942
0.65395063938 0.202287708311
0.689883374487 0.213231654857
0.0189595734625 0.395792913225
0.0528541857624 0.366563737668
0.00113335536301 0.0873357371318
0.00483157634452 0.0850389440204
0.00295311047366 0.0856618876419
0.00781852532881 0.0852601883593
0.00503376929914 0.13796167036
0.0171392244404 0.0961644439269
0.00856158930013 0.103542290645
0.00301399922415 0.153803731811
0.0498040669305 0.0865875136978
0.0176742069584 0.118620301426
0.0381749574388 0.0962090904074
0.00209424761001 0.0347014204875
0.00209427478972 0.0347014205103
0.00209429863911 0.0347014204993
0.00209428969034 0.0347014204993
0.00209427149886 0.0347014204929
0.00209430160432 0.0347014204982
0.00347097929571 0.0357005072846
0.00397984431824 0.0433480205685
0.00347719452057 0.0360450513489
0.0037160874277 0.0370272763746
0.00356661009838 0.0362954356364
0.000726560296829 0.191904947899
0.0151165792549 0.0773154616389
0.00289321679649 0.207682191624
0.0336945219702 0.0960537671512
0.0667231826662 0.088565541601
0.00976084645993 0.151685490484
0.000831246496096 0.177141868941
0.0474990578923 0.0390554116591
0.00696148791472 0.121523672697
0.041249286941 0.0481384273265
0.055693047086 0.038106497987
0.00362591774973 0.0723367577047
0.00248703108543 0.0749573341295
0.00299976485477 0.0728237000459
0.000154342164408 0.0562856495211
0.00416535540636 0.0518122614335
0.00426866333856 0.0500639836301
0.00408070014417 0.0500101384434
0.0037295710117 0.0523117775303
0.00027866989652 0.105002970519
0.00559396131395 0.0820626364152
0.00714962696786 0.080332441519
0.00884995294775 0.0789193712636
0.00145801642248 0.028741220942
0.00156599321684 0.0281284500818
0.00286813703723 0.0275572705237
0.0021690660891 0.0278090481064
0.0194020146685 0.0541915328774
0.00288289251778 0.0911754797092
0.000655762141168 0.101663725179
0.000655765695051 0.101663867299
0.000655758470056 0.101663822691
0.000655756534124 0.10166381074
0.000655756015393 0.101663807538
0.000655758374963 0.101663887606
0.0278208421224 0.0289309916341
0.00321691958062 0.122807365155
0.00152349446035 0.139822247984
0.0368833486777 0.10481474902
0.0015736025783 0.17258980301
0.0368824279851 0.10488468093
0.00383298496065 0.0971047473376
0.0478530338852 0.0278846621858
0.00169048466775 0.128873259132
0.00493450333281 0.100857294313
0.104311023221 0.0195055820711
0.00738574431403 0.0333234286615
0.00744507494847 0.0333368814104
0.00738277099747 0.0334366938513
0.00737632344998 0.033253120053
0.00740260204753 0.0332713575167
0.00736873089181 0.0332349668089
0.00737794868801 0.0333910419699
0.00013557137909 0.0881407957995
0.0325117907736 0.0521633105169
0.0247068227698 0.0572044844688
0.000950847571792 0.102311083086