0.0225185740062 0.0249695496017 0.0823091144718
0.0026738670765 0.0471380010356 0.00669164910544
0.00690567446967 0.0390910969006 0.0197450432884
0.0111321518539 0.0336606187289 0.0360017873477
0.00299298895092 0.0459550140151 0.00792324580855
0.0201932117169 0.0268611705275 0.0702550994407
7.49899734515e-05 0.0587216869864 0.000172318268083
0.000619075118113 0.0545111171985 0.00140450571834
0.000812389012671 0.0529735709323 0.0021240962922
0.0322685540261 0.0191209747148 0.139626237011
0.00988841206845 0.0353013499517 0.0301459702964
0.000358115028972 0.0562643154215 0.000787854453296
0.0164764223057 0.0287622170256 0.0583615151302
0.00321074616105 0.0456370052557 0.00834006961893
0.00293185462911 0.0462411578685 0.00759205473801
0.00216869739672 0.0485930312288 0.00528864736037
0.00481379968164 0.0421468432712 0.0136764598572
0.0301830261839 0.0212985833554 0.115767595467
7.91105290429e-05 0.0603136847737 0.000159929271658
0.0152283485834 0.0304599369212 0.0497849521207
0.000752253477991 0.0532483123693 0.00188464966225
0.000991205216945 0.0521021344092 0.00255595142963
0.00262783385855 0.0469203777133 0.00680650432835
0.00462029232171 0.0424923881684 0.0131647944354
0.00748336792207 0.0382361827113 0.0217819323627
0.0093194001174 0.0360101116433 0.0279677947046
0.0235301479692 0.0239667161492 0.0896451185279
0.0177547137933 0.028385367146 0.0605048713326
0.00820128278507 0.037121370886 0.0247393748594
0.000801965511841 0.0535958254294 0.00183316785544
0.00179154698277 0.0492475053135 0.00454980761404
0.00257470139838 0.0469503890426 0.00679046192814
0.00543542319704 0.0411676800982 0.0153329965852
0.000428954653572 0.0595851864122 0.000884509050302
0.0321633879379 0.0191622863918 0.138502405037
0.00362629038098 0.0448155616598 0.00945090056152
5.05532268263e-05 0.0592438540617 0.000112188059119
0.0106689575292 0.0343362257702 0.033338505454
0.00228525721279 0.0477213433235 0.0059799869367
0.00135805678363 0.0506371481994 0.00348698643197
0.00120000611456 0.0520523311212 0.00275664607205
0.00595391038629 0.040268416685 0.0171998624472
0.0223295405162 0.0248089304771 0.0831378471733
0.00754481405509 0.0380049670178 0.0223782886992
0.00369458943119 0.0443866040575 0.0099881342415
0.015887397413 0.0292961588397 0.0552073636886
5.96873224011e-05 0.0588759771339 0.000147162048957
0.00410519175633 0.0434896394974 0.0116628338613
0.00103252964105 0.052072154236 0.00275869706301
0.000359419043151 0.0557019328443 0.00086606359445
0.00064497804179 0.0541246357653 0.00150869350569
0.0205976927507 0.0257677815611 0.0799767039339
0.000786046171778 0.0530835169282 0.00196692343685
0.0016708013511 0.0496383706472 0.0042257506399
0.00403385759154 0.0437678888101 0.0108822206315
0.0188762069796 0.0273210286297 0.0663507633783
0.00976092664327 0.0357506161033 0.0290220410801
0.000320018570427 0.0560282685855 0.000764557390021
6.28579675592e-05 0.0588865083692 0.000146954511632
0.00208480627322 0.0482776010108 0.00544366862852
2.11316216474e-06 0.060690756838 6.18620917088e-06
0.0440493155388 0.0146521424362 0.195612433037
0.00450516868519 0.0428683251407 0.0122970007875
0.000569743899592 0.055390458644 0.00122555068695
0.0167985419598 0.0288432515497 0.0575243498848
0.00108224236247 0.0517228732625 0.00282186545848
0.00158640523743 0.0500556913105 0.00391880822672
0.0026158013005 0.047097950645 0.00665149905689
0.00756186383712 0.0378796212471 0.0230567695428
0.0367056352412 0.0174301720151 0.156028987407
0.0072664793963 0.0383662467246 0.0214887807332
0.000188141161835 0.0576022834748 0.000503563518448
0.00991312711985 0.0351082631325 0.0307475218699
0.000937741275165 0.052860029289 0.00218070995625
0.00122797182923 0.051331266976 0.00300300901066
0.0153674509904 0.0298621517572 0.0521428405173
0.00328293600416 0.0461712531375 0.00810363165057
2.13028229801e-06 0.0614749073241 5.85986808809e-06
0.0238376714024 0.0243542585737 0.0874477622082
0.00229915401776 0.0478320324037 0.0058611025502
0.00444887019629 0.0428435718335 0.0123988928992
0.00883872466461 0.0364592438199 0.0265711733575
0.0134226775807 0.0313634006048 0.0459303407806
7.78938434182e-05 0.0586305998631 0.00020406025111
0.00110273818777 0.0520160596208 0.00262159701382
0.000587878010028 0.0542181731555 0.00142756100617
0.00324709347103 0.0458613637522 0.00821652100421
0.0246384105861 0.0240306699085 0.104263249629
0.0130561098259 0.0318825478546 0.0428134035602
0.00667284371001 0.0392292321034 0.0194175928319
0.0050783568908 0.0418269812619 0.0140915931991
0.000585128105609 0.0541932780511 0.00143677908692
5.38365273273e-05 0.0619504573952 0.000108542975587
0.00181036672117 0.0498715003392 0.00428657002678
0.00308930262199 0.0456570360642 0.00835508177819
0.0328808082442 0.0203551106206 0.127319169851
0.0181074160979 0.0279502552278 0.0626892086765
0.00116533572394 0.0520360028599 0.00270558950545
0.00218159713351 0.0479860831773 0.00574183708653
0.00583484188112 0.0409542788686 0.0159319754351
0.00926332752651 0.0358270287004 0.0284939337691
0.0396856795474 0.0161873598613 0.17272080246
0.0125428941833 0.032208799866 0.0419297670745
0.00739176516328 0.038304415458 0.0215997493856
0.00278113529951 0.0468140652962 0.00701867233023
0.00309838943111 0.0457565850322 0.00816140602936
0.000204684669132 0.0570325572295 0.000488608254355
0.00172088251057 0.0495451456654 0.00430970754628
0.000934841373058 0.0523829318893 0.00234652868378
1.68560133163e-05 0.0599907976727 3.87163439008e-05
0.0240759235654 0.024332455856 0.0879955901905
0.00777324655855 0.0375960397473 0.0237822365665
0.00315962594962 0.045651908762 0.00829469001791
0.000760244821097 0.0532027476667 0.00191005572736
0.00016469754628 0.0581875589268 0.000438617399376
0.00437424897868 0.0430951596777 0.0119283297302
0.00102491155073 0.0519794818557 0.00268110984208
0.0353705419086 0.0180300332795 0.14852282699
0.000372861308325 0.0561287176747 0.00100331283525
0.00397911522029 0.0443869802944 0.010234086244
1.97774366382e-05 0.0598469009654 5.15102423631e-05
0.009340310374 0.0358073620056 0.0285199076655
0.00774275126152 0.0378074219491 0.0228607892428
0.0354465606673 0.0181874323913 0.146984958615
0.000632221899816 0.0543711045206 0.00144597064446
0.00262755215579 0.0468472687783 0.00689019262955
0.0155411139214 0.0296397505685 0.053314469142
0.0017815963915 0.0492257953518 0.00457471014741
0.00869606639505 0.0368438415424 0.0255947750468
0.00384147420728 0.0440365551408 0.0108865226668
0.00124045895058 0.0511608855689 0.00309923862491
2.35322821417e-05 0.0597676185378 5.46483994588e-05
0.000178322483465 0.0578240454512 0.000383070940241
0.0265881637247 0.0222331770081 0.1042015308
0.0150071331131 0.0303504131783 0.049850967462
0.00672123229519 0.0391930764483 0.0194832504005
0.0041800863786 0.0433600977516 0.0115616479687
0.0021629262035 0.0480263585055 0.00575766619273
0.000517026552094 0.0547681350823 0.00121948599732
0.000168254348344 0.0573557774209 0.000428135372775
6.66244199017e-05 0.0590471244025 0.00014473155886
0.00089087839246 0.0526497126767 0.00219293222383
0.0292020274634 0.0206334468322 0.12310244649
0.0166924878913 0.0287781407095 0.0578072316219
0.00138082209688 0.0509768566208 0.00330838258306
0.000565772057979 0.0556678348289 0.00119834207336
0.00634226142991 0.0399512153123 0.0178422935013
0.0102660795293 0.0352790672323 0.030651282812
4.94567666192e-05 0.0631474684509 0.000109914852052
0.00351143562023 0.0448935064499 0.00928359593942
0.0382958974425 0.0167777442658 0.16459964126
0.0166507482845 0.0292865081806 0.055678055968
0.00051735454217 0.0546147375402 0.00135013842732
0.00178378258394 0.0491936866105 0.00476813170935
0.000761107814556 0.053206935181 0.00190427645174
0.00671839267734 0.0390793902606 0.0203183162224
0.0047484076377 0.0423425694881 0.0131965500838
0.0237734368052 0.0238753420764 0.0903072792833
0.00941982322249 0.0357092416133 0.0288238007378
0.013414303759 0.0324299894111 0.0417298681327
0.000402939507555 0.0556169074322 0.000928195094617
0.000343572217204 0.05585550863 0.000900650016907
0.0018374136652 0.0495812326582 0.00442508876522
0.00439765228823 0.0429765063891 0.0121415201632
0.00224053867382 0.0478113787297 0.00593591951331
0.0162885721612 0.0291163436804 0.0559865696918
0.00219807997914 0.0480306204311 0.006027912781
0.0485634747187 0.0144806131209 0.207278617436
0.000349605830922 0.0583734318063 0.000702927054164
0.00504631884928 0.0417475217982 0.0146886644151
0.0100756750475 0.0350861539354 0.030841408375
0.00443654872574 0.0439963495684 0.0112297742973
0.0022771100802 0.0499423120516 0.00511439988819
0.0187504235235 0.0270241868053 0.0705619373129
0.00339135390087 0.0450389595715 0.00909036003003
0.00898268152181 0.0363239487161 0.0269797645531
0.00504916972873 0.0417454083123 0.0143428053521
0.0174587315652 0.0282148927076 0.0609459317471
0.00208151018645 0.0484348219347 0.00527891272063
9.50238435416e-05 0.0583147655786 0.000228599187999
0.00133332997927 0.0507348657037 0.00341112545158
0.000304098900662 0.0561519142204 0.00079470227637
0.0389084152993 0.0163737057247 0.170416405892
0.0165372969604 0.0292678545374 0.0555672456709
0.00696932539074 0.0391314440036 0.019735323935
0.00438071316399 0.0431754441737 0.0118150432724
0.000186572173771 0.0578931014555 0.0003944439099
0.000570581400974 0.0542277552602 0.00143473916461
0.00132670186941 0.0516151151953 0.00305563834956
0.00294035145051 0.0462505617051 0.00758984905362
0.039633670656 0.0163280379187 0.170842336693
0.000660338196761 0.0540072900881 0.00155321872801
0.000145934316324 0.0576043552641 0.000364649585081
0.00310855435632 0.0457210613699 0.00820549571831
0.0175565928447 0.0285575839756 0.0595826226043
0.00586343483847 0.0407510153468 0.0162195426821
0.01226454938 0.0329485664346 0.0386430149542
0.0021090797459 0.0488599249749 0.00509365088042
0.0237664270711 0.023870935226 0.0903475368481
0.00234159496867 0.0481088056484 0.00574692449777
0.0155540624707 0.0294907099262 0.0553763311005
0.000276440046375 0.0567896663293 0.000611399987246
0.0088492235824 0.0366782537326 0.0260862778311
0.0026730745941 0.0466632821925 0.00715944598244
0.00383575604236 0.0441638822057 0.0102971501131
9.40969371409e-05 0.0596245209605 0.000238170663214
0.000994478398078 0.0531821304206 0.00221563633588
0.0258079141122 0.0237622197673 0.0942278835519
0.0129938507167 0.032154944013 0.0417507024067
0.00157468778723 0.0498629661356 0.00415122996842
0.000765425555749 0.0533220251463 0.00203373566885
0.0115156246025 0.0332270311669 0.0381108721886
0.000363102927614 0.0572474799991 0.000744957084427
0.00353730809008 0.0449866409858 0.00921113689185
0.000120698312588 0.0607302810922 0.000272408800485
0.00468399767549 0.0425579063607 0.0128156694744
0.00134316454698 0.0517400810728 0.0030572937355
0.0390807649067 0.0171187473337 0.16249780891
0.0101871549187 0.0349801609676 0.0312011129888
0.0142274825806 0.0312604847447 0.0459415316304
0.00399718813689 0.0438778809278 0.0107220532522
0.0010747582107 0.0519944387256 0.00259588293102
0.00046308960418 0.0548950785158 0.0011750227059
2.15206977783e-05 0.0621236265721 4.3362510631e-05
0.0266966714013 0.022182433047 0.104651488197
0.0119700530071 0.0329141281696 0.0386116677388
0.00654831380327 0.0397109207651 0.0184059438202
0.000187500100338 0.0602528237649 0.000386336581961
0.0013287351628 0.0508979304972 0.00328611659664
0.000739881103057 0.0541526234599 0.00164889183718
0.00557623922912 0.0408347400172 0.0163007771758
0.00230332916519 0.0478387717358 0.00585847230862
0.00382956255237 0.0443853111324 0.0100458202995
0.0334757488183 0.0193101186476 0.134761400611
0.0114798228377 0.0333274292555 0.0371459942243
0.00306641388197 0.0459587427526 0.00794011208842
0.0063813701983 0.0397595750707 0.0182095723139
0.000488222061611 0.0547307448966 0.00123225396976
0.000384030598382 0.0554633948167 0.0009466162798
3.46713974744e-05 0.0594135076023 8.82999369e-05
0.0257277217093 0.0228443485457 0.0988572751033
0.00716751851777 0.0386043681242 0.0208642563217
0.0126230477494 0.0324983808417 0.0403292597675
0.000688929861823 0.0541729907859 0.00156350959568
0.00286530882675 0.0464389107372 0.00737300313034
0.000166158828489 0.0624128672149 0.000337299044941
0.00426000770277 0.0433972811914 0.011462817166