0.352499809553 0.378009619996
0.0223038499331 0.711262324665
0.65478173459 0.0743912558972
0.0144717930545 0.725244943601
0.00360051979447 0.751049393328
0.729995428894 0.00455920219145
0.713887915774 0.0158085684199
0.000774273463185 0.763373747139
0.740242086106 0.00225510438773
0.737599946569 0.00105640379745
0.582619277136 0.146557052131
0.725389482232 0.0066181149141
0.345538266078 0.382554721682
0.00339590252945 0.752344179745
0.0129761491995 0.725461712001
0.723850665354 0.00777088836193
0.0508213104641 0.676534825414
0.00244067610114 0.752509932204
0.524410498133 0.204096563147
0.107653095019 0.619839672178
0.0239105190135 0.708131521502
0.0123147775972 0.727333415109
0.730117290946 0.00391914521888
0.718611768003 0.0120450520537
0.745609393339 0.000199506612124
0.741691492637 0.00065370766279
0.632662998882 0.0964295437094
0.721354609875 0.0100963707498
0.0365135715014 0.692053864166
0.714337129895 0.0151035174237
0.352949792492 0.375492233821
0.0107159646811 0.730393350108
0.00236062137386 0.75626275477
0.00148162351007 0.761633360732
0.000403738284405 0.764349014092
0.148341309352 0.579613370158
0.359019209843 0.369160126427
0.0300578860806 0.702533324411
0.011515066779 0.728902227024
0.00449451038794 0.747158847789
0.716726629491 0.0137796173734
0.725625672607 0.0095949353229
0.737298773078 0.00597306616259
0.000523587997358 0.764523971395
0.0346831917121 0.694484194193
0.00446084698828 0.746071070803
0.00788465749174 0.73616330454
0.0919532822822 0.638593104717
0.541955126171 0.187882795436
0.727268468402 0.00799704073351
0.752247858655 0.00113043589997
0.706818801385 0.0235915589352
0.739207888924 0.00259577691078
0.0244228472491 0.707190644582
0.725654317637 0.00834743638237
0.323906317551 0.404253644493
0.638666419208 0.0901046138826
0.706127436143 0.0228901256593
0.00231274205673 0.754094293956
0.00173245510428 0.759076980441
0.019650711285 0.714235049316
0.35864067655 0.369983472188
0.0789402885304 0.649478509607
0.730382586373 0.00479449477564
0.0240272585002 0.707647193
0.740062055692 0.000752261675264
0.658750787884 0.0701241408595
0.00207610625943 0.756497598211
0.0070984928957 0.738766314173
0.00579795973915 0.741922311685
0.334520413741 0.393521678936
0.018826812523 0.715988196877
0.0398504693641 0.688437930384
0.744506398762 0.0
0.00217474072493 0.754659936904
0.729742245523 0.00527096429943
0.679504938078 0.0493728884038
0.720098277108 0.010575205447
0.361106673324 0.366998121239
0.740684050493 0.000720254775527
0.00175074527727 0.759718851342
0.705080675599 0.0244667039673
0.0627823497448 0.667535507131
0.00488159393397 0.747388521672
0.00886655257906 0.738232567836
0.721471547774 0.00948205143429
0.0405179166002 0.68748928575
0.741539312923 0.00174572314225
0.711147576534 0.0177993224525
0.318403997419 0.409680472877
0.00274672698912 0.751717896225
0.0239310944916 0.708607655047
0.0106720625276 0.729899048898
0.729791813609 0.0049975457558
0.539083081971 0.190496273062
0.359162031511 0.368937747065
0.0247524093415 0.706974843712
0.0161341214521 0.720610608578
0.735684895544 0.00427492991491
0.72613783583 0.00624855994293
0.000414687222915 0.764701592998
0.699087002018 0.0299942845801
0.0531254480944 0.674236227629
0.00343689337895 0.752820801216
0.358790629317 0.36932195873
0.0325047227991 0.696832069252
0.0147575361032 0.724561421722
0.735844880423 0.0020211625781
0.0045439634041 0.746690034097
0.0611153803209 0.667192809021
0.702810610897 0.0261176573171
0.741315458035 0.000451817891458
0.589526280094 0.139310825697
0.0379466636997 0.690456445422
0.717213809818 0.0128508420834
0.355256664858 0.373004452233
0.726743730667 0.00677803240556
0.0239897539104 0.708681852514
0.00694823156279 0.739866088293
0.000791824896461 0.764628074861
0.336504223978 0.391544060693
0.0330283215359 0.696705277521
0.747308210553 0.000258828489918
0.0177491260879 0.717182501619
0.720435120792 0.0100125701017
1.4596860781e-05 0.769887975594
0.00452765763843 0.746392207771
0.641378315655 0.0876383232439
0.359640000415 0.368477577578
0.724096271726 0.00773666390319
0.715735183168 0.0135760043797
0.742547475497 5.0609975463e-05
0.0219344033297 0.710804807338
0.0491906620042 0.678180165117
0.00183233697364 0.755046838125
0.645807807218 0.0844951041753
0.740265348394 0.00118654320953
0.0297940037056 0.699990350584
0.732447698265 0.00334818059754
0.507297178277 0.221216041801
0.280707092748 0.447228221952
0.717496806698 0.0123467292558
0.0040758906139 0.746448724805
0.735408317797 0.00220520167344
0.0115923556073 0.729211002162
0.00264103006315 0.75386178456
0.338284468125 0.389776482167
0.0509775216518 0.67637896333
0.0136976968747 0.724605811712
0.00213316320765 0.761075933667
0.00698412146666 0.740042907518
0.733031783355 0.00363642676565
0.650880915021 0.0781051412172
0.708131114995 0.0208313194674
0.00161529690195 0.759414459582
0.00920940062204 0.733632112181
0.381700557272 0.346626527121
0.00384448968651 0.749647052037
0.757763658813 0.00518861332138
0.698941658304 0.0313866820728
0.726176319243 0.0137886957114
0.10967489415 0.617977522143
0.0306406289445 0.699358525035
0.00104604656586 0.765525722176
0.344781522512 0.38347139942
0.0253731905673 0.706661805935
0.124568699443 0.603020588367
0.00888729232271 0.733834330318
0.724280506656 0.00726193810777
0.00619268056931 0.742677800906
0.738896866638 0.00358046887563
0.000800350291943 0.761886145525
0.0244768421902 0.707107495555
0.0798783820862 0.648896793801
0.00400767331642 0.747891203028
0.00895667121525 0.734478272537
0.731431458474 0.00479907834641
0.37024043101 0.358213485347
0.717601340108 0.0120205910856
0.0019806042233 0.755086710612
0.396936306168 0.331501423807
0.148536393844 0.579664115614
0.00328007886508 0.749511869791
0.0109996572278 0.729255654707
0.0295490326494 0.700335649508
0.72995059702 0.00405604820669
0.731654408114 0.00372104704052
0.35417656074 0.373910245762
0.659193225069 0.0701200362193
0.715147100328 0.014204530767
0.00229142417917 0.755929253606
0.0585779399498 0.66980907478
0.00523790476049 0.743697716469
0.728660493759 0.00618149373479
0.0208841578158 0.712480846872
0.738885992505 0.0045669919183
0.309442811133 0.418593127455
0.0249928098316 0.707064703965
0.0466248016304 0.681615432359
0.00993683141261 0.73830454806
0.722544872905 0.00904273389022
0.73030118442 0.00780592911214
0.661815461627 0.0670196497151
0.00126298007533 0.76970142437
0.000436339678348 0.765757423766
0.365976471285 0.362479774618
0.0250352171071 0.707358939833
0.121799693808 0.605727017593
0.733710176504 0.00251877529613
0.00808457846551 0.735488370439
0.00276370747603 0.751481109079
0.719923766968 0.0110124451322
0.746773135734 0.00024168867032
0.0100961104134 0.731033435307
0.434006830038 0.295601566121
0.00134725159084 0.757855943826
0.0347566527487 0.693983895723
0.21003600529 0.519304565271
0.00149261470861 0.758017334459
0.711460596229 0.0175063176277
0.741740909856 0.00470346197582
0.363071164363 0.365037964041
0.74194504737 0.00190529879882
0.729938336784 0.00403601437702
0.0116341973376 0.731517489772
0.0338672823572 0.695332208018
0.0777655223984 0.649686000645
0.719201101429 0.0106326832624
0.719918885776 0.0105575735754
0.0464449641456 0.681633861902
0.730351032418 0.00479705621915
0.607957502973 0.121407448315
0.384748277806 0.343561653969
0.00996721745621 0.731441447605
0.00181025170676 0.755608252321
0.000563364528931 0.766776853222
0.73629999907 0.00135968134097
0.383350878651 0.344845491947
0.543219620636 0.185494167339
0.00961312135535 0.738335720243
0.0238040971262 0.708207843657
0.712839319807 0.0162168926293
0.727057580608 0.0056112497956
0.00057040035333 0.76433840384
0.0057417330279 0.741485725569
0.0333651269318 0.696062112741
0.492725699974 0.23638571219
0.0107084179706 0.72986547266
0.191357083871 0.536554881916
0.75388493747 0.00118174625501
0.702331184799 0.0266570148432