0.660733376858 0.058648567702
0.0395748468347 0.361015832641
0.216325464498 0.233039648536
0.0962923413409 0.305272311902
0.00200917734783 0.480091391112
0.0159691573323 0.406423916572
0.844807460803 0.0149769620403
0.848233487103 0.0313230190844
0.249755053726 0.26367166461
0.0710409953449 0.379026241999
0.658791528967 0.0892571676809
0.0320457897584 0.418509454189
0.851390969147 0.0330773921599
0.0115116009395 0.489375267384
0.84932249153 0.0495274162487
0.0661712502754 0.380898452199
0.0123423756315 0.482541718747
0.458093939627 0.162754882215
0.250892585781 0.230306712434
0.844495527868 0.0502842680706
0.0048136290625 0.533267955705
0.0339625036453 0.438706921694
0.845837648868 0.049260269441
0.0125167837849 0.51545863537
0.242701716184 0.276731370513
0.443209587322 0.170376160629
0.0859936313623 0.375247588187
0.0245480065048 0.462831521112
0.0560679715922 0.402755674698
0.0253040599614 0.4135072033
0.436771277173 0.165171847461
0.0451600842565 0.351875922041
0.00143680071162 0.540418921697
0.855141992372 0.0432926837327
0.85223264954 0.0718218154839
0.234234361879 0.253144337048
0.65347611161 0.101382434562
0.00544238664986 0.525261901835
0.0767293550214 0.358365485624
0.063570994824 0.37522401275
0.0240228833971 0.453982315671
0.253647258859 0.276644469366
0.467783880927 0.179726554617
0.0878268945785 0.380199231762
0.846952936177 0.0405191989041
0.0367728710483 0.426666899316
0.00797818413528 0.573897593379
0.265202073864 0.280774545709
0.0563971253985 0.430192471747
0.4560774152 0.196505854591
0.0516470031973 0.438915352388
0.0279188540156 0.479206908423
0.65384195752 0.123277199521
0.000800797584905 0.614650357418
0.859420521507 0.0920596787191
0.859495439417 0.0305246718202
0.247339009 0.272657191488
0.447243014899 0.169421747769
0.0573779879639 0.420872564833
0.63521361544 0.106917932753
0.00453496459817 0.558089401169
0.0297430969928 0.473329593181
0.00620626008556 0.503217578515
0.0319874983849 0.399211573348
0.24356280222 0.233263500714
0.846002344948 0.0346928135599
0.0694158608708 0.362875287509
0.857313604741 0.03317850872
0.45602530937 0.144704758884
0.856159476397 0.0127074790196
0.0559086601011 0.387828126314
0.0284684347269 0.449635365548
0.448140965874 0.157616581817
0.238131032239 0.245927712775
0.0144528885855 0.506493567706
0.855542916009 0.0316592235826
0.064786451744 0.3445654206
0.463182235997 0.147333645347
0.0180762143284 0.46035714635
0.0205837369719 0.452002993209
0.00120727097641 0.554423618119
0.0300182032242 0.402824938209
0.239752164574 0.215785747462
0.249726644715 0.210707472117
0.842196317065 0.0379043167367
0.647365849361 0.0789669736974
0.852238578372 0.0190492360466
0.463934865773 0.140640712607
0.23941596433 0.24742319731
0.437858069727 0.150634928613
0.00173679877646 0.594187811401
0.107163907389 0.341492277293
0.0323024057142 0.425719905928
0.851653314475 0.0188013327376
0.462573042601 0.129326372237
0.0653507355879 0.355248601513
0.0526763726918 0.370619045203
0.00187439630784 0.501599269802
0.236278713942 0.249007064279
0.0586683409422 0.354788914207
0.658309072977 0.0724822652551
0.201715283401 0.242557984618
0.851568072192 0.0391215037243
0.0257272493904 0.430128483001
0.0050418519008 0.580315249528
0.0840123946909 0.333090972291
0.848355316398 0.0230799792737
0.0948919011503 0.335674203211
0.447879760052 0.135254763453
0.0495264586563 0.382994170177
0.640837330299 0.0626137717126
0.00364665204611 0.471957625659
0.238722255241 0.230536131855
0.0200109436838 0.436208975734
0.0658638992407 0.331736152162
0.0430047933741 0.351339029389
0.0102390316612 0.446481511936
0.847756842882 0.00785932119252
0.243400520551 0.24734340392
0.650585588735 0.0778975977986
0.0169064696538 0.413421329427
0.859902973263 0.0
0.0587478828858 0.336033409534
0.855385210481 0.0407787751546
0.451297785924 0.153672109874
0.236521593004 0.278123309509
0.0666424929925 0.390554196958
0.0401547431104 0.424523584018
0.030095758815 0.441279639067
0.0176197907212 0.494002668632
0.00744895201109 0.510543901716
0.101872782086 0.338669853119
0.0198889773871 0.461692274616
0.456667724688 0.15050001592
0.663182578929 0.0935671551357
0.852110088678 0.0554866592584
0.0458822201437 0.399969157101
0.0798382695099 0.3599381556
0.258141064786 0.240117311667
0.842852788536 0.0237531386244
0.0577763154875 0.389931197503
0.249930281308 0.262311275446
0.0126849126809 0.528776008851
0.850835918495 0.0393764504923
0.4598288452 0.158376242421
0.0870301474984 0.339866368869
0.0113655764238 0.500487967044
0.0022569378847 0.506249429085
0.0164010599276 0.440247703048
0.0624646363953 0.362910918606
0.0911321499264 0.329066081281
0.24331908351 0.236283931641
0.846677617449 0.0255067227003
0.456029350688 0.135190285072
0.850154649895 0.0309495425099
0.0772689424943 0.333549253897
0.00681485867101 0.478267833169
0.454586134941 0.165393074966
0.241927595382 0.24804596738
0.0235147523729 0.419783852282
0.0746546837909 0.367370525374
0.0485911276157 0.402025704158
0.223003187877 0.261018184224
0.0127509107744 0.495045666504
0.657892653313 0.116007672353
0.853625505427 0.047710074467
0.0180221165563 0.467775283546
0.228830172038 0.248063128576
0.0669223983112 0.336266893745
0.00224452201032 0.543480205449
0.66023150524 0.0909846360922
0.844928772191 0.0532598877744
0.445574459727 0.159278573691
0.861576184604 0.0136070820604
0.6357078038 0.0935801792173
0.0060210983224 0.571010877245
0.0813871488824 0.353039569671
0.255094660204 0.239497748174
0.0238678626743 0.47324225769
0.847829912144 0.0342652346271
0.0985020323305 0.366282118618
0.652462534014 0.0915608445334
0.24679819139 0.265237938794
0.26436819739 0.257460463876
0.00507660409291 0.53057106491
0.0151086586788 0.5021489394
0.0559463011206 0.417184364265
0.00708095903636 0.518039379059
0.0806277474429 0.344882325575
0.443206545402 0.157094144251
0.245384108668 0.244639585105
0.020641003896 0.430846182551
0.853621367435 0.0500403793485
0.647232489638 0.0987525430657
0.0484213977167 0.387999621357
0.0972862446956 0.33616623868
0.00650682083188 0.489135210088
0.252652429946 0.236903412074
0.0815436522909 0.340639532986
0.855796713116 0.0203255403477
0.464341256387 0.135633446399