0.071826203713 0.247291745153
0.300007352668 0.0351949878175
0.314177565781 0.0273527067457
0.389312299582 0.0160568572477
0.049560760766 0.375690072636
0.284306336243 0.0156965317816
0.285168966189 0.0213242316253
0.0135012097262 0.334390152876
0.288011777283 0.0199475778572
0.0238999450376 0.304516464575
0.0871532803848 0.223713245655
0.470346397608 0.00431523787778
0.0398385833553 0.188299307477
0.0223776582332 0.205748861388
0.470401924306 0.00440509842738
0.40237687638 0.00594573894151
0.0232974119431 0.172132862851
0.35288493664 0.00543682695236
0.28549569266 0.0215313386778
0.340184072349 0.00746160285228
0.0358507619616 0.300150186162
0.0863829589715 0.218805934319
0.328086669193 0.00981889227871
0.305688893274 0.013861595077
0.0354491545952 0.205111698524
0.305282163925 0.0147697278734
0.0313185337237 0.228913583144
0.024322265891 0.241527812962
0.364880096128 0.0107265172679
0.387669145066 0.00498660460475
0.387740301268 0.00499462749396
0.347392515489 0.0049740564466
0.304010478432 0.018928602733
0.0263485827542 0.210489492001
0.057885943699 0.188177555221
0.317019583977 0.0319815120353
0.301218310578 0.0355730858937
0.0231186293118 0.226751089956
0.29175666042 0.0388583663788
0.00957772744357 0.236248537794
0.00842236587339 0.243434224564
0.352283936717 0.00415787701264
0.346200211678 0.00528555961661
0.0386564588185 0.211003738205
0.0409952404163 0.208770009285
0.401710922744 0.000407441227975
0.0228630743447 0.254990972063
0.373863881702 0.00697895610603
0.0314364653259 0.233959302854
0.362061809112 0.0127945296702
0.0233664491067 0.195551488683
0.409066639533 0.00377970499928
0.0241881036491 0.190942891969
0.0241683174319 0.190490891251
0.00999681567601 0.261645353025
0.418838528017 0.00441057701452
0.410926020437 0.00747698539506
0.0471539321202 0.187454178795
0.0499503046847 0.184726617057
0.0177332506917 0.240751119937
0.0128121377035 0.234239966772
0.311985223717 0.01833039078
0.0125152338237 0.234493909628
0.011573542551 0.236155970943
0.0104291416674 0.236487064622
0.0122057886907 0.330217261387
0.0172072012324 0.289378551287
0.0873643583076 0.222090361447
0.362006462212 0.0132354284082
0.352761039316 0.0162255868659
0.0272666885263 0.186065563554
0.446883187664 0.000506009521679
0.421981766011 0.00836165754309
0.0111056764122 0.230567558158
0.312352259316 0.0138391767452
0.0154820722094 0.218546301783
0.290937828896 0.0218918527314
0.0182965433488 0.216287364912
0.366716310724 0.00625270335683
0.36264201891 0.00678684557402
0.0191988847458 0.22736451731
0.0162481111705 0.231982786533
0.00920006052439 0.261519611966
0.0135079848625 0.246353108293
0.44142283987 0.00594725370572
0.0103517230445 0.252670762027
0.297900513306 0.0340001048484
0.0175870811691 0.242614191946
0.331603840153 0.0210662058761
0.456111303252 0.124223504981
0.265955241045 0.172812258225
0.494448966182 0.125084479266
0.129448877189 0.251944656039
0.325922092892 0.0234529136885
0.296807841096 0.0340128835664
0.288083159258 0.0387254694607
0.029140753608 0.215966674466
0.280286644547 0.0458811281075
0.413988569836 0.0011264338094
0.0104518599799 0.222071196866
0.286264421849 0.0143960988959
0.031745092904 0.242544317184
0.282679891246 0.0157555623182
0.283691146516 0.0149670446206
0.0535938447795 0.256011096443
0.302405465557 0.0332299691756
0.0218281104399 0.290223607352
0.320591395787 0.0281245771904
0.0218627366822 0.290053629773
0.0227710424553 0.288671646419
0.311136251401 0.029795942719
0.0243816925688 0.220324757553
0.331977434625 0.00776728585103
0.325841836198 0.00975939950511
0.0173038179908 0.237370812146
0.333647196194 0.00745475664298
0.30251381653 0.0154756128514
0.0154047927099 0.214729454352
0.0119694525696 0.221167406674
0.429510851789 0.00110939222721
0.341222687157 0.0210777370074
0.363907309755 0.0114989915382
0.0394238412341 0.197830045457
0.482095755185 0.062120826232
0.157656978743 0.218629605102
0.481768966374 0.0673284904938
0.48325023502 0.0633343079707
0.0621786040418 0.277804465915
0.105445119375 0.244845717844
0.435395687573 0.0186519725384
0.0214379408417 0.226062306906
0.420539206065 0.0226544170416
0.393673614893 0.0352611296611
0.354496766957 0.00626550962711
0.343925967202 0.00954536885375
0.348339460869 0.00760725728688
0.0513056818659 0.210688554981
0.02979770097 0.235785624342
0.0262875675133 0.244507489166