6.8901054361 4.61200441389 1.27525389698
6.89027935432 4.6121420895 1.27525791793
6.89024607598 4.61210857089 1.27527802139
6.8902037922 4.61208361649 1.27525054245
6.89029431194 4.61214549967 1.27527021012
6.89018028663 4.61206713602 1.27524797166
6.89031262002 4.61215123365 1.27528864267
6.89029455829 4.61215042957 1.27528924794
6.89021785007 4.61206492407 1.27526360975
6.89029160739 4.6121448641 1.27527586797
5.20809004602 12.1847573873 1.97636912185
0.657191465759 0.436731240377 9.90956964526
4.75834604725 3.14729265192 3.38176188163
1.71712020522 2.51193877779 39.1887733623
0.873348730769 72.6474369204 7.71816644488
39.2398006546 4.53266843816 4.80766548982
39.2918151507 4.44605409403 4.89189081375
36.2448460906 35.4059926662 0.277277316413
0.923592314332 0.926786071688 7.44730283291
0.609348195972 1.42876910595 18.5753201028
21.1137084647 14.2463965385 3.69950735639
26.9391068007 6.49473970995 3.8921704802
2.05575067413 18.5089060438 5.11766721443
10.7685177264 0.133781934041 112.267181073
6.64927133594 15.4161241214 5.54397732231
7.68656725508 67.650270908 0.564510529264
27.7294849422 28.1208470016 0.187046744873
1.49413964081 0.644310604709 19.0761452835
0.68334280126 1.02508022738 15.4858137107
0.69507415193 1.04000366324 15.4309552637
2.00377353379 4.67563101267 2.86471122268
2.00491489191 4.67415399325 2.86433455862
2.0054110432 4.67578004835 2.86312954966
2.00509490564 4.67467121627 2.86358751537
2.00519909068 4.6752686851 2.86327996578
5.10267684679 3.39034818928 2.1239762266
6.19979794713 6.24326878331 1.34139374098
1.91058376034 0.829567791378 26.8029511636
4.99527529233 18.9147296959 5.97267848444
5.17340541367 20.1038626907 6.13404810327
2.92527861461 4.37594667736 17.195690575
2.93212778068 4.3695950632 17.224981815
34.0252639633 8.2540374632 4.53755036278
10.1247632325 0.025108012123 10.0707895928
13.4763630482 0.00175889133232 13.187466506
2.70233801098 4.08009927664 2.90104417361
6.48967242232 15.1259818468 2.39570627251
6.48889753798 15.1256875466 2.3959096463
2.45506239862 2.44060821563 11.4170858332
6.48910819291 15.1263716827 2.39577402893
22.1208532229 53.5731832656 0.248613504351
38.0832878824 15.5401930569 0.40172214585
0.201543693624 0.0218056300591 72.9094278373
10.7651786749 1.29878037322 49.0973077047
0.589800922203 2.35403818958 11.7475242209
7.8028732674 18.309077939 2.86780501324
7.7774678365 18.2656794584 2.87912881107
59.1085965027 26.6690591096 0.520448452282
1.3075003341 3.0998429637 6.59841427198
2.16548357322 0.542957691011 23.9778519068
20.2644474599 13.3290655276 4.0052412418
13.2498653018 5.65115788036 28.178754117
49.8662533301 5.95998280279 0.0386921869788
0.372647520033 0.163247401478 66.5767604488
0.314030511374 0.138830994179 67.0746630505
1.30079133819 1.90543755557 29.1570906086
28.0397213528 3.11567081125 7.7276162737
8.88526491479 36.1980858653 4.88178879437
0.588321883981 2.35431520416 26.6062079513
22.4420123038 14.9573695728 8.65673439494
0.588477239431 2.35497911375 26.6028128372
0.127919735735 39.9979911549 9.75453331344
4.84074470271 0.540619545143 45.5841362389
32.6497745719 7.77862512156 16.1928208676
4.42026736575 0.505783675339 46.5545143077
0.271940458998 0.693735368374 82.9110283989
6.4777418933 9.6282797655 11.0886155861
22.1552298246 34.8660428435 6.72096187618
0.0191171677766 12.699066551 13.1009229884
13.9071801372 3.49112513237 4.36395763612
9.25452776963 3.96489745823 3.30067375597
9.24380291721 3.95982294442 3.30406780177
9.25442589593 3.96526643847 3.30096805655
9.24470205218 3.96161495287 3.3035214011
2.21099959542 2.24909733458 10.3713763412
4.29319823318 38.942182207 0.087148459383
0.538785932613 2.13278691006 24.5908804024
86.1515276546 8.73068630373 0.185970434052
2.17295859423 5.17382128265 11.0616179324
8.01055941954 12.1560639079 2.23219669113
3.55861583711 1.54251011155 11.9271429237
9.27400568652 9.28003104886 2.04891063448
9.50043453461 9.50144625945 2.09878142345
9.44926181958 9.46749526325 2.09096690801
1.22238896619 1.22238369875 9.77517859985
73.809662826 6.95944918508 10.4853602203
12.0779645349 29.2003633352 10.6529666819
0.728791678501 3.07607648911 35.1598947384