0.854765480638 0.0043618746099
0.856584167697 0.0097089263837
0.844060959772 0.0182481728371
0.0492084115121 0.822820825383
0.021503781957 0.863597926692
0.108193725982 0.775513239397
0.826274004777 0.0398907626277
0.0197682942685 0.87082473478
0.858026532994 0.00546010384954
0.826219324674 0.0404604455741
0.857663311411 0.00559812379819
0.0225843687186 0.842412248706
0.080254386017 0.790608778177
0.860486330099 0.010188350217
0.866939555673 0.0144657962107
0.0132923751512 0.859218651755
0.845489220578 0.0219238039197
0.790278978567 0.0803459914138
0.0920752341872 0.780031585823
0.0225903059232 0.841206814372
0.00460702294763 0.857117804926
0.012937742469 0.848594229591
0.840980382533 0.0300946166025
0.835386289508 0.0330174902731
0.774002869712 0.0987209781433
0.801929701608 0.0652664427871
0.856628328522 0.0161422799466
0.0137419492535 0.850014547278
0.108533993988 0.768644713429
0.0174329136321 0.845068514254
0.860220067773 0.0126538623496
0.0419948642 0.826039935495
0.84409133686 0.0245019427263
0.00812689791263 0.861835448456
0.769075512715 0.115093948039
0.00812585110702 0.855896153499
0.011471956605 0.856090847335
0.015435064952 0.849247136288
0.0817372381929 0.789666186887
0.85700270872 0.00416985501101
0.807314599143 0.0590993480962
0.0100890548557 0.851210999164
0.863973166991 0.0176792384042
0.0790887084066 0.788447379042
0.843534111004 0.0219155164129
0.0114228359393 0.856009142934
0.775095380218 0.0985990706702
0.855839789118 0.00788956261771
0.806117620716 0.0602709153863
0.0745524204493 0.796095963049
0.839942940567 0.0280983934808
0.00548952245722 0.857180484262
0.852283189335 0.0233117263042
0.856463184666 0.00652181785519
0.110614427992 0.771613587116
0.856425140303 0.011018781611
0.777318789223 0.100420099681
0.864192380622 0.0127237958259
0.00319639190175 0.857020859452
0.847098064171 0.021591506642
0.00485701314476 0.857281750133
0.00669494740514 0.859239609948
0.049477798657 0.817940764119
0.857740328595 0.00358947058719
0.784185006467 0.0915188212469
0.852716537191 0.00715740532787
0.80977695146 0.062380357337
0.049892101313 0.819241204452
0.020917080397 0.844615147149
0.858084470188 0.00301325933465
0.0157749107967 0.864473716837
0.853849039255 0.00847423909135
0.0295054521435 0.851336338379
0.767437887753 0.112762806724
0.0795551046905 0.791834019814
0.855700202872 0.00157250228552
0.00785308739704 0.856020330252
0.854285518803 0.00179770461969
0.797329094798 0.0782162674189
0.100145531317 0.775703997085
0.00761511074072 0.854161949911
0.0573114340399 0.813477940751
0.808421681804 0.0589818501242
0.8029464435 0.0649191930415
0.854404710526 0.0207702523539
0.857675123253 0.00599002754536
0.771809714652 0.104396376738
0.0116088637391 0.852144766379
0.00850040358515 0.861699168174
0.0906105504991 0.78032989715
0.853545332297 0.0034119541424
0.785085480596 0.0906922275079
0.0243771811559 0.842950318033
0.108164029533 0.771862550383
0.00409280814141 0.855016836202
0.00472148835816 0.854003482256
0.0540421518933 0.813425857243
0.777694790429 0.093774736453
0.854122695482 0.0046447725023
0.858110911737 0.00326702582848
0.0124782972906 0.848409889589
0.859784278809 0.00498004273155
0.11043592849 0.76798905065
0.850504686369 0.0102311944945
0.0193969888764 0.856558985847
0.781775575535 0.0882110715044
0.853969752505 0.00755046965744
0.0288664796069 0.839331830357
0.00380165058704 0.853741207054
0.103240269552 0.776351950066
0.00688864181383 0.861445472302
0.843283630304 0.0256278652461
0.767217372687 0.113127188603
0.00400492197856 0.858545639575
0.767154077925 0.114758550786
0.0864359942113 0.788752335226
0.00594075494659 0.859801129589
0.0058728426744 0.860142796074
0.856515120933 0.00195566308421
0.00512003817347 0.859942009784
0.852447843466 0.00558536208682
0.00257380458715 0.857803846456
0.0913565703579 0.780106712259
0.780170619999 0.0964346797517
0.855382591726 0.00573463922667
0.855997846301 0.00376077882803
0.851240244488 0.0109671764041
0.814952065749 0.0564922975003
0.852405155518 0.00638877716852
0.0188731160945 0.854834976594
0.100199507707 0.775335297219
0.0 0.855736332093
0.00557606457958 0.854381670809
0.00309878176712 0.856016210212
0.0766466590842 0.792467835332
0.866145837369 0.0169620762907
0.839968607166 0.02978829902
0.795125614587 0.0736961556072
0.857843691827 0.00293094346703
0.856212130875 0.0160937003558
0.821210278617 0.0458630653066
0.798744266437 0.0689090411578
0.856425345511 0.0164112334922
0.097873133341 0.774691018329
0.0228688007737 0.856171998904
0.0200287226968 0.866974667976
0.0523702006897 0.81516844311
0.854972469527 0.00245299625909
0.80204690779 0.0714821613796
0.852269404397 0.00622051555061
0.852505721113 0.005899584213
0.0471621560517 0.820612927591
0.0272193306711 0.871903752365
0.0861856249778 0.784457218759
0.0138741232874 0.851003629154
0.851927939767 0.0125500700702
0.105068700044 0.775912040384
0.774404253503 0.0975048931524
0.855115651226 0.000673577012748
0.788213260543 0.0855512855767
0.855576515162 0.00227014396854
0.0984642914997 0.773536250069
0.0129533312872 0.85686526145
0.0104860409776 0.856774488225
0.854975539784 0.00213255896892
0.763961233348 0.119300401183
0.855030691493 0.00271810486168
0.855673206672 0.0
0.0866595503935 0.787385544487
0.00175397106666 0.85541310036
0.774715544159 0.0999122527723
0.0939813907142 0.776506555975
0.851378501491 0.00702209136882
0.00420083564904 0.854205031479