2.88381188977 2.97219732269 449.716412316
838.068512963 4.72481436852 4.87391554066
327.773561671 229.930920808 67.0962774685
3.64181328166 679.5472294 14.1715602959
99.0254140392 31.797629541 352.390402669
935.886390875 9.27949342349 8.04330483621
0.88130858848 6.47203896507 544.022199132
8.17252390111 642.547790715 105.94640501
276.847953901 383.89081359 4.38556732315
19.1571215736 1052.1136286 6.24542036458
13.9608183643 780.113993746 12.0244879103
535.096205313 72.5595935939 2.59939617654
22.1006654231 3.36548432371 517.369940543
3.85768485394 491.01786549 145.98421397
4.60317891526 0.114371909431 562.274367077
462.697945651 72.3646867127 85.7168196511
61.5366789105 32.0764633727 394.382471655
87.4835010148 518.926599287 4.35632387591
1.96045212373 12.4620391261 626.499817413
21.2010545882 838.944881599 1.00907847274
1016.4177374 0.54368822832 12.8238803667
107.703768205 714.938556558 16.8360785035
1.90631763605 0.983528861703 589.714096333
57.6860994797 8.76723462837 484.16784441
490.556887284 144.13833607 0.680435082999
24.1405565088 1055.35296781 0.366946100908
780.63042764 9.57709923267 4.19951474193
429.855083543 220.385638418 5.52760478614
4.02577066658 902.564223306 7.63439824903
47.7644538905 14.4718476383 384.373914228
882.798678744 4.50507310231 23.3462406444
453.95421868 217.817189663 6.64340947344
86.1400398707 510.878023744 16.7122470062
5.75314783291 4.30300416091 639.06820869
1110.41358419 1.99180179389 1.24660063685
229.063532273 472.86942503 0.857839724495
0.0218709276505 1.14921741199 549.17991598
61.0817375464 10.4169123616 448.415177409
742.61963432 105.146746831 18.4287040872
6.09345680417 845.220228745 24.6337420133
862.733114303 10.9892516907 1.84179837212
11.4629918819 35.2339499572 546.191296686
45.5576311817 763.883555476 16.6996131182
17.2269165409 5.18353652843 591.181547113
626.681672334 16.0394223686 90.4846488477
952.290108101 6.96654318361 23.8872987829
4.3256539553 8.83158592965 550.51721555
119.076177174 365.389971986 59.0309727729
7.05376922352 927.517217513 14.0696374198
13.5021379266 4.65169712635 539.37141168
9.59806883509 751.163643241 27.2523292106
0.632081217472 0.472762802929 569.266662351
131.47043927 437.59769521 7.24083111816
692.591349944 28.3175482823 22.5088518918
426.398449371 76.7400263532 150.186312476
1.05069173558 1019.72032909 8.74265449466
20.2280817091 1.88703078593 617.236317104
11.2977838459 572.396703497 102.765548112
432.562064007 0.160649398526 233.853316587
5.74575653315 3.10034611332 675.507331703
1000.10814278 25.8867593116 18.6088353584
695.897382575 16.7243901346 112.374444885
4.76191500427 192.881543434 386.017367497
0.359208060062 0.191092653803 617.744615202
10.8577366922 8.15887369284 587.371109728
0.513654116532 880.976275545 7.9745112807
647.431941925 17.4951332838 7.49405454726
2.54791526298 833.550182971 13.2125420307
731.983506019 26.2527635649 1.42221115836
13.2557632883 6.8173418604 515.812062815
62.4331818905 659.988748649 4.98847162858
7.88081928988 823.044141741 26.2522278423
4.82343038431 391.891057542 210.54718561
0.422949003147 2.96401057977 614.714515804
1.32954978156 1.68766901542 616.416613506
784.428478493 19.3414069091 30.32131645
720.937371887 4.5780229851 0.156029537865
10.8279558369 3.57114123066 473.656739267
71.1580608828 772.465012729 10.3753049721
23.4951461952 926.946816066 10.9111443094
56.5027990783 179.067085685 269.445893447
69.473851854 633.445346593 1.25599216774
592.341792967 93.8398645734 18.9710611035
1.10538171749 0.365841696601 641.377198562
1.12691384663 12.8674524961 604.70127591
3.1263166147 2.25333404126 624.273683248
578.949964259 69.5406007072 9.1920824247
972.858359533 0.994154523199 2.742344841
33.5853741181 568.444238794 92.4719826
21.3191556355 67.6306526842 405.215486281
338.388161512 251.652365567 6.51962600993
16.6754795713 4.71852927077 577.939020409
2.77716042007 1011.70897314 26.1642029767
651.520779977 96.9163998335 11.2118319149
110.090256177 707.499868033 10.6088374421
868.088303112 45.9048833949 14.0169782396
5.49091581103 3.81656660406 538.831481691
29.4950660184 871.200200546 6.78503392303
55.2611448067 52.7391882932 447.624061858
1125.52230415 4.69425565725 2.1071225789
27.0832944853 754.440288648 0.226899618927
11.4384296918 8.51741827259 618.495934712
24.050727469 66.1947915357 485.580729666
784.611235421 16.4502334067 18.3816973974
523.314408467 26.278502286 83.199520194
327.935299982 151.726322295 115.567798929
33.9415619016 754.828054741 20.6071513322
4.41696649306 4.6559839556 443.859598757
97.1567579357 15.165586656 328.890777842
511.922520456 87.1629880803 85.5426094351
905.534826526 8.64525878526 43.8118114669
13.0456557578 871.085320943 14.0910621899
9.55761438484 1.12227390648 664.398276419
42.7214192742 43.6784671883 430.503878947
716.489851716 8.20166585648 5.42919509682
1.00165678938 822.283957586 16.6802075903
146.987350422 205.533079442 253.118909245
102.210867169 671.153890285 1.35229963648
1.02967999429 820.886942693 0.827415570403
100.639993086 313.487437873 43.4751374506
2.4491618011 3.18390345488 617.656071668
861.080378781 6.39435153554 1.95390515802
100.27806233 73.7403562591 395.655697409
714.159443998 1.91733648643 12.3956770103
0.211556315661 1.64928888701 663.848809566
0.0863136233998 643.896119111 18.7321411069
10.4620677103 831.36357195 12.9341411179
173.078567495 83.0904786826 346.404655869
0.189793239818 1.39930379589 649.936296797
642.012871476 0.287222471048 12.0554591379
360.817745428 58.9437272408 183.363110043
116.21445452 785.114485532 2.6512539213
788.756450153 15.9766152728 8.93887680236
5.53770585612 10.9640035593 496.861528934
880.496374225 2.85990737833 26.226492037
7.89741248008 1007.2332599 29.2387767188
7.09897377272 300.867950942 285.467643858
4.83938241097 766.738706998 17.1837136483
0.951405171022 80.155387036 444.474077621
969.38069774 10.4650575432 7.70879753494
397.66916729 200.898292578 76.7970395477
9.41662786592 3.06363098184 660.912935342
77.2674530063 520.338485276 93.649329889
964.85321655 1.38616662386 14.5950954119
5.1371921553 689.447201423 12.2347115645
1.05098167489 7.34996817192 544.278294967
62.8176323667 21.006590577 420.396099596
742.881056522 99.7376941989 0.595683262729
291.217997484 7.66980643367 280.244590039
870.835074453 7.92148146989 9.90143884846
1.72185815717 1.64567146092 587.354247073
2.65109439206 698.557471414 19.6539561867
182.665810101 99.0599710504 211.058338071
13.208444181 784.481450185 39.1013484141
2.89155303722 5.3057521007 510.852794826
281.424406522 297.017830522 56.7464451052
692.142088506 15.4035020652 5.57019235036
706.41073105 11.5830178842 20.7691353606
153.467288148 525.064502647 94.3338794319
777.664808086 91.2418376535 1.09931941123
33.2856141496 1006.41921553 13.8576800854
81.4478121259 59.1238978214 337.174017623
2.26723262318 2.13320093186 684.81142788
72.8298538048 795.196925571 47.0407765239