0.163871131295 0.284245821033
0.0126559725979 0.403064499707
0.301909447078 0.207049312059
0.718243357806 0.00905897075713
0.00401125133562 0.462502662965
0.0558597844982 0.332821717736
0.253659402626 0.232360260377
0.0071304480222 0.421939937242
0.874652703038 0.0446647522234
0.362126762326 0.185886083665
0.947725944606 0.0660569961749
0.0379428803582 0.359360268782
0.380223194032 0.165078532679
0.00281820701138 0.47593251206
0.151223618333 0.26666992409
0.460008720791 0.139094518246
0.0160237209208 0.40362328755
0.22385973856 0.220839425345
0.0270149076354 0.354901052461
0.304923641336 0.19096796987
0.948165690199 0.0116092024862
0.837938525014 0.042260819544
0.0107546271208 0.461760459583
0.0692883886675 0.370477478084
0.465380929285 0.100359891416
0.42734480032 0.122645467172
0.969529990599 0.0185028128961
0.0527467137774 0.290643562268
0.436328650163 0.156069589499
0.00162205445107 0.512423019541
0.663849808644 0.113237997156
0.00161788190897 0.494348873818
0.0331939498895 0.407136039374
0.195636998149 0.237994265027
0.13133821526 0.279025449321
0.531643349957 0.0899167987862
0.0665619821131 0.294513527382
0.0124218246858 0.449418549607
0.978533148242 0.0188755743607
0.23244026232 0.205422204724
0.00888555604575 0.282003129401
0.863516540603 0.0668755765396
0.599958854109 0.119299209955
0.850285681933 0.0566973348751
0.555333194479 0.138200051713
0.00912306469743 0.410643215806
0.238611899032 0.243363120434
0.993897325552 0.0543362889552
0.0445074947419 0.400155540272
0.649284429269 0.101350213703
0.143173629025 0.279202336936
0.01567410805 0.446529766859
0.00155981846677 0.533130036184
0.855083612097 0.0203189761418
0.00665590941213 0.485832516406
0.0769966875997 0.312509627985
0.372772725022 0.158741535916
0.05741235796 0.333476723478
0.00345457224382 0.500790302036
0.246200314038 0.217800666729
0.000229902388286 0.553620100991
0.0868018822694 0.383231218418
0.0149992326233 0.485018063023
0.374584334726 0.152113745145
0.00905800230813 0.511680062505
0.969560468652 0.0348974374459
0.00978712830019 0.481509675924
0.984837211109 0.0195057563969
0.0707703842817 0.332676288148
0.27527016243 0.21427739775
0.747306178707 0.0655204198784
0.0872014593221 0.338469564624
0.0135917226235 0.410995041587
0.286507043566 0.238010394388
0.143350238411 0.304683858166
0.828456575793 0.0545618184651
0.952101623535 0.0348084838078
0.116009265698 0.30235965356
0.0125861928938 0.445900465536
0.0517920757336 0.370197861484
0.00672448262465 0.474311869051
0.967649656992 0.0160432890163
0.536827747304 0.126456802437
0.00770651521089 0.498331385518
0.0216671889817 0.419692611261
0.103816950002 0.276091662079
0.721607995742 0.0105965287506
0.855670155471 0.0187237154171
0.0400357130244 0.380416560262
0.367832142219 0.165709354287
0.164957704252 0.287169950548
0.00963289307731 0.50360348059
0.0217868012233 0.431568946773
0.477379728482 0.0958409936135
0.0867585017493 0.387195525806
0.0125657517338 0.465279986442
0.918724866114 0.0
0.0026727834113 0.499657047612
0.816376766066 0.0428531081351
0.218229705968 0.209929156166
0.335001396338 0.166693191502
0.0640234235828 0.377899025042
0.129461330196 0.306442229853
0.40412663737 0.169013741017
0.0153367281775 0.398718063839
0.537617129878 0.117782143399
0.00376655109423 0.476623389581
0.869798757186 0.0639762802432
0.00216173183986 0.541889783529
0.0923056145023 0.309816129359
0.528255034311 0.112418034147
0.994539565193 0.0577322894802
0.0196945335329 0.455117768499
0.0338556884686 0.418326621895
0.856074366673 0.0243150089177
0.0271569604404 0.401123337522
0.00168689247604 0.441455902033
0.352975898248 0.232501011729
0.0972511522473 0.359669943382
0.79120879958 0.053691400893
0.0515260659738 0.356401552338
0.0112601919049 0.427359479187
0.2922724461 0.244008573478
0.0873026451432 0.331691065812
0.00162710594826 0.559999929171
0.262698063892 0.207220471256
0.0208343206929 0.445110579736
0.0462617200851 0.40139830339
0.648279237159 0.0847321592194
0.958889018379 0.014274914696
0.246450716233 0.234819063133
0.0292411837137 0.393066550552
0.00435430047168 0.508329772323
0.856865069084 0.0393883608302
0.0632349520551 0.358629061186
0.360739441905 0.148856538677
0.00156794040607 0.454017944642
0.978695740361 0.0240141202801
0.102309957234 0.293331681739
0.0019415545278 0.534711902723
0.410512399411 0.146613538874
0.0187091811741 0.446885022666
0.0258379548379 0.424832836584
0.0542224960005 0.390096277945
0.736857857436 0.025997017367
0.164598943845 0.260479736997
0.00417784076143 0.482391909507
0.413434892841 0.13845939944
0.130435636208 0.304850507101
0.832485283001 0.0792430099113
0.645177731806 0.0866042900425
0.00192484091711 0.582948772359
0.0147911393937 0.473724993716
0.062461133475 0.331443592131
0.219557834707 0.216981321499
0.371633778074 0.160723707392