0.0557087691951 0.271053897767
0.340361464136 0.0248338955884
0.154130323762 0.171395187504
0.0115358288629 0.504741541651
0.428500287357 0.0245549467791
0.442927615357 0.0219664740978
0.0446262842768 0.216427659444
0.306648620348 0.076608782253
0.00445983729129 0.506242415809
0.0219012308212 0.381482689102
0.363090789687 0.0132612336421
0.0361873518846 0.305090206897
0.442970409831 0.00267308200233
0.329617891298 0.0389337806554
0.0508066321684 0.284542847197
0.0387442884422 0.58404511521
0.0689390463584 0.332849240769
0.0337280287361 0.317515071698
0.0760216444762 0.263261249907
0.352789521046 0.0576847748385
0.523113413722 0.02912551967
0.390532808153 0.0463957299775
0.469530182769 0.00558293711234
0.0906015461264 0.184158502023
0.0501453069893 0.24343823054
0.405271631939 0.0427819325078
0.0596585472238 0.222388248195
0.0412121412254 0.326095786724
0.467180972698 0.0241947534964
0.0403226165211 0.255003145823
0.341152590772 0.0261892259754
0.116348077644 0.191540526442
0.0600069511171 0.295294550123
0.39577836907 0.028911702463
0.0941674814643 0.19008667621
0.111038856949 0.178372746483
0.414327483906 0.0312619277589
0.293705357277 0.0930366922271
0.00506559179304 0.483671269851
0.115937144342 0.22757372529
0.187744339828 0.162936691342
0.0755907645948 0.203707014625
0.386947479953 0.0233838705321
0.0 0.400271129649
0.0324917694847 0.299671966059
0.35168684672 0.0309383498628
0.140271335867 0.165470571896
0.0501193361051 0.361786245289
0.42083061155 0.00368971988997
0.30979974812 0.0686480912428
0.0949369974863 0.207758276883
0.388188507451 0.0268059464487
0.0418045719285 0.379800117718
0.0432862380939 0.254645882975
0.366321405542 0.0306938413756
0.154861825523 0.168252901785
0.0241914152701 0.355554252538
0.483106246599 0.0147674675278
0.0214167030951 0.313802102911
0.29594106251 0.0633819604794
0.0144713321938 0.510783912684
0.103491435448 0.152138268149
0.388477640202 0.0297493806079
0.476678488596 0.0177707370242
0.0380003033728 0.332524172576
0.380559951948 0.0155225287222
0.0410403335922 0.237824697443
0.00545661039336 0.32783692765
0.0505261182351 0.394638715438
0.339119016517 0.00999394102399
0.134520098784 0.176288129361
0.0977498616428 0.23955350617
0.289819070416 0.0282633752085
0.0509402946174 0.226369164289
0.0350633102921 0.326703006099
0.344617415157 0.0244401742206
0.0813164370443 0.291843581502
0.0660997053863 0.374301606194
0.437168869418 0.0110125127988
0.053435332554 0.277375562841
0.477770238502 0.0168250647296
0.415035329405 0.0345809927025
0.124042651098 0.203130950036
0.364102910816 0.0269162877194
0.0744978840541 0.220188528721
0.039980744162 0.28066312766
0.0317760369977 0.347937294585
0.473077879983 0.0124838076262
0.341319210871 0.0292604010969
0.0133294310171 0.41655104765
0.129837289819 0.171110679876
0.0813130833988 0.254432846407
0.0748119404757 0.459130336711
0.43236328978 0.0232911688672
0.124129896006 0.231994183336
0.458820867828 0.0202252075363
0.178329502069 0.152869593274
0.106192253441 0.246174157424
0.101927055971 0.311414298439
0.300023735832 0.0806451412831
0.471889896835 0.00923894934301
0.109115042023 0.172829353878
0.330330585403 0.0493237697092
0.0607713936115 0.238177796896
0.0381075890928 0.342039430209
0.370983058885 0.0391935929566
0.0609499441737 0.26294725948
0.0784008979279 0.235826900134
0.300819450657 0.0264360026418
0.0354324116227 0.308459432707
0.0853765322183 0.2360312233
0.305040423492 0.0499428706806
0.0785840949254 0.211143960275
0.0240782098141 0.42598321863
0.47950823523 0.0140026730983
0.364454930501 0.0334900870609
0.465938410937 0.0238398781161
0.0550619932885 0.322263761795
0.107273128272 0.225710656562
0.384681429407 0.0441267759376
0.376406798078 0.0218280964586
0.0618808884388 0.354255514523
0.134659857109 0.190924327144
0.296446990478 0.041036645445
0.0503232579216 0.253890201469
0.039400341614 0.357713199605
0.0907615866002 0.187984233799
0.460599029066 0.0139874594134