0.346195474638 0.375691923898
0.723899173487 0.00695538414596
0.0454466358703 0.671637078068
0.0148252086603 0.711007198747
0.0 0.764831375626
0.736718707984 0.00143303319213
0.726038015194 0.00583591830575
0.642064450413 0.0848180365837
0.00341321353094 0.742840064301
0.000954624334041 0.749852660638
0.0945363134836 0.623172186649
0.0046504118011 0.734437129372
0.718202464734 0.010938194635
0.0305984039456 0.69093757449
0.751733758876 0.00207975490344
0.368769412462 0.354146306256
0.727540175285 0.00850996280557
0.589190754521 0.139658469489
0.74449606527 6.05827699639e-05
0.000460897208642 0.763787436666
0.00712776998274 0.730719570855
0.341746485729 0.380064595265
0.0135661205609 0.713175877395
0.046530276102 0.670501275126
0.0240432727722 0.697017000482
0.0976135751322 0.621849147546
0.722459183415 0.00787658217362
0.0033943371299 0.739153713849
0.375073981097 0.34889172601
0.742094230118 0.00236845251885
0.0009213222994 0.75459998866
0.373195258432 0.349170327561
0.116200735323 0.601872350388
0.737521475041 0.00286359596541
0.00442518481316 0.737583733265
0.0118262877505 0.717134218834
0.0257749032647 0.695341026637
0.749658694265 0.001234252321
0.701374540047 0.0275045222202
0.758768916788 0.00132952141928
0.336602686484 0.385164027163
0.730750810326 0.00749664332043
0.0388399945974 0.67910876463
0.00691273806901 0.728410883853
0.708408668993 0.0196412118987
0.0178133506806 0.706408429585
0.574291586947 0.151688178512
0.0024413349565 0.742004709665
0.567599038666 0.158018381425
0.727067935845 0.00527889542344
0.0635645142132 0.653689388504
0.712586468504 0.0163854735047
0.0136816073679 0.713694892294
0.0214652899781 0.700938720071
0.290824466082 0.430137250141
0.709454012208 0.0190134502624
0.0187181991494 0.704510894704
0.0033210477747 0.749733421163
0.746668308 7.14224230565e-05
0.0482310539503 0.670750664907
0.676819011246 0.050700802432
0.00599826777744 0.731674066317
0.0125268155112 0.715915479294
0.00154552243102 0.752672684768
0.0181995482527 0.706139393295
0.725409151838 0.00923423387431
0.0859489916839 0.631864529782
0.362128713998 0.360081139814
0.659202305269 0.0683181360884
0.737547183494 0.00445349538567
0.016059037984 0.709251344413
0.53288521648 0.192300110113
0.730576163613 0.00628489857744
0.2926757543 0.428444438943
0.705214085815 0.0228617697585
0.0412312037146 0.676158806389
0.00526558278236 0.747981947911
0.011788933866 0.71841687517
0.738523073175 0.00323932636597
0.538384277207 0.187054981079
0.294898551159 0.426132346969
0.00744895929559 0.725957663823
0.000247986029095 0.755243036427
0.731881355874 0.00550240408437
0.0277063228835 0.692073379734
0.741384904168 0.00622649718081
0.729184367597 0.00877352749473
0.00738653560546 0.727110355965
0.0323878621104 0.687761228564
0.333524250081 0.388449182421
0.695409665352 0.0329545910911
0.0125826580494 0.715299020043
0.000399520740165 0.761191661525
0.621288117997 0.105870879793
0.0025963636263 0.744822723063
0.373086506214 0.349252659978
0.709054706371 0.0190703872973
0.108656185573 0.610579656225
0.735597357616 0.0017874092446
0.0118237915126 0.719915388265
0.0226683848004 0.6990146702
0.752566732392 0.00135294215413
0.71577736085 0.0135439589477
0.290773828516 0.430191505264
0.0267949076395 0.69351061241
0.615619895072 0.110787481071
0.00680473457876 0.727890940048
0.00304962040775 0.743099664669
0.00863745989537 0.722926987747
0.729208070581 0.0059375081568
0.596624535503 0.129461603368
0.348622031629 0.37330449063
0.701010162858 0.0268003719842
0.0129074924583 0.714964673338
0.0479226679494 0.669898448019
0.00116323194787 0.75732127213
0.716588983392 0.0121300317062
0.0182869183448 0.705675129739
0.508955520905 0.215704671915
0.00500912587146 0.735332535283
0.276458335501 0.444458737698
0.0447251862961 0.672407628493
0.00123627198968 0.762450031205
0.72845065365 0.00817874918967
0.566936834036 0.160436807254
0.000767470083116 0.754267823745
0.00260078113474 0.743734810352
0.053322574433 0.664257402698
0.712942866005 0.0151667249964
0.731326447275 0.00738106382586
0.309280940849 0.41210991063
0.0210893583869 0.702445762116
0.345894441636 0.37602889533
0.00300067222915 0.739314386088
0.710887750415 0.01862201791
0.704290306774 0.0236042751966
0.0195128462243 0.7036843296
0.079812125308 0.638103873495
0.755478245565 0.0116801071465
0.740603840372 0.0025717657959
0.271783356886 0.449369081368
0.71117375254 0.0168383928364
0.0232551267272 0.698887634368
0.520687637623 0.204375242802
0.0526635360513 0.664392278142
0.00421297703255 0.744269837535
0.00658315638461 0.729364039407
0.756720742523 0.00136625027887
0.568057020754 0.158000570537
0.708744414907 0.0195821873649
0.346116426768 0.376399412558
0.00163859030119 0.764957306381
0.0120819484213 0.717003955094
0.0382953376876 0.679935244041
0.0180480274595 0.706244524963
0.737488050872 0.00313300210277
0.299822307872 0.424354784689
0.00272709358186 0.743785574211
0.000395825985848 0.754312510019
0.699359235757 0.0286750859177
0.536150077535 0.189186148409
0.0138313987825 0.715530730859
0.745794575325 0.000398820015964
0.0328877574909 0.686033840313
0.00342352526607 0.755616554653
0.0353596526577 0.682566956297
0.726378639989 0.00574912556076
0.0862047280606 0.631926716871
0.347689213292 0.374236930618
0.0207546296032 0.702018936131
0.710017200032 0.0179375224467
0.00962186574904 0.726230813769
0.361808926169 0.360555492439
0.00458271547636 0.739687006918
0.0433360622848 0.674280450403
0.731703043831 0.00406127058989
0.0225289006449 0.698996856916
0.00686443909001 0.727040831962
0.73968915677 0.00287023574721
0.632231614054 0.0966490381747
0.718087505463 0.0115881522807
0.731141163236 0.00539912563408
0.367418478204 0.355283403682
0.000968413192622 0.760828860876
0.721628043894 0.0087478263498
0.743872330476 0.00391894170574
0.00378460738752 0.738052149613
0.0146738888724 0.711335418181
0.0351734072172 0.682738886815
0.559824146901 0.165709498773
0.719303063318 0.012319453847
0.329883304936 0.391733505025
0.0149587362239 0.712744463714
0.740338220384 0.00972803873228
0.612981647929 0.115756197076
0.00157064707207 0.751952138085
0.00330560273622 0.739345240674
0.0484663386731 0.668681296851
0.707612394534 0.0206427337442
0.00458349777237 0.733746783496
0.0711253445302 0.646852523533
0.740641778316 0.00231945006753
0.357860576579 0.364405570637
0.023840641713 0.697570193482
0.011768786205 0.716432428076
0.723013754212 0.00930523429484
0.659902724398 0.0672390445181
0.749990025624 0.00146588437867
0.613271996766 0.113557212211
0.716271471246 0.0125419926677
0.341963329187 0.379869319697
0.004221191536 0.735464917323
0.0202765228112 0.702413889983
0.0340377287305 0.684062449906
0.01102534033 0.717991949814
0.716529104499 0.0124122689102
0.735941566866 0.00350297285888
0.00575452039053 0.731243867202
0.55119173679 0.175372131233
0.0368353609479 0.681517688103
0.00476745717572 0.736751677478
0.752605162652 0.000455200810277
0.348938236392 0.373744158047
0.726549552216 0.00710432703047
0.761193374401 0.00779779382242
0.00290643449502 0.739569096765
0.491988919538 0.232422230766
0.70453594144 0.023509956482
0.273149905163 0.447595684764
0.0416582572571 0.675626732496
0.709732513748 0.0199425328311
0.0182304341117 0.705402674664
0.740379564753 0.00108942009867
0.593195885282 0.133083290608
0.334982693768 0.387156710532
0.0296263480522 0.689722383526
0.718565159526 0.0114016582073
0.00215374523209 0.74677723848
0.0515392426483 0.665908267694
0.00405478680167 0.738717115325