0.00518439979483 0.0026155128664 0.0209824744162
8.96952178892e-07 0.00901884806107 0.000751125402362
2.20230793656e-05 0.00794505458274 0.00182615098399
0.000149699129975 0.0104087255208 6.94505681048e-05
0.00170333666845 0.0061749762714 0.00550281399165
0.000512908654838 0.0106739756498 2.20280396185e-05
0.00799450724339 0.00150378979649 0.0318261469841
0.00102301926742 0.00539135154293 0.00721836192531
0.00597732137335 0.00267027554006 0.0207870433996
0.000187256168556 0.0104468368604 0.00021049567399
5.5329662326e-06 0.00866892216793 0.00102765096366
0.000422699675317 0.00761054576451 0.00242503001421
0.00727323203376 0.00166730597105 0.0299221011758
0.000286088555007 0.00913280572114 0.000717196537142
0.000164919395713 0.0105174969886 4.80663490924e-05
4.18399912271e-05 0.00959248003007 0.000368782967724
1.28792025441e-06 0.00739633924091 0.00273328152102
0.0096590768643 0.000969889552696 0.0406657168106
0.000435664989231 0.00516478483115 0.00863004142826
0.00264287963449 0.0031994854485 0.0176241227114
0.0113982651024 0.00212311036602 0.0280962416233
0.000123970555914 0.00907849935175 0.000703554877426
0.00278828948331 0.0033464711685 0.0163156276099
0.00286433243563 0.0110782871177 0.000207480429976
0.000229754449806 0.00676637593886 0.00375264177757
0.000614646562461 0.00537060037162 0.00744431315623
4.87068377924e-05 0.00786317245721 0.00193471745713
0.00700156342614 0.00198343062591 0.0264413491514
0.000856735800175 0.00980201958317 0.00039427020954
6.38721756166e-05 0.0106824178111 3.19201480143e-05
0.00025585031646 0.00787076187039 0.00201210666904
0.0021438888793 0.00391435713835 0.0131310012441
0.000658494563583 0.00532115745401 0.0075904372623
0.00688207844141 0.00180556275485 0.0283542509828
0.00120600233094 0.00584704990695 0.0059961609294
0.00165670664044 0.00405842035427 0.01264927848
2.29784023414e-05 0.0104015999 9.01158867133e-05
9.30024110999e-05 0.00858354118126 0.00116528914656
0.00035296787577 0.0109263298681 2.0625247325e-06
1.6178386408e-05 0.00711389799434 0.00365141575808
0.00521789485725 0.00229889556541 0.0236940527183
9.77127597739e-05 0.0110760586318 6.7656316374e-07
3.25703178951e-06 0.00814267990838 0.0016032247027
0.000894066543293 0.010135770462 0.000203670869756
0.000919762584155 0.0061003155691 0.00529925834029
0.00141027915651 0.00408766518479 0.0127831567166
0.0119549049767 0.00125602720053 0.035832157978
0.00115981402959 0.00449452067013 0.0107562396462
8.25482517706e-07 0.0118531230567 1.72085390889e-05
6.78537395492e-05 0.00711962109906 0.00311742423896
0.000979923021003 0.0112790578028 7.50289362411e-06
0.00155731591368 0.00547069483662 0.00709657932906
0.010026991179 0.00139094366872 0.0333140285913
0.00415809355085 0.00328098798083 0.0165335308816
2.39815144889e-05 0.0101637412041 0.000150476791982
7.19509573836e-09 0.00893153771782 0.000810576990292
0.00014136134065 0.00688141424539 0.00354408338855
1.92381683561e-05 0.00852622702024 0.00118102211258
9.41905812515e-05 0.0109487588181 5.2487673944e-06
4.223430641e-05 0.0104317115046 7.79163066788e-05
0.0072159243559 0.00153809783276 0.0318851335203
0.00558758470819 0.00257984933394 0.0212938449652
0.00102687533644 0.00632211115377 0.00485766956544
0.000159254936272 0.00888740365615 0.000976126122597
0.000357561454689 0.00581745741274 0.00614337697286
0.000624117875589 0.0112598909479 0.00014180568481
0.00784563205278 0.00124294186291 0.0372639211496
0.00319780618458 0.00289040231107 0.019688876755
6.50195592366e-05 0.00783722977368 0.0019719573069
0.00038043817566 0.00867092370465 0.00131745485678
2.16944884379e-06 0.00778678990706 0.00206403415777
0.000207226810642 0.00625466107148 0.00499409707366
0.00102790439209 0.00595737013039 0.00566881009339
0.000140854572993 0.00928960654613 0.000549196154195
0.000322083816368 0.00683245255727 0.00362068228719
0.00010839348943 0.00711940044023 0.00309383484001
3.1710154257e-05 0.0096829198983 0.000327749939398
0.000525978659592 0.0127586103749 3.94883672934e-06
0.00537506931846 0.00233437053048 0.0232949141356
0.00421246947509 0.00414880446756 0.0126341819895
0.00728321553377 0.00195489540813 0.0267431441485
0.000645501320967 0.00640179598336 0.00455391788929
0.000140830070719 0.0104115936254 6.94325032113e-05
0.00131780679535 0.00429365052 0.0116623609912
0.000467560102637 0.00960459670739 0.000412588054669
0.000370491161895 0.0108565330678 5.23449695082e-06
0.000469113427346 0.0088635314356 0.00117614867067
0.000559649216154 0.00931668592252 0.000907275245328
4.78740097781e-07 0.00731249327627 0.0029650106873
4.62255791519e-05 0.011093918108 2.94881397778e-05
0.00486676861801 0.0040415927226 0.0134439730179
0.000846675641155 0.0054331202663 0.00710722968163
0.00832292725625 0.00142314010428 0.0328499229186
0.000713955814528 0.00619582629203 0.00502529961882
0.00532525948015 0.002941507486 0.0188487244852
1.46467773494e-05 0.0102722704883 0.000125033555689
0.000151557093247 0.00779944570098 0.00205082126555
0.000773642612543 0.00543105514344 0.00713551354664
0.000116122846317 0.00906277707005 0.000822440391231
0.00174181585663 0.00400555595877 0.0128803284054
0.00343686189834 0.00318422746702 0.0171245338296
1.66288865366e-07 0.00936187044286 0.000525527776072
3.90199168411e-05 0.00773679847133 0.00233315876735
0.000282370736507 0.0111775605757 7.62410207656e-05
0.00098413288157 0.00484857694259 0.00923556028445
5.12216725011e-05 0.0079322927496 0.00184631400392
0.000991208935946 0.0119233410827 0.000124806723815
0.00143257491005 0.0103513061619 0.000211909977141
0.000287046317827 0.00887424096308 0.000975914284461
0.00159668884991 0.00454757014878 0.010238722575
0.00483011535424 0.00257609696356 0.0213190854886
0.00804567596184 0.0012288453873 0.0370430799268
1.01991651107e-05 0.0109019693689 1.81839951267e-05
0.000399899701419 0.0091371644496 0.000768024358816
8.77654020147e-05 0.00748856466052 0.00247187036186
0.000456544480631 0.00583722542986 0.00599631499045
0.00131628191018 0.00433984392428 0.0114066412172
0.00147639332038 0.0111141430375 2.10874762112e-06
0.00092434670343 0.00484614500109 0.00930076064415
9.77415351896e-05 0.00911476878186 0.000774878107793
0.000173378358327 0.00776792847123 0.00210051554798
0.00990892601593 0.00103874042424 0.0386092319044
0.000173429097607 0.0117716993222 2.61342706268e-06
0.000107931765841 0.00646429617973 0.00456805181593
0.00653266698247 0.00201305502598 0.0261634625046
0.00107313983358 0.010484105206 9.12589472541e-05
2.16471659135e-06 0.0120446631535 3.33022621294e-05
4.90714189953e-05 0.00876414803572 0.000996308413025
9.85352031777e-05 0.00665031033365 0.00410319807072
2.92152364323e-05 0.00713598591221 0.00313879317155
0.00331975028796 0.00367012681895 0.0143026367773
0.01554166775 0.00113770128945 0.0401736279815
5.99220191776e-05 0.00930438800976 0.000531031096487
0.000267791747499 0.00847265526294 0.00148472074414
8.09501451418e-06 0.0121062340904 6.26932703043e-05
0.00190525697031 0.0112895992527 7.84743696805e-07
0.00172079957008 0.00435602280288 0.0110576847444
0.00120595908423 0.00563180611653 0.0065473161459
0.00287841758505 0.00415726516437 0.0119753610768
9.61585505152e-06 0.0113405026352 2.72893073959e-06
0.000141177639201 0.00868556093047 0.00108578922974
0.0126734381302 0.00197597053672 0.0302829814839
6.71724889546e-05 0.00806664222485 0.0018292049587
0.000574362165996 0.0108132423661 8.38202386087e-06
0.00392909275775 0.0032139486707 0.0168871259477
0.00782664513273 0.00143823985718 0.0329337825677
0.00100171940928 0.00598044970011 0.00560542138171
6.67135516803e-05 0.0104117319167 7.72717237829e-05
0.000343136393413 0.00653818185739 0.00422354589719
0.000188280810146 0.00838344277889 0.0014225941129
0.00169548863804 0.00418512291339 0.0119133655023
0.00019875465788 0.0109577666473 2.22098013933e-06
0.00804268753422 0.00185312509008 0.0278705637553
0.00176922645813 0.00489626255616 0.00891244301004
0.00025934858944 0.0106612282744 2.39467866751e-05
2.57976047945e-05 0.00901985994926 0.000783077521806
3.50647087422e-06 0.0092534707243 0.000600840027364
0.0013710122618 0.00661690948783 0.00446853320694
0.002741406294 0.00415481016753 0.0119493024207
7.21430112241e-05 0.0123830902413 3.57855746541e-05
0.00404119571951 0.00273439280784 0.0202959594021
0.000487687559465 0.00622715034976 0.00493063435495
0.000840610779559 0.00996578294972 0.000282702445454
0.000736755090593 0.00617806650544 0.00507107426158
0.000817657389714 0.00848871057082 0.00168716520425
0.0121452791102 0.00128458765255 0.0356521227611
0.00146207706416 0.0065152799866 0.00470440428653
0.00277497461657 0.00390026884613 0.0131033981715
2.371002209e-06 0.00971479702584 0.000353814150944
1.44639754571e-05 0.00628132897432 0.00569326655071
0.000336220208805 0.00819275472446 0.00211057353074
0.00108481032324 0.0108014821603 2.06697600894e-05
0.000141863046218 0.0116603203254 4.31574934917e-06
0.00926186429808 0.00164380580746 0.0303225852351
0.00296049927789 0.00422004941191 0.011746784587
1.04575395797e-06 0.0105772426498 6.99419790411e-05
8.93940429447e-06 0.0106325412064 5.28042175676e-05
0.000370920220739 0.00751055088871 0.00253398818605
0.00114759613924 0.00525336780855 0.0076563947669
0.00863227108903 0.00144699231572 0.0324312934644
0.00083247849495 0.0125545918262 8.95911302024e-06
0.000950361544493 0.0046564548765 0.0101840890684
0.000141824241495 0.00890318736825 0.000863276714765
0.000660508696686 0.00968731128064 0.00041184138372
0.000608533339281 0.00611796567283 0.00519607562295
0.000131664581212 0.0082470629409 0.0016509067445
0.00866663782899 0.00178346623394 0.0287400615504
2.04722923798e-05 0.0102437278189 0.000182964795625
0.000455051347133 0.0101515268614 0.000140885789709
0.00174157694486 0.00605063855515 0.00578476257146
5.82373396794e-05 0.00845061445615 0.00129068790291
0.00019283922955 0.00891397987189 0.000878022378649
0.00116920314734 0.00708056258739 0.00358575683255
0.000599270572178 0.0109085025775 2.72384560457e-06
0.00221464918695 0.00389675458069 0.0131976956283
0.00454393074295 0.00312846163598 0.0174980062052
2.21446486582e-05 0.0108626062487 1.86386933374e-05
0.00793416069844 0.00116800352058 0.0401008649833
0.000996684806964 0.00959694651661 0.000638959305762
0.000392687119649 0.00630203312571 0.00476102192943