0.00958386329826 0.487070801908
0.447425125589 0.16204495759
0.855145284111 0.0426431769798
0.0472297523107 0.404615432821
0.227950516207 0.256507836446
0.0800921237145 0.363732804817
0.634743974139 0.105496029957
0.653041526474 0.0843798552981
0.0629259168879 0.352822856482
0.00252063389113 0.586235892414
0.256717331255 0.244220713164
0.0187982686623 0.469269568792
0.0334529523508 0.418672467348
0.450384386166 0.150310530714
0.854880348762 0.0478646953754
0.00305698812566 0.546595304938
0.0648892360161 0.307599088019
0.430246538267 0.17804091199
0.84600718471 0.0443997017726
0.031712992112 0.390760918945
0.0127842891981 0.451520091737
0.0578655849832 0.376669634369
0.0873994960903 0.347753207716
0.264349169275 0.244377149463
0.442082022673 0.170222687745
0.644521670139 0.124347743927
0.845418426597 0.0785384436128
0.832256632765 0.0719615654649
0.0405088035159 0.346106179688
0.647468791147 0.0979628275685
0.235912074957 0.255425014753
0.0043169250054 0.542689033909
0.00272360296681 0.547627855534
0.855421428877 0.0457400052955
0.02976559019 0.395032641966
0.0760558314623 0.336969029027
0.241522274006 0.262074509347
0.0376709270925 0.386415849852
0.440920117048 0.154150666378
0.857763026959 0.0594437443983
0.0636338388313 0.370480614604
0.00450772173321 0.523127443661
0.838087826352 0.0523322452761
0.0571689912009 0.36371215564
0.245574026197 0.241951145943
0.471076261827 0.14815586731
0.0108244510237 0.464465805117
0.0279422631242 0.41724900297
0.0721892743131 0.343517871658
0.221307325972 0.242035535984
0.857119837564 0.0314167497036
0.0041993169522 0.525557920203
0.44764541821 0.153612397401
0.0532029666412 0.377098345314
0.468687481848 0.155705052231
0.0815235167392 0.344028400008
0.0180219307364 0.399874889751
0.840458627781 0.0380472729653
0.0061278052074 0.493208143725
0.074266962003 0.348147810897
0.441965938559 0.177655397459
0.856521371138 0.0429813114629
0.0390931150364 0.377264079643
0.247266093131 0.249202683221
0.0104048327393 0.478940431423
0.042363211152 0.341132736441
0.661694565794 0.0667274817337
0.00873422938076 0.48107466127
0.0202868808649 0.387817598719
0.45474114815 0.169112023261
0.653528417728 0.097898796732
0.0798536904922 0.34303690899
0.245097722098 0.265199408162
0.843183618761 0.0568690713852
0.853281731757 0.050519122147
0.25923948551 0.232880662803
0.0808717790065 0.32963115948
0.0202965838601 0.452100864227
0.00171541403465 0.560952640076
0.0500745389901 0.370564222094
0.0456091265353 0.384587097125
0.236327706645 0.235189004761
0.00887576717713 0.441460672238
0.445102025523 0.155346400422
0.851406039533 0.043711557692
0.0741627073335 0.348785917731
0.865306440776 0.055489812379
0.0605248419936 0.366014482517
0.0124602659009 0.4995078298
0.440272912452 0.15797783993
0.0352195991829 0.40742167228
0.663046027942 0.0923144196294
0.0329502285571 0.377664357584
0.454598534724 0.176821550557
0.851573002218 0.062278204439
0.292244506868 0.24539924021
0.00348258550198 0.585979571696
0.847698875557 0.0
0.0583997009254 0.316707517461
0.00444935859133 0.546896307508
0.0288622894308 0.426628838964
0.0155054427634 0.453146901246
0.0937186603522 0.340892815172
0.237008119366 0.233690002114
0.852361195733 0.0334399125995
0.0452332255647 0.395869770212
0.129259461337 0.316905957398
0.836529379825 0.0411783999865
0.0221208219873 0.36008900394
0.658826280713 0.0974207542042
0.223985924465 0.258387160404
0.00299224119226 0.56021277496
0.260065072138 0.227575311756
0.0395153046809 0.378735755121
0.0776520280863 0.349948869135
0.0232795210298 0.433648537536
0.863743836406 0.0296168404751
0.00265420976253 0.551974430418
0.0340353574838 0.388923601997
0.259323194557 0.244054805293
0.450393507606 0.167878171742
0.659778778166 0.10825770789
0.856843789255 0.0634451594375
0.861320569974 0.0522307782195
0.421419247973 0.18277904554
0.0743483154394 0.32673638494
0.00487949427444 0.516265002486
0.0329175602615 0.385711361071
0.84749029335 0.0527794243892
0.0113359553022 0.434222773377
0.445894034724 0.159933119197
0.241165186965 0.233423014386
0.048901865733 0.387940239077
0.837534587208 0.0596670232232
0.106897149667 0.318722450006
0.442726557993 0.167573943741
0.0381251651891 0.387430567376
0.00382339441344 0.542003158444
0.0161642890374 0.4656728032
0.0330447033129 0.411459874079
0.234768077007 0.24842050808
0.0116464933248 0.464924121728
0.849866480765 0.0545472085147
0.000843541938993 0.478326417349
0.222471093799 0.257129613619
0.0194325462053 0.434592486084
0.0535901637633 0.396095335885
0.855235605893 0.0408069547027
0.431675107657 0.164478348686
0.863564180064 0.0501727133878
0.251042155864 0.221041555816
0.0178908600415 0.431503598322
0.038990164701 0.391172363562
0.649433811733 0.0900430302246
0.00187675557008 0.581134684754
0.865387046586 0.0390010104734
0.090644377096 0.34544297045
0.0198739959026 0.412399235145
0.24585013738 0.230234831094
0.446456677737 0.163880031853
0.00907240698603 0.480438874503
0.0359815193874 0.398123332037
0.861380875906 0.0667841653418
0.00531536460269 0.519480277247
0.237676022161 0.250508494447
0.0747370498478 0.351291639244
0.456568020176 0.161006849777