11.3340442291 1.28058309014 1.31404862249
-6.34382087739 -6.16969093688 8.75115048634
-7.88341080531 8.20831746484 1.26694728932
-1.9778946416 -8.62013874171 8.69735484908
-2.92373044428 -8.34925125849 8.95888168318
-3.9749527757 -7.84881274541 8.60779313461
11.4638779437 1.66410653215 1.30034417999
-1.17665333173 -8.84415488705 8.82962984521
-8.49736174718 8.41669183757 1.29478978911
-6.89193052951 -5.63171382962 8.80112947356
-7.57917220786 7.98674728162 1.28110577481
-3.93494661262 -7.843611322 8.65919925223
-3.86276981691 -7.93312975808 8.96932328611
10.7814177717 1.25449590605 1.49367778809
-3.47345907209 -8.17369876288 8.9420554057
-5.14925957671 -7.30578934488 8.78084934893
-7.51187887323 -4.60163822827 8.73450616588
-2.46005767477 -8.37771173605 8.64981300507
-8.13394989584 8.69279530969 1.28504556058
-7.89827148721 8.50328423821 1.23464110912
-7.72552032126 7.92568925287 1.40833962019
11.2409089772 1.46772951801 1.4444780363
-1.33064454343 -8.7777374288 8.76687718248
-6.60777717801 -5.74024261319 8.58088902318
-3.08577366655 -8.20681008788 8.61166691248
-8.24193500307 8.17424519547 1.28579170151
-5.48619603214 -6.93420386696 8.91193940257
-7.20634305659 -5.21144546681 8.69507630756
-5.69593218026 -6.65229516517 8.7649252819
-7.84319429098 8.79854127514 1.3073703088
-8.26640149824 8.2819440536 1.45800539916
-4.7215684988 -7.34585726242 8.84254223525
-2.20881180893 -8.56873993092 8.90151651461
-2.22329105335 -8.47465787776 8.6811502292
11.336966975 1.23683152185 1.30895971302
-8.57573802693 8.43898062907 1.59955649552
10.3060621461 1.22278823238 1.28909975032
-6.97741073425 -5.64107082275 8.80035574066
-0.512034829235 -8.83522838363 8.82626941954
-8.23087392694 8.57007680766 1.30109470341
-2.96196689457 -8.1772629795 8.57132786657
-7.99599478205 8.22424310728 1.2920496702
-5.02981804408 -7.33583423349 8.68980810097
10.8258820588 1.32269124451 1.35974607559
-7.25309432684 -4.87526334438 8.64302525022
-2.08524829051 -8.72949138199 8.84125037696
-5.11746902043 -7.0239344095 8.56518315502
-8.29342616362 8.29268058632 1.26903940942
-4.81944353062 -7.25068422552 8.68458181098
11.2467008665 1.49886048889 1.42510034378
-1.17859663737 -8.81884972228 8.70690831815
-7.89333289501 8.49485240113 1.32360622065
-5.58911070161 -6.94138062245 8.76240737755
-7.32730029509 -4.69619390207 8.56193380647
-3.63292267207 -7.99369376283 8.67636630125
11.2328804348 1.74385341294 1.31410133513
-8.15749562032 8.19825168356 1.24664165835
-6.81916978295 -5.66235049736 8.80521159432
-2.83304893708 -8.4394118988 8.7206757116
-5.45785069895 -6.88116325943 8.63102727245
11.5552148805 1.32056737924 1.35971376829
-7.04515810814 -5.22624194459 8.71503271856
-7.80126772734 7.87615912391 1.26488487908
-2.53120448649 -8.42385084935 8.61429028971
-3.81274730014 -7.8965814359 8.63269834974
-4.86416351661 -7.34373380315 8.66619940182
-8.44572033896 8.57082588728 1.39350474877
10.7593544171 1.47647944654 1.23576214143
-7.74597442783 7.84898119214 1.34580067644
-3.03774813667 -8.15609701647 8.71584511742
-3.36136810436 -8.12944240719 8.7774950369
-7.26524279788 -4.8508797671 8.67214328227
-5.54930009327 -6.66469177488 8.6563563704
-8.08024337337 8.50410428826 1.42406284672
11.299286644 1.75700862075 1.39761822848
-1.86170987848 -8.60805998646 8.67689549791
-8.46626881232 8.43740602222 1.27087066614
-5.92147003937 -6.50522494347 8.64822900624
-3.46298376867 -8.05790664559 8.71533182058
-6.01304631497 -6.47349491173 8.89470300008
10.8335251255 1.42232429155 1.26043194515
-1.80892443246 -8.79180000113 8.75753603322
-3.32703057271 -8.18624691555 8.69282453637
-8.31499068508 8.41919040108 1.32480497308
-7.99291241937 8.12669240601 1.38474862612
-7.76038012402 -4.1447542049 8.649925571
-5.93878253282 -6.4334761707 8.60523971433
-8.20046368782 8.7811942781 1.26760348841
11.3944104591 1.49170466836 1.38354785871
-6.45956539993 -5.93482235848 8.74081161604
-8.23486926975 8.44633004408 1.26661850415
-3.65323326773 -8.00020316027 8.78482865996
-5.13489665045 -7.12199178985 8.67289756358
-3.10759470137 -7.99190018368 8.52113426203
10.8621079273 1.62461429353 1.39718070448
-2.29077802145 -8.64518269867 8.751920602
-7.06566624131 -5.23907943064 8.76355927417
-8.34150515652 8.40587261658 1.40189558184
-7.8433086116 7.92320280364 1.36031102314
-5.0858737396 -7.13974947675 8.74762586531
-5.81506023679 -6.60673687445 8.63409733426
-8.13727318743 8.08578199563 1.26414297137
-6.0658529771 -6.51704583246 8.83360304256
11.303600824 1.30637603721 1.37729280292
-2.63667883704 -8.28965511999 8.65802609883
-7.76972466935 7.87814063804 1.24785382862
-2.8153946586 -8.5113289914 8.78811703316
-4.36462217944 -7.63529119121 8.79686060826
11.1434637283 1.32613289408 1.28284978975
-7.15632551427 -5.09550043008 8.93353864502
-8.13093519467 8.20958223619 1.2340302505
-5.96759471052 -6.36455471508 8.71081276403
10.5108181522 1.3840282972 1.28642741392
-6.46113660868 -6.03322105741 8.66954077114
-6.92059774513 -5.42703668121 8.63640992392
-8.13780748428 8.17996026663 1.35075999695
-1.16126153909 -8.65523618481 8.64988365549
-3.05287328424 -8.18485073479 8.62816984421
-7.5984541109 8.2033330865 1.23468228586
-7.89858365417 8.04418041342 1.27912653714
-4.73841868257 -7.44923247769 8.85366674592
11.0797826534 1.29925513751 1.29133570705
-8.39292110905 8.31460662582 1.32089307339
-2.29988466227 -8.4954308703 8.75489923392
-4.43097046248 -7.68162956338 8.75245213507
-7.1062225766 -4.98153853812 8.7459673375
-6.40864387504 -5.79389483603 8.51968657859
10.9236555857 1.61318186936 1.4010522926
-8.18639512038 8.13498872941 1.28739867545
-2.96763200811 -8.31377039191 8.76625342039
-5.31121546837 -7.15507137591 8.84520623903
-7.36709510445 -4.64088999727 8.65632957895
11.4628609061 1.33857342571 1.38578169976
-1.79028317728 -8.60716687511 8.7162282898
-5.38774432366 -7.12534533864 8.73182473637
-3.1705861853 -8.21876882893 8.72512203438
-8.21446227928 8.40571582382 1.24887437104
-8.5225920907 8.43583541489 1.3939787359
-6.96969974232 -5.40774454863 8.77956404468
11.0262811332 1.72417344102 1.32089189842
-7.55812531822 8.13779989429 1.24332340207
-7.20069411877 -5.06518836313 8.63387659296
-7.95016218879 8.66649741092 1.30340521522
-3.4063543561 -8.25503081582 8.73860252856
-6.40568271655 -5.97633003499 8.64507248775
-1.76505472182 -8.77130448114 8.7489035452
-4.72982335323 -7.54181570135 8.71817527787
-8.45793212277 8.34234462787 1.43098601666
-3.42830425678 -8.2565767687 8.83776151745
-7.7431789519 8.18851922819 1.29289898371
10.924498056 1.27062209841 1.27220999558
-7.38377970534 -4.88659509494 8.76039374525
11.234725976 1.33247363063 1.24917585376
-2.92377659811 -8.27485260938 8.91527347143
-7.41679290812 8.29706842553 1.24100397799
-4.11174593577 -7.66706329958 8.77394235176
-7.56229510544 -4.73347181239 8.729205818
-8.05348265513 8.36668408357 1.45748442217
-6.07986741534 -6.37773763606 8.65358037164
-7.64427240257 8.78938542237 1.28320361657
-2.45196411591 -8.3782527194 8.7856886811
11.1561202691 1.26146689177 1.41429978295
-8.36510960293 8.30337245079 1.35487659618
-2.59683517453 -8.44643537824 8.65154082286
-6.50477428888 -5.83241111755 8.70061490939
-5.46366392856 -7.02327949729 8.78508903364
-4.35907808463 -7.70722950843 8.69126941488
-8.35239498748 8.68574801397 1.31905922581
11.0960605359 1.30111966729 1.40096565523
-1.75574273738 -8.79209915714 8.74734413086
-8.03873767199 8.29506273089 1.30863005928
-5.79332570848 -6.58188733154 8.71939668911
-7.17334832306 -5.16272611759 8.67057952938
-4.9005683324 -7.25116192261 8.60152859098
10.9712585224 1.39203216621 1.27630439054
-5.71759748843 -6.65794122306 8.80410489362
-3.55469444542 -7.99058736467 8.66818678516
-8.03445678465 8.33364178177 1.23988653835
-6.58447958532 -5.76064895611 8.6573807521
-7.91383788282 7.98478278734 1.27799062139
-2.88202113039 -8.25104364901 8.96013176988
11.2638987614 1.23778224834 1.25162211187
-5.75430533304 -6.73338406022 8.66114314571
-8.12562456558 8.43568442995 1.39803376686
-7.51555831667 8.63044607451 1.30306611674
-7.47780046356 -4.5119407713 8.7233755373
-3.48405417872 -8.03531437994 8.71953158638
-2.51300544049 -8.35863343582 8.57965664411
11.300097517 1.43746119626 1.37432045396
-7.17022322351 -5.00335493048 8.64585260509
-5.68820265194 -6.79197353723 8.77227596745
-3.69141232005 -8.00689703298 8.66318547293
-4.27126623251 -7.95836922471 8.95092745528
-8.12109866766 8.146457815 1.34041218359
-7.41629692688 8.70935742179 1.23455304686
10.946858173 1.29969493257 1.35071637754
-6.90985065918 -5.29416052906 8.57123325259
-1.55208347163 -8.83289358029 8.7845422727
-4.45119168102 -7.59133430741 8.99228145194
-8.41577582916 8.41534461666 1.33986071473
-6.42629409962 -5.90492115859 8.69262432123
-2.91662132733 -8.27444842432 8.65641332315
-7.63853231271 8.39740751717 1.232410373