0.0969144373116 0.985268775294
0.95232702627 0.0310504443618
0.986698549045 0.0199409004091
0.181439148169 0.963276573953
0.9911595437 0.020084742933
0.0346211186071 0.973650987261
0.978041884701 0.0680415345765
0.0631106013853 0.947987540965
0.975751446977 0.10532659537
0.984880461152 0.0131573965132
0.181964744559 0.928639712852
0.977336622073 0.0457694124105
0.0 0.979958931644
0.962025728552 0.0613279275008
0.035456108334 0.97966578472
0.974365681576 0.132356178231
0.114627599298 0.949960452936
0.988349785766 0.0
0.968575851331 0.0233898896317
0.953877664586 0.0786343831915
0.0601514858814 0.986474422082
0.100883477968 0.968248706948
0.979165256102 0.0110993041439
0.98822298505 0.0815407550337
0.0676200698082 0.993347530333
0.943498026392 0.140420253565
0.0190800812522 0.985155219098
0.986418323153 0.0460485407749
0.0379244893768 0.955061286302
0.0703976003533 0.989483267332
0.0330674867149 0.97329999307
0.992723885679 0.028318348441
0.0517312015654 0.990948943383
0.955665737052 0.0561755966522
0.0952330113623 0.977589727322
0.974416500635 0.0259039839405
0.990811451345 0.00117189338765
0.987332123185 0.0380324322245
0.0286014395389 0.96414391389
0.0666376338034 0.982874403787
0.958346771606 0.0366797353557
0.0852485406044 0.987119655724
0.983533751056 0.0141917752246
0.943677915959 0.075448448
0.895501011643 0.276621594492
0.0102958096759 0.977688119166
0.996405039322 0.185595079421
0.979210442151 0.04597326065
0.0972325908399 0.977136885843
0.130403466247 0.934616076408
0.983704556392 0.161303084109
0.983892509261 0.00297921482453
0.0994050883337 0.99426077725
0.0222023286097 0.976207065069
0.981773620386 0.0766362681457
0.0683540924065 0.958138045718
0.949851836211 0.0732634919005
0.951342547622 0.0312958536906
0.0535484509695 0.984284907319
0.0725091812616 0.954016674792
0.981934544706 0.140548687088
0.046178052691 0.986913442816
0.0433554852352 0.991030846112
0.978504905741 -0.0166058177325
0.0647126319144 0.989311933585
0.973735628848 0.0412833048244
0.0579611991283 0.991530759985
0.989072071647 0.0565293866
0.00476215648644 0.987383532492