0.129733851438 0.0892134170916
0.0138672083649 0.137864818233
0.00356711955753 0.179131267098
0.00986662308433 0.155907408827
0.12479619666 0.0709438817673
0.0787739733446 0.0768834015484
0.024443218838 0.136443947265
0.00244524628898 0.196475451684
0.397454932507 0.0518913353915
0.00717955196047 0.106152375374
0.0885703224396 0.107102214003
0.000634962591983 0.140365389528
0.435183117707 0.0466031450077
0.000943216701475 0.2233560417
0.0289270863339 0.100497930961
0.35437940107 0.0504442463047
0.00362081740217 0.211719458068
0.0278679564911 0.180254479127
0.027808861259 0.0616719399803
0.0100319702491 0.118221860912
0.0908829909546 0.0414428814268
0.0178171317406 0.143450149981
0.00487289330019 0.190272039795
0.00802614089594 0.172817315349
0.286506286363 0.0284042021111
0.000592066082897 0.102188717474
0.0109883348657 0.117713595398
0.134652660639 0.0742620070868
0.00249812036304 0.153647999093
0.0473878432625 0.0409747558335
0.00263915248557 0.147584269711
0.0197332350312 0.0793833179965
0.00431267573192 0.15147673613
0.183339230875 0.0450141942832
0.0126937957795 0.151087870258
0.484207297221 0.0421962621976
0.000547537931818 0.131948226989
0.206999113813 0.0803343153159
0.0552998480456 0.0937798901114
0.00924588191619 0.131873106231
0.00373326187717 0.15743643724
0.622265027728 0.0184710899054
0.00104103761901 0.138821942036
0.121274937773 0.0662592514885
0.00013086366224 0.199103960721
0.0820128252019 0.0
0.0333021449596 0.0929224071605
0.000587843940696 0.262846755482
0.0270756035831 0.155099207748
0.142648735938 0.0860492795862
0.0373013144153 0.107317837905
0.789669355615 0.0384856037755
0.00214699949423 0.19705705522
0.184403452071 0.0706282921396
0.0184401239118 0.100935807506
0.00659137665327 0.152636365347
0.000242017305899 0.219308515877
0.026713263757 0.117721576038
0.454984610345 0.0736431288969
0.0721276360132 0.107729908493
0.00396296474206 0.194161868436
0.0410206949976 0.136676874627
0.11993714388 0.109766988497
0.00284547365612 0.243393206616
0.0316439947388 0.152599791661
0.202863188708 0.100749979109
0.00717758833861 0.218950058226
0.00189616748561 0.247830820838
0.0139516426274 0.139304955236
0.0817723928658 0.0675689606654
0.692123614732 0.0173442644886
0.000574262964827 0.297033965509
0.0180387126057 0.155020685819
0.111647757609 0.102776729785
0.0682409013859 0.119062054811
0.035043995243 0.111647519035
0.0029148177613 0.129684371386
0.426121173928 0.0552893521627
0.00339445515445 0.0875819229057
0.000644058938077 0.110702900514
0.00591651661558 0.104841658137
0.404389477557 0.0644831774594
0.728283524077 0.00349516800077
0.00269971119429 0.19297827357
0.0255575278039 0.147744534438
0.070044373477 0.114314027451
0.225319842939 0.06385167762