0.606670621549 0.0741814335519
0.143033397976 0.291288795267
0.0296980725201 0.391078488424
0.287171475014 0.216685112877
0.00162085182098 0.588188136882
0.00848148587165 0.48554821235
0.0141398476916 0.461511832816
0.0551992987262 0.346265504928
0.896304775765 0.0423190619792
0.298451855134 0.205779766701
0.801435881231 0.0551442103499
0.0161020892435 0.454284492436
0.146279773744 0.239257507549
0.0693449792775 0.335078079639
0.0021197820935 0.533315646175
0.0766643437163 0.306646292599
0.578470115663 0.0829135811359
0.00207630323341 0.537981004323
0.0429150008129 0.390514236789
0.805839468816 0.0674312235267
0.00950452121753 0.451493913671
0.160848603461 0.25324888495
0.322112456556 0.177897432366
5.00730852906e-06 0.504632863666
0.268888283454 0.217101184478
0.667759721856 0.0519143082635
0.108362620328 0.30174920518
0.859081798112 0.0572753781951
0.00992207899008 0.443718961164
0.12552726337 0.293753645459
0.362322433534 0.184929872265
0.0610555312157 0.363023147539
0.58975598241 0.0609956719058
0.00204161016277 0.501833022572
0.907067484227 0.0183363477332
0.416473341346 0.145123809103
0.00937680330637 0.422908353795
0.331032110877 0.142486439286
0.0932293743311 0.271305869136
0.964565021271 0.0483016459705
0.929686208929 0.00851779632144
0.0334080175838 0.376331506151
0.208801718344 0.184915708106
0.00478109548713 0.477821295642
0.628082390197 0.0608054879097
0.0690913268917 0.340577585085
0.889228214837 0.066934259944
0.00642309001364 0.454799385238
0.1774384009 0.226331175774
0.374512042912 0.15556526581
0.912866665466 0.0491843529924
0.026505597252 0.424067853655
0.0367142003766 0.381857781659
0.343045113203 0.177724176895
0.00113098210097 0.557400759822
0.0296280426677 0.337101609212
0.514322070844 0.0163528960655
0.0120393166543 0.430084481019
0.850403720296 0.0422300009975
0.00808235602892 0.443439146301
0.161753678037 0.286171820303
0.20245366602 0.247247615678
0.458051179941 0.140845409325
0.525464953297 0.0826108034197
0.0458743446259 0.340864035118
0.114635756145 0.26581655045
0.00102237745882 0.542566831961
0.0233838872904 0.405458286965
0.509630962105 0.113420235957
0.00545381094659 0.529801222336
0.987003450283 0.0103357340394
0.186563138753 0.257627059433
0.299823700519 0.205306421742
0.10102833885 0.356204907955
0.0324531790206 0.458375591855
0.00179669924932 0.427315094497
0.848938907396 0.0780727106548
0.139184557207 0.254351890144
0.961388576521 0.0641087969168
0.274382492081 0.204822734147
0.0189371022518 0.382001420368
0.331132437034 0.138439440497
0.864341059103 0.0501580234886
0.00812099538537 0.439491747799
0.000366615965431 0.391842384961
0.165826427409 0.194039796591
0.958953990649 0.0113115822593
0.0185270882932 0.381741613044
0.755399640848 0.00432421861946
0.0781448368967 0.293845676307
0.167906391359 0.197062182893
0.179073118068 0.207379984968
0.0015223865774 0.549834213125
0.00151238480799 0.46115659135
0.117170561144 0.298221086006
0.433367236209 0.122533610765
0.0164182139427 0.419391221174
0.961967483406 0.0699591063436
0.476840469249 0.10375638409
0.0987123794596 0.301817915013
0.0731383183293 0.342173528699
0.00368827035287 0.496692420672
0.751079019867 0.0410883258831
0.193731976882 0.219457717516
0.00707970962606 0.448737508765
0.811401242244 0.0389538906101
0.588868209083 0.0918789585541
0.849161172596 0.0192262581076
0.163030702667 0.277633123949
0.0231113653106 0.371776284865
0.000470421776843 0.494195122478
0.615043676694 0.0990603357289
0.9854021217 0.0771401667926
0.243176752204 0.156516679796
0.032117288898 0.401620694024
0.00842324120526 0.493922438083
0.0267330335782 0.414537123537
0.839238250269 0.0
0.0438280100128 0.38749781696
0.27314653287 0.243924439745
0.00450359894963 0.57962905037
0.21586133961 0.273170253891
0.834800090316 0.0344244707564
0.636978057149 0.0678951506057
0.273767881975 0.234664120752
0.0178359991865 0.422413115657
0.124210229826 0.327900894565
0.0101716987494 0.489819424345
0.0554046912532 0.341119246222
0.00718186332904 0.429235250864
0.495096025669 0.116629853522
0.089003898659 0.319504541741
0.941984133348 0.069033161278
0.00311068408949 0.488764279228
0.0610231748256 0.326553417393
0.771084626607 0.0701099994266
0.0117821347008 0.412254475271
0.540078962128 0.124202954623
0.335785965938 0.194068459593
0.442789989124 0.175391683434
0.00940499093418 0.369321442259
0.704029019281 0.0813685845514