0.1063820748 0.769074293499
0.855948959589 0.00189120994615
0.00668419167166 0.855087610769
0.00929242294272 0.849706024989
0.774466984695 0.0986842769621
0.856993308216 0.00353808243529
0.0988666364963 0.772681904469
0.798574890694 0.0694882694714
0.00479002460561 0.854210561237
0.855324370496 0.00424284627764
0.848218382799 0.0122574369393
0.00160752128001 0.857511111039
0.0944596323511 0.776188156177
0.767631676463 0.108421716831
0.846886121115 0.0137140285711
0.770964097445 0.106229870763
0.00245305799601 0.858696043431
0.103164999145 0.770012138489
0.00490449752454 0.85319055441
0.858459936749 0.00676141705851
0.00268170825848 0.854214875674
0.0988235198157 0.77359991943
0.849754072257 0.0101381222768
0.00581260782746 0.853235399503
0.858579909129 0.00775900120715
0.792190447052 0.0745858160354
0.00468503349822 0.854331604512
0.854859846727 0.00688733138979
0.851207995729 0.0101291643686
0.776730634612 0.0951133042753
0.853907949004 0.00598625496123
0.0783004505871 0.788342703982
0.854780819144 0.00334313086506
0.0 0.854959075496
0.100666518242 0.771877263403
0.774643540026 0.0955939155102
0.849710156966 0.00946148335824
0.85187482806 0.0082075046887
0.00902004182659 0.849761092063
0.0911304023045 0.778939056334
0.782123430496 0.0876885808628
0.00415549392289 0.859499322795
0.00676540026648 0.852481850938
0.00316044288887 0.854156194258
0.0789404495578 0.787927104816
0.769447488875 0.105487552038
0.855109944103 0.00155652721491
0.852410440401 0.00642840738841
0.773316071682 0.0994406958547
0.00180854951135 0.855010795788
0.0803872587068 0.786393708774
0.00211231843038 0.85426538821
0.00269769593218 0.857476100267
0.10366849947 0.769073937568
0.855056838155 0.00409688890194
0.769812220261 0.103223637257
0.00620630945387 0.855063861773
0.769206330064 0.1041309898
0.0807866806585 0.786869039317
0.0104222483112 0.849302612928
0.856474621881 0.00572071442273
0.853212156345 0.00890611192693
0.00231602741025 0.853902648857
0.858781801541 0.00570467213885
0.848830630641 0.012539982613
0.0747456146851 0.791566714134
0.777918763743 0.0938691872483
0.000909981755469 0.854818429616
0.0937134505562 0.775622909746
0.773016103636 0.0982328894661
0.851345985011 0.00886878889096
0.850334592233 0.00941799993591
2.8097536735e-05 0.855328443921
0.856270925034 0.00195032632548
0.773035973014 0.101833647744
0.0930511134186 0.777603185776
0.000945949517395 0.855147860823
0.0877770395196 0.779554485727
0.850389398027 0.0159857934596
0.857079894897 0.0113624452878
0.781256044661 0.0865486094238
0.851812373638 0.0105318418475
0.00597711087906 0.854014023503
0.776184110481 0.0957813279112
0.100779586756 0.772519700295
0.8571537934 0.00727822196205
0.00342453199206 0.859575000932
0.855056732083 0.00262227619987
0.105744799975 0.768683286491
0.783391216313 0.0840631153746
0.0071325614216 0.86038434549
0.0242595761817 0.838812557286
0.0116450283121 0.851780594351
0.853472914974 0.00691010076848
0.0785774505186 0.788342314736
0.781053803071 0.0894120624626
0.0147020294236 0.848243487269
0.00322136464753 0.853729285284
0.0895079759077 0.778919443017
0.769965789978 0.102805334721
0.85443749678 0.00633205763904
0.00229373691721 0.85335130677
0.789463149856 0.0770247866971
0.104520451585 0.770043746206
0.85237222532 0.00768272427295
0.857009065781 0.00540777082925
0.0016924155177 0.855685954074
0.103623085162 0.769793796194
0.850111635102 0.00942855242214
0.786221567011 0.0824262259909
0.00528435860639 0.860265983804
0.107082551709 0.767588409154
0.856716569489 0.00329792109016
0.774477125967 0.0977982121809
0.0169902150545 0.844185224322
0.00618173175705 0.859598073288
0.0963706893891 0.773363452943
0.854807039939 0.00340368190008
0.766401175093 0.110500725212
0.85064857066 0.00942253724721
0.0968892214578 0.77380056055
0.776561058584 0.0927967843873
0.00241773483654 0.855864552136
0.00954625229924 0.850893790435
0.855332474098 0.0
0.00473231213933 0.85202936127
0.0998298984608 0.771516355258
0.782493029184 0.0848586199882
0.00349149642572 0.857096577099
0.00235570994564 0.858064010784
0.00564824322314 0.853104276678
0.851173750163 0.00696591027675
0.0797694474219 0.786171922775
0.778333446375 0.0902224344471
0.85860088199 0.00475300335728
0.850652633375 0.00987785334607
0.0922071967939 0.777144207305
0.77588910314 0.0943368341111
0.0126811113853 0.848345900343
0.856697899651 0.00624396574899
0.00930883680759 0.849268679695
0.00969286033406 0.859128202894
0.00338144306667 0.854778165723
0.778707097927 0.0900338381169
0.854614199112 0.00475471304021
0.0767347372122 0.790650633026
0.854522424163 0.00671247289329
0.00576475462657 0.855406108521
0.771338563924 0.101693581037
0.100678409637 0.771039842319
0.849031964017 0.011509921149