0.688017623999 1.06397290359
0.895697929446 0.88581665133
0.748316619185 1.12118280204
0.988079650046 0.812726019772
0.943622881511 0.840618667683
0.700840059293 1.08410048209
1.02084230087 0.756591893042
1.0947247236 0.772100508527
1.02920811644 0.810855552549
0.913803591306 0.842600654372
0.811677258947 1.04426936561
1.12097937182 0.735907984517
0.892593121454 1.07882823763
1.02733614613 0.886178482596
0.995090930238 0.953000582563
0.874263903166 1.02696094968
0.942950009603 0.919847454727
0.902061465895 0.970773915691
1.02907406918 0.83528588945
0.885813116952 1.08762764549
0.998110345078 0.968316847794
0.964949638921 0.901299409839
1.08558722341 0.867849217078
1.16803571035 0.70752958486
1.05717245088 0.824634539182
1.0946416239 0.843736232476
0.948898613999 0.577327061259
0.900811435228 0.886167551536
0.78597477823 1.05505475841
1.06840677409 0.78519301558
0.859598960065 0.926664580778
0.746376292034 1.14581867026
0.749544050168 1.02895652952
0.935255401759 0.875064262651
0.860370298997 0.931147488407
1.18997109507 0.624127520397
0.850716099124 0.948304974807
0.873979432058 0.911823103732
0.953207091657 0.935479380308
0.998764610416 0.823686264946
0.836697018101 1.03158623622
0.983893488726 0.896559324057
1.14745649718 0.646105324019
0.649848847076 1.18115810957
1.14215504378 0.729496595271