0.999768891888 0.999999999809
0.984834259753 0.999999516791
0.999999999926 0.999999999998
0.995973663615 0.999999934711
0.999999999961 0.99997550546
0.999973566792 0.999864296113
0.999567970878 0.999980719634
0.984631244724 0.982866767178
0.999999555763 0.999999870528
0.99986097818 0.98455854845
0.999005137125 0.999983907053
0.995798236371 0.999895035444
0.857641513357 0.983437974873
0.999999646639 0.9999327447
0.952480023364 0.999976278226
0.99922225426 0.994876404964
0.903150386374 0.999994728773
0.89889964039 0.999959528653
0.974988053627 0.996804206718
0.960993682813 0.999999149532
0.990150556964 0.918772298375
0.988599165069 0.999091766607
0.999574411382 0.99999880034
0.999999999839 0.999961503692
0.999983403478 0.999999999901
0.845897581535 0.99992085906
0.997915980877 0.999957858645
0.999647767699 0.999999911652
0.999999999969 0.999991352106
0.999768877755 0.999999999813
0.984833332307 0.999999525764
0.995973417388 0.999999935923
0.999999999961 0.999975960319
0.999973565175 0.999866816108
0.999567944458 0.999981077667
0.984630304863 0.983184928076
0.999999555736 0.999999872933
0.999860969678 0.98484529329
0.999005076285 0.999984205896
0.995797979416 0.999896984616
0.857632807559 0.983745528552
0.999999646617 0.999933993618
0.952477117325 0.999976718735
0.999222206698 0.994971549156
0.903144463628 0.999994826659
0.898893457694 0.999960280199
0.974986524045 0.996863551996
0.960991297419 0.999999165325
0.99014995463 0.920280681453
0.988598467862 0.99910863233
0.999574385355 0.999998822618
0.999999999839 0.999962218562
0.999983402463 0.999999999903
0.845888157548 0.999922328692
0.997915853431 0.999958641202
0.999647746159 0.999999913293
0.999999999969 0.999991512696
0.929797979352 0.949727996531
0.999999999962 0.999999995723
1.0 0.999999999875
0.999816261314 0.999950782435
0.992412440078 0.974191752589
0.955024105984 0.996872923685
0.999999999999 0.999999999998
0.920359877858 0.999953008544
0.999841679589 0.896358693747
0.999999989678 1.0
0.992117449757 0.999525552436
0.972400296592 0.999764640067
0.992330582523 0.999996469539
0.990639032318 0.999981690926
0.99741055231 0.999999958598
0.999999946487 0.999999993681
0.994280146179 0.999992208476
1.0 0.999999999998
0.99999922932 0.999999871785
0.999991763488 0.999999995804
0.998698488886 0.99973886682
0.987249694323 0.999667387814
0.996386840505 0.999967527026
0.999999999994 0.999964381493
0.999709180532 0.999839862629
0.999987069132 0.999999686448
0.979826921222 0.99997014173
0.99945096843 0.999997013711
0.99998872462 0.985553583424
0.944613924665 0.996900538036
0.999767731706 0.999999999818
0.984758126454 0.999999538429
0.995953451065 0.999999937634
0.999999999961 0.999976602312
0.999973434095 0.999870372862
0.999565802055 0.999981582999
0.984554092272 0.983633984388
0.999999553533 0.999999876326
0.999860280278 0.985250008579
0.999000142829 0.999984627687
0.995777143162 0.999899735702
0.856926861706 0.984179613701
0.999999644865 0.999935756357
0.95224146906 0.999977340474
0.999218349911 0.995105836872
0.902664193118 0.999994964816
0.898392108029 0.999961340939
0.974862491539 0.996947312671
0.9607978678 0.999999187615
0.990101111926 0.922409632395
0.988541931913 0.999132436824
0.999572274891 0.99999885406
0.999999999838 0.999963227537
0.999983320162 0.999999999905
0.845123974353 0.99992440295
0.997905518925 0.999959745713
0.999645999463 0.999999915608
0.999999999969 0.999991739354
0.929449873693 0.951070539732
0.999999999962 0.999999995837
1.0 0.999999999878
0.999815350223 0.999952096819
0.992374816196 0.974880976903
0.954801087286 0.996956434084
0.919964972172 0.999954263478
0.999840894537 0.899126495335
0.999999989627 1.0
0.992078363128 0.999538222835
0.972263439949 0.999770925492
0.99229255274 0.999996563822
0.990592614767 0.999982179881
0.997397712204 0.999999959703
0.999999946221 0.99999999385
0.994251783555 0.999992416554
0.999999225499 0.999999875209
0.999991722647 0.999999995916
0.998692035177 0.999745840534
0.987186470309 0.999676270417
0.996368924193 0.999968394236
0.999999999994 0.999965332706
0.999707738467 0.999844139191
0.999987005013 0.999999694821
0.979726890443 0.999970939113
0.999448245987 0.999997093462
0.999988668709 0.985939383412
0.944339285758 0.996983310978
0.999992201764 0.999999915138
1.0 1.0
0.999735941745 0.99942936772
0.998338890786 0.970630333309
1.0 0.999999912311
0.994058964109 0.999991712081
0.999998990991 0.998752346997
0.998295222846 0.998744293182
0.990139230276 0.99993217563
0.999990343663 0.995635524177
0.999904111856 0.959864234486
0.999766400837 0.999999995866
0.999915203546 0.890552106437
0.990340501168 0.971445360576
0.999999815274 0.99999999797
0.99997597859 0.999998418082
0.999999999977 0.999954034488
0.999673068087 0.99759111348
0.999999903954 0.999999988488
0.99999996608 0.999096132649
0.99998150806 0.999999287145
0.830668930581 0.973141909741
0.98152762289 0.99880288246
0.999999998538 0.999578071895
0.999999552826 0.999987632234
0.999272004285 0.809963186817
0.999949518012 0.954590630937
0.999999999907 0.999999985183
0.999997593857 0.999999999933
0.999768511136 0.999999999817
0.984809274055 0.999999537358
0.995967030188 0.999999937489
0.999999999961 0.999976547992
0.999973523243 0.999870071916
0.999567259106 0.999981540241
0.984605924557 0.983595988619
0.999999555031 0.999999876039
0.99986074914 0.985215764614
0.999003498079 0.999984591998
0.995791313926 0.999899502926
0.857406976423 0.984142884679
0.999999646056 0.999935607208
0.952401733759 0.999977287867
0.999220972917 0.995094474455
0.902990825733 0.999994953126
0.898733076605 0.999961251187
0.974946846212 0.996940225472
0.960929419542 0.999999185729
0.990134329914 0.922229496571
0.988580382087 0.999130422666
0.99957371022 0.9999988514
0.999999999838 0.999963142165
0.999983376135 0.999999999905
0.845643696364 0.999924227442
0.997912547436 0.999959652257
0.999647187393 0.999999915412
0.999999999969 0.999991720176
0.929686620816 0.950956943819
0.999999999962 0.999999995827
0.999815969857 0.999951985606
0.992400404248 0.974822659923
0.9549527626 0.996949368062
0.920233548056 0.999954157295
0.999841428452 0.898892304773
0.999999989662 1.0
0.992104945997 0.999537150761
0.972356516335 0.999770393666
0.992318416846 0.999996555844
0.990624183405 0.999982138509
0.997406444778 0.99999995961
0.999999946402 0.999999993836
0.994271073013 0.999992398948
0.999999228098 0.999999874919
0.999991750423 0.999999995907
0.998696424353 0.99974525047
0.987229469045 0.999675518838
0.9963811091 0.999968320859
0.999999999994 0.999965252222
0.999708719218 0.99984377734
0.999987048621 0.999999694113
0.979794921509 0.999970871644
0.999450097524 0.999997086714
0.999988706734 0.985906739918
0.944526068045 0.996976307354
0.999992227933 0.999999914941
0.999736827853 0.999428042926
0.998344465019 0.970562147924
1.0 0.999999912107
0.994078900617 0.999991692839
0.999998994377 0.998749450413
0.998300943617 0.9987413779
0.990172320349 0.999932018167
0.999990376067 0.995625391496
0.999904433631 0.959771054245
0.999767184733 0.999999995857
0.9999154881 0.89029800935
0.990372915831 0.97137906738
0.999999815893 0.999999997965
0.999976059199 0.999998414409
0.999999999977 0.999953927773
0.999674165182 0.997585520946
0.999999904276 0.999999988461
0.999999966194 0.999094034207
0.999981570114 0.99999928549
0.831237159805 0.973079555298
0.981589611187 0.9988001032
0.999999998543 0.999577092336
0.999999554327 0.999987603521
0.999274447241 0.80952199239
0.999949687416 0.95448520736
0.999999999907 0.999999985149
0.999997601931 0.999999999933
0.999728680231 0.997256078125
0.958910195276 0.996685643631
0.905577422208 0.928720081099
0.888082031183 0.997351693284
0.999999999999 0.999999999645
0.999479400372 0.996742800423
0.999970093215 0.999984927987
0.947494585793 0.999452792407
0.993734006161 0.994547788196
0.999999999999 0.999999999891
0.996051320538 0.999914241815
0.999577500976 0.999999998005
0.999999886354 0.999999999697
0.999961295746 0.999999896999
0.999971799462 0.998011686069
0.87399217686 0.999743036612
0.999955825093 0.922967235543
0.99999610867 0.999999999999
0.999999997181 0.999999910273
0.999873802969 0.999999768975
0.99999744684 0.999999865457
0.980481320243 0.909032302629
0.985762519819 0.999853278174
0.999892782117 0.999810308634
0.993213133278 0.99999784235
0.825365143975 0.99890384309
1.0 0.999999999997
0.994040644913 0.972749723658
0.999806563911 0.999999932645
0.999768468495 0.999999999815
0.98480647591 0.999999530884
0.995966287311 0.999999936615
0.999999999961 0.999976219814
0.999973518366 0.999868253759
0.999567179395 0.999981281923
0.984603088955 0.983366438015
0.999999554949 0.999999874304
0.99986072349 0.985008880451
0.999003314523 0.999984376386
0.995790538683 0.999898096614
0.857380710663 0.9839209871
0.999999645991 0.999934706123
0.952392966117 0.999976970044
0.99922082942 0.995025828663
0.902972956558 0.999994882502
0.898714423149 0.999960708953
0.974942231399 0.996897408318
0.960922222707 0.999999174335
0.990132512649 0.921141209954
0.988578278584 0.999118254179
0.999573631697 0.999998835327
0.999999999838 0.999962626393
0.999983373073 0.999999999904
0.845615263797 0.999923167114
0.997912162926 0.999959087649
0.999647122405 0.999999914229
0.999999999969 0.999991604312
0.92967366903 0.950270656611
0.999999999962 0.999999995769
1.0 0.999999999876
0.999815935959 0.999951313713
0.992399004396 0.974470339171
0.954944464859 0.996906678844
0.920218855006 0.999953515792
0.999841399243 0.897477447638
0.99999998966 1.0
0.992103491721 0.99953067385
0.972351424381 0.999767180655
0.992317001892 0.999996507648
0.990622456372 0.999981888563
0.997405967042 0.999999959045
0.999999946392 0.999999993749
0.99427001774 0.999992292582
0.999999227956 0.999999873169
0.999991748904 0.99999999585
0.998696184233 0.999741685616
0.987227116702 0.99967097819
0.996380442498 0.999967877555
0.999999999994 0.999964765976
0.999708665563 0.999841591228
0.999987046235 0.999999689832
0.979791199716 0.999970464035
0.999449996232 0.999997045947
0.999988704654 0.985709524963
0.944515849698 0.996933995113
0.999992226502 0.999999913751
0.999736779376 0.999420039207
0.998344160068 0.970150207419
1.0 0.999999910877
0.994077809945 0.999991576593
0.999998994191 0.998731950766
0.998300630649 0.99872376529
0.990170510082 0.999931066858
0.999990374294 0.995564175126
0.999904416027 0.959208107866
0.999767141848 0.999999995799
0.999915472533 0.888762887382
0.990371142514 0.97097855849
0.99999981586 0.999999997936
0.999976054789 0.999998392221
0.999999999977 0.999953283058
0.999674105163 0.997551733776
0.999999904259 0.999999988299
0.999999966188 0.999081356515
0.999981566719 0.999999275491
0.831206073541 0.972702842297
0.981586219977 0.998783312366
0.999999998543 0.99957117435
0.999999554244 0.99998743005
0.999274313594 0.806856525954
0.999949678148 0.953848293137
0.999999999907 0.999999984941
0.99999760149 0.999999999932
0.999728630254 0.997217680875
0.958902626498 0.996639263969
0.905560029487 0.9277226209
0.888061415795 0.997314634031
0.999999999999 0.99999999964
0.999479304478 0.996697220588
0.999970087706 0.999984717076
0.94748491425 0.999445135022
0.993732851959 0.994471492314
0.999999999999 0.999999999889
0.996050593188 0.999913041752
0.999577423151 0.999999997977
0.999999886333 0.999999999692
0.999961288617 0.999999895558
0.999971794268 0.997983862468
0.873968966108 0.999739440778
0.999955816956 0.921889272524
0.999996107953 0.999999999999
0.999999997181 0.999999909017
0.999873779724 0.999999765742
0.99999744637 0.999999863574
0.980477724885 0.907759340216
0.985759897263 0.999851225013
0.999892762368 0.999807654176
0.993211883131 0.999997812157
0.825332976082 0.998888503947
0.994039547194 0.972368395137
0.999806528279 0.999999931702
0.940505630427 0.993753059272
0.995528107914 0.999793347353
0.998267269776 0.999999997953
0.999999834841 0.999470312483
0.999170050909 0.950099261755
0.999996880064 0.999999999999
0.999100671929 0.99951159297
0.853915611641 0.999860887703
0.999877770163 0.999999973281
0.99687886033 0.981949116168
0.99998661218 0.999999998296
0.999920428338 0.999999999768
0.993791894573 0.999376042282
0.984630815811 0.9833141715
0.93210683341 0.999989617404
0.974029759031 0.999962315477
0.991015834889 0.999346282719
0.999686091253 0.999999874785
0.990179335778 0.999997875577
0.996325685966 0.996101407884
0.999959949401 0.9999999984
0.915636303895 0.99996940993
0.999123236397 0.999999994202
0.999985929256 0.999999954229
0.975284435931 0.99670799861
0.952417252456 0.999974784397
0.999608811085 0.999999997499
0.992479746656 0.999999921463
0.999998300544 1.0
0.999392407114 0.999999999493