0.512380723107 0.512380723107 0.512380723107
0.439269070716 0.439269070716 0.439269070716
0.442706729547 0.442706729547 0.442706729547
0.452699599603 0.452699599603 0.452699599603
0.435872784774 0.435872784774 0.435872784774
0.514588781979 0.514588781979 0.514588781979
0.56627657367 0.56627657367 0.56627657367
0.474622831373 0.474622831373 0.474622831373
0.51964358353 0.51964358353 0.51964358353
0.449610300974 0.449610300974 0.449610300974
0.452903217005 0.452903217005 0.452903217005
0.462475336761 0.462475336761 0.462475336761
0.446357015825 0.446357015825 0.446357015825
0.521758671971 0.521758671971 0.521758671971
0.571270146569 0.571270146569 0.571270146569
0.483475489744 0.483475489744 0.483475489744
0.591307934833 0.591307934833 0.591307934833
0.457113926689 0.457113926689 0.457113926689
0.463823321028 0.463823321028 0.463823321028
0.506857328371 0.506857328371 0.506857328371
0.434668469325 0.434668469325 0.434668469325
0.438062739057 0.438062739057 0.438062739057
0.447929482106 0.447929482106 0.447929482106
0.431315050286 0.431315050286 0.431315050286
0.509037517786 0.509037517786 0.509037517786
0.560072921675 0.560072921675 0.560072921675
0.46957600542 0.46957600542 0.46957600542
0.580727459345 0.580727459345 0.580727459345
0.442403051502 0.442403051502 0.442403051502
0.449318956405 0.449318956405 0.449318956405
0.529590586956 0.529590586956 0.529590586956
0.570674535362 0.570674535362 0.570674535362
0.531417250483 0.531417250483 0.531417250483
0.572009850187 0.572009850187 0.572009850187
0.492095620782 0.492095620782 0.492095620782
0.518964697145 0.518964697145 0.518964697145
0.447864704309 0.447864704309 0.447864704309
0.451207776313 0.451207776313 0.451207776313
0.460925693583 0.460925693583 0.460925693583
0.444561866824 0.444561866824 0.444561866824
0.521112001505 0.521112001505 0.521112001505
0.571377608952 0.571377608952 0.571377608952
0.482245709898 0.482245709898 0.482245709898
0.591720602313 0.591720602313 0.591720602313
0.455482621321 0.455482621321 0.455482621321
0.462294209641 0.462294209641 0.462294209641
0.541355056875 0.541355056875 0.541355056875
0.581819312383 0.581819312383 0.581819312383
0.543154167782 0.543154167782 0.543154167782
0.583134485884 0.583134485884 0.583134485884
0.504425648908 0.504425648908 0.504425648908
0.581609159953 0.581609159953 0.581609159953
0.593734300374 0.593734300374 0.593734300374
0.577700244507 0.577700244507 0.577700244507
0.455860107059 0.455860107059 0.455860107059
0.454247734506 0.454247734506 0.454247734506
0.508396309137 0.508396309137 0.508396309137
0.437976253551 0.437976253551 0.437976253551
0.441287355381 0.441287355381 0.441287355381
0.450912339112 0.450912339112 0.450912339112
0.434705001474 0.434705001474 0.434705001474
0.510523078583 0.510523078583 0.510523078583
0.560307990358 0.560307990358 0.560307990358
0.472028469706 0.472028469706 0.472028469706
0.580456441379 0.580456441379 0.580456441379
0.445521319564 0.445521319564 0.445521319564
0.452267767896 0.452267767896 0.452267767896
0.530572547332 0.530572547332 0.530572547332
0.570649838601 0.570649838601 0.570649838601
0.532354453139 0.532354453139 0.532354453139
0.571952434949 0.571952434949 0.571952434949
0.493996299459 0.493996299459 0.493996299459
0.570441695883 0.570441695883 0.570441695883
0.582450882218 0.582450882218 0.582450882218
0.566570161836 0.566570161836 0.566570161836
0.445895195362 0.445895195362 0.445895195362
0.44429824211 0.44429824211 0.44429824211
0.463535540409 0.463535540409 0.463535540409
0.489225578549 0.489225578549 0.489225578549
0.537095688965 0.537095688965 0.537095688965
0.549568051522 0.549568051522 0.549568051522
0.565456636931 0.565456636931 0.565456636931
0.536778363114 0.536778363114 0.536778363114