----------------------------------------------------------------------------------------------------
Model: Osyczka2
Optimizer: adaptiveGlobalPSO
Num Retries: 2.0
Num Changes: 500.0
----------------------------------------------------------------------------------------------------
T:2 FRONTIER
----------------------------------------------------------------------------------------------------
[-210.4088798727142, 51.09528450209535]
[-16.142870582065143, 25.000609913398456]
[-210.4088798727142, 51.09528450209535]
[-210.4088798727142, 51.09528450209535]
[-210.4088798727142, 51.09528450209535]
[-42.948889165571934, 26.156959483270928]
[-210.4088798727142, 51.09528450209535]
[-206.4204238463129, 50.423295725988595]
[-42.948889165571934, 26.156959483270928]
[-210.4088798727142, 51.09528450209535]

----------------------------------------------------------------------------------------------------
T:1 FRONTIER
----------------------------------------------------------------------------------------------------
[-50.62367209844479, 25.49949874747219]
[-54.32498201196748, 25.983923181586007]
[-50.62367209844479, 25.49949874747219]
[-50.62367209844479, 25.49949874747219]
[-206.12274708699942, 53.12016331166488]
[-206.12274708699942, 53.12016331166488]
[-208.32472956183068, 54.626618481408585]
[-206.12274708699942, 53.12016331166488]
[-208.32472956183068, 54.626618481408585]
[-206.12274708699942, 53.12016331166488]

----------------------------------------------------------------------------------------------------
FINAL NON-NORMALIZED FRONTIER:
----------------------------------------------------------------------------------------------------
-210.408879873 51.0952845021
-16.1428705821 25.0006099134
-42.9488891656 26.1569594833
-206.420423846 50.423295726
-50.6236720984 25.4994987475
-54.324982012 25.9839231816
-206.122747087 53.1201633117
-208.324729562 54.6266184814
FINAL NORMALIZED FRONTIER:
----------------------------------------------------------------------------------------------------
0.0220618530575 0.187631338207
0.428542561685 0.0
0.372453853891 0.00831462436875
0.0304072678723 0.182799465217
0.356395196916 0.00358721390586
0.348650604427 0.00707042288491
0.0310301244415 0.202191041546
0.0264227131912 0.21302306777
----------------------------------------------------------------------------------------------------
Model: Fonseca
Optimizer: adaptiveGlobalPSO
Num Retries: 2.0
Num Changes: 500.0
----------------------------------------------------------------------------------------------------
T:2 FRONTIER
----------------------------------------------------------------------------------------------------
[5.045514742940682e-05, 0.9818544845127373]
[0.002766633627843018, 0.9776662511268428]
[0.002364728417803774, 0.9779277036461904]
[0.9802578801555513, 0.0005774112226153427]
[0.9802578801555513, 0.0005774112226153427]
[0.0004449323813131567, 0.9802575835409757]
[0.9824492813465581, 0.00018617118952601874]
[0.9743429987759156, 0.007650772186514554]
[0.9802578801555513, 0.0005774112226153427]
[0.0004449323813131567, 0.9802575835409757]

----------------------------------------------------------------------------------------------------
T:1 FRONTIER
----------------------------------------------------------------------------------------------------
[9.375172988901337e-05, 0.9810071089479859]
[0.9805144051258299, 0.0002576972219728857]
[0.0006283293330073825, 0.9797711829342044]
[0.9805144051258299, 0.0002576972219728857]
[0.0023319682489008065, 0.9778418929703707]
[0.9810368563697326, 8.60422693352847e-05]
[0.9779387756045369, 0.002237644017723417]
[0.006046916902344934, 0.9752466166895768]
[0.9748175790513427, 0.006799381065757393]
[0.00022313165423692993, 0.9805841953833838]

----------------------------------------------------------------------------------------------------
FINAL NON-NORMALIZED FRONTIER:
----------------------------------------------------------------------------------------------------
5.04551474294e-05 0.981854484513
0.00276663362784 0.977666251127
0.0023647284178 0.977927703646
0.980257880156 0.000577411222615
0.000444932381313 0.980257583541
0.982449281347 0.000186171189526
0.974342998776 0.00765077218651
9.3751729889e-05 0.981007108948
0.980514405126 0.000257697221973
0.000628329333007 0.979771182934
0.0023319682489 0.97784189297
0.98103685637 8.60422693353e-05
0.977938775605 0.00223764401772
0.00604691690234 0.97524661669
0.974817579051 0.00679938106576
0.000223131654237 0.980584195383
FINAL NORMALIZED FRONTIER:
----------------------------------------------------------------------------------------------------
0.0 0.981852923097
0.00271631553251 0.977664329315
0.00231439004327 0.977925804332
0.980256884014 0.000491411235418
0.000394497138295 0.980255884712
0.982448395778 0.000100137536252
0.974341704183 0.00756538085972
4.32987671053e-05 0.981005474616
0.980513421928 0.00017166972349
0.000577903343776 0.979769442251
0.00228162822136 0.977839986273
0.981035899533 0.0
0.977937662446 0.00215178689302
0.00599676432254 0.975244486669
0.974816308404 0.00671391647703
0.000172685219666 0.98058252466
