----------------------------------------------------------------------------------------------------
Model: DTLZ1
Optimizer: adaptiveGlobalPSO
Num Retries: 1.0
Num Changes: 500.0
----------------------------------------------------------------------------------------------------
T:1 FRONTIER
----------------------------------------------------------------------------------------------------
[19.29513538534098, 47.958293524891396, 0.1360162106795926]
[13.037066214428695, 1.3965278273438282, 32.77539299547006]
[8.106331403224468, 19.806744744315633, 11.691199067463561]
[13.037066214428695, 1.3965278273438282, 32.77539299547006]
[13.037066214428695, 1.3965278273438282, 32.77539299547006]
[20.39191036684064, 4.812887023325671, 24.303498999534142]
[8.106331403224468, 19.806744744315633, 11.691199067463561]
[19.29513538534098, 47.958293524891396, 0.1360162106795926]
[13.037066214428695, 1.3965278273438282, 32.77539299547006]
[20.39191036684064, 4.812887023325671, 24.303498999534142]

----------------------------------------------------------------------------------------------------
FINAL NON-NORMALIZED FRONTIER:
----------------------------------------------------------------------------------------------------
19.2951353853 47.9582935249 0.13601621068
13.0370662144 1.39652782734 32.7753929955
8.10633140322 19.8067447443 11.6911990675
20.3919103668 4.81288702333 24.3034989995
----------------------------------------------------------------------------------------------------
Model: DTLZ2
Optimizer: adaptiveGlobalPSO
Num Retries: 1.0
Num Changes: 500.0
----------------------------------------------------------------------------------------------------
T:1 FRONTIER
----------------------------------------------------------------------------------------------------
[1.6674999319070718, 0.003235575212898029, 0.027547826309297686]
[0.01358477890150623, 0.010592516322460312, 1.2803974883925713]
[0.018987403811974148, 0.019227907891711457, 1.2693072859883086]
[1.426897450278755, 0.09380587547392384, 0.09258974702171151]
[0.013853100168503244, 1.5820468057123234, 0.028150958881610434]
[0.013853100168503244, 1.5820468057123234, 0.028150958881610434]
[1.6674999319070718, 0.003235575212898029, 0.027547826309297686]
[0.013853100168503244, 1.5820468057123234, 0.028150958881610434]
[0.002653987815721745, 0.0019401219333627098, 1.3265463945031515]
[0.005937346826296786, 0.007508209824778928, 1.2985348215908266]

----------------------------------------------------------------------------------------------------
FINAL NON-NORMALIZED FRONTIER:
----------------------------------------------------------------------------------------------------
1.66749993191 0.0032355752129 0.0275478263093
0.0135847789015 0.0105925163225 1.28039748839
0.018987403812 0.0192279078917 1.26930728599
1.42689745028 0.0938058754739 0.0925897470217
0.0138531001685 1.58204680571 0.0281509588816
0.00265398781572 0.00194012193336 1.3265463945
0.0059373468263 0.00750820982478 1.29853482159
----------------------------------------------------------------------------------------------------
Model: DTLZ3
Optimizer: adaptiveGlobalPSO
Num Retries: 1.0
Num Changes: 500.0
----------------------------------------------------------------------------------------------------
T:1 FRONTIER
----------------------------------------------------------------------------------------------------
[662.0003567252876, 30.868924347331788, 11.03367758060378]
[167.4180494918938, 220.76751746059176, 83.81979026331238]
[167.4180494918938, 220.76751746059176, 83.81979026331238]
[4.811712518749744, 0.1578782389487017, 713.9830658086008]
[167.4180494918938, 220.76751746059176, 83.81979026331238]
[4.811712518749744, 0.1578782389487017, 713.9830658086008]
[167.4180494918938, 220.76751746059176, 83.81979026331238]
[662.0003567252876, 30.868924347331788, 11.03367758060378]
[92.95804725858906, 90.25229034162126, 402.74726630763706]
[209.02205721343415, 666.8497044184112, 0.06261861149858439]

----------------------------------------------------------------------------------------------------
FINAL NON-NORMALIZED FRONTIER:
----------------------------------------------------------------------------------------------------
662.000356725 30.8689243473 11.0336775806
167.418049492 220.767517461 83.8197902633
4.81171251875 0.157878238949 713.983065809
92.9580472586 90.2522903416 402.747266308
209.022057213 666.849704418 0.0626186114986
----------------------------------------------------------------------------------------------------
Model: DTLZ4
Optimizer: adaptiveGlobalPSO
Num Retries: 1.0
Num Changes: 500.0
----------------------------------------------------------------------------------------------------
T:1 FRONTIER
----------------------------------------------------------------------------------------------------
[0.032284512625198, 6.422989742642444e-16, 3.0756761524767953]
[0.22017435160466814, 2.0906024156208853, 2.3426024405106886e-119]
[0.032284512625198, 6.422989742642444e-16, 3.0756761524767953]
[0.22017435160466814, 2.0906024156208853, 2.3426024405106886e-119]
[1.002050656893706, 6.2526074879236995e-30, 9.124868134166469e-29]
[1.002050656893706, 6.2526074879236995e-30, 9.124868134166469e-29]
[1.002050656893706, 6.2526074879236995e-30, 9.124868134166469e-29]
[1.002050656893706, 6.2526074879236995e-30, 9.124868134166469e-29]
[1.002050656893706, 6.2526074879236995e-30, 9.124868134166469e-29]
[1.002050656893706, 6.2526074879236995e-30, 9.124868134166469e-29]

----------------------------------------------------------------------------------------------------
FINAL NON-NORMALIZED FRONTIER:
----------------------------------------------------------------------------------------------------
0.0322845126252 6.42298974264e-16 3.07567615248
0.220174351605 2.09060241562 2.34260244051e-119
1.00205065689 6.25260748792e-30 9.12486813417e-29
----------------------------------------------------------------------------------------------------
Model: DTLZ5
Optimizer: adaptiveGlobalPSO
Num Retries: 1.0
Num Changes: 500.0
----------------------------------------------------------------------------------------------------
T:1 FRONTIER
----------------------------------------------------------------------------------------------------
[0.11001200555686688, 0.31394888412642047, 0.949750929320115]
[0.10997421742621462, 0.3137929441507656, 0.9499088186071651]
[0.10997421742621462, 0.3137929441507656, 0.9499088186071651]
[0.10997421742621462, 0.3137929441507656, 0.9499088186071651]
[-0.440528916651877, -0.9649498244557155, 2.5298257411682856]
[0.09264893190703848, -0.9491236942257121, 2.2826010323117414]
[-0.8729320769073433, 2.296202825967876, 1.2150830862311688]
[-0.440528916651877, -0.9649498244557155, 2.5298257411682856]
[-0.8729320769073433, 2.296202825967876, 1.2150830862311688]
[0.11001200555686688, 0.31394888412642047, 0.949750929320115]

----------------------------------------------------------------------------------------------------
FINAL NON-NORMALIZED FRONTIER:
----------------------------------------------------------------------------------------------------
0.110012005557 0.313948884126 0.94975092932
0.109974217426 0.313792944151 0.949908818607
-0.440528916652 -0.964949824456 2.52982574117
0.092648931907 -0.949123694226 2.28260103231
-0.872932076907 2.29620282597 1.21508308623
----------------------------------------------------------------------------------------------------
Model: DTLZ6
Optimizer: adaptiveGlobalPSO
Num Retries: 1.0
Num Changes: 500.0
----------------------------------------------------------------------------------------------------
T:1 FRONTIER
----------------------------------------------------------------------------------------------------
[-2.4739719757643406, -8.475779950088038, 8.632935405038669]
[-7.864633331486781, 8.765130529241741, 1.2578233333808937]
[-7.864633331486781, 8.765130529241741, 1.2578233333808937]
[-7.864633331486781, 8.765130529241741, 1.2578233333808937]
[-5.652438484082449, -6.7504111105470725, 8.728895172024341]
[-2.4739719757643406, -8.475779950088038, 8.632935405038669]
[-7.864633331486781, 8.765130529241741, 1.2578233333808937]
[10.839165132925652, 1.2756724864433746, 1.799748858742635]
[-6.479905389466109, -5.8188625040601, 8.65426917113839]
[-5.652438484082449, -6.7504111105470725, 8.728895172024341]

----------------------------------------------------------------------------------------------------
FINAL NON-NORMALIZED FRONTIER:
----------------------------------------------------------------------------------------------------
-2.47397197576 -8.47577995009 8.63293540504
-7.86463333149 8.76513052924 1.25782333338
-5.65243848408 -6.75041111055 8.72889517202
10.8391651329 1.27567248644 1.79974885874
-6.47990538947 -5.81886250406 8.65426917114
----------------------------------------------------------------------------------------------------
Model: DTLZ7
Optimizer: adaptiveGlobalPSO
Num Retries: 1.0
Num Changes: 500.0
----------------------------------------------------------------------------------------------------
T:1 FRONTIER
----------------------------------------------------------------------------------------------------
[0.8536783828623657, 0.0008906000029093031, 4.309186937319154]
[0.0002151137166295225, 0.007168064116650008, 6.007436401871259]
[0.8449192944108683, 0.00025410434223480105, 4.3154483490091735]
[0.8320534069467839, 0.00189465234938202, 4.337882206869833]
[0.8449192944108683, 0.00025410434223480105, 4.3154483490091735]
[0.0002151137166295225, 0.007168064116650008, 6.007436401871259]
[0.0002151137166295225, 0.007168064116650008, 6.007436401871259]
[0.0002151137166295225, 0.007168064116650008, 6.007436401871259]
[0.0002151137166295225, 0.007168064116650008, 6.007436401871259]
[0.0002151137166295225, 0.007168064116650008, 6.007436401871259]

----------------------------------------------------------------------------------------------------
FINAL NON-NORMALIZED FRONTIER:
----------------------------------------------------------------------------------------------------
0.853678382862 0.000890600002909 4.30918693732
0.00021511371663 0.00716806411665 6.00743640187
0.844919294411 0.000254104342235 4.31544834901
0.832053406947 0.00189465234938 4.33788220687
----------------------------------------------------------------------------------------------------
Model: Viennet2
Optimizer: adaptiveGlobalPSO
Num Retries: 1.0
Num Changes: 500.0
----------------------------------------------------------------------------------------------------
T:1 FRONTIER
----------------------------------------------------------------------------------------------------
[3.6632585622239775, -16.96292106378285, -12.814639957315677]
[3.6002425196993775, -16.899627713251164, -12.976965187668984]
[3.6016037333476265, -16.880322648115826, -12.990435558984755]
[3.6000744866856835, -16.890982857707815, -12.98428345793676]
[3.614094151546184, -16.925581324248707, -12.939420381599927]
[3.602435359102025, -16.86451086680717, -12.99452195813991]
[3.600678679244283, -16.861831841743395, -12.994648130325725]
[3.6037464651965463, -16.868535975635297, -12.99402593798056]
[3.603995401111005, -16.872958003479507, -12.993048879592203]
[3.603046387693973, -16.872599077332165, -12.993143330188238]

----------------------------------------------------------------------------------------------------
FINAL NON-NORMALIZED FRONTIER:
----------------------------------------------------------------------------------------------------
3.66325856222 -16.9629210638 -12.8146399573
3.6002425197 -16.8996277133 -12.9769651877
3.60160373335 -16.8803226481 -12.990435559
3.60007448669 -16.8909828577 -12.9842834579
3.61409415155 -16.9255813242 -12.9394203816
3.6024353591 -16.8645108668 -12.9945219581
3.60067867924 -16.8618318417 -12.9946481303
3.6037464652 -16.8685359756 -12.994025938
3.60399540111 -16.8729580035 -12.9930488796
3.60304638769 -16.8725990773 -12.9931433302
FINAL NORMALIZED FRONTIER:
----------------------------------------------------------------------------------------------------
0.0036975956781 0.00274947747644 0.0440018761233
1.41757830985e-05 0.00830106443973 0.00435409553254
9.37415767035e-05 0.00999435049633 0.00106397036074
4.35390091008e-06 0.0090593220913 0.00256661509435
0.000823832725661 0.00602462106529 0.0135243781196
0.000142351846822 0.0113812336087 6.58713174959e-05
3.96702235733e-05 0.0116162162806 3.50538830836e-05
0.000218988748785 0.011028183225 0.000187023761905
0.00023353957526 0.0106403182767 0.000425669328719
0.000178067749977 0.0106718004103 0.000402599861945
----------------------------------------------------------------------------------------------------
Model: Viennet3
Optimizer: adaptiveGlobalPSO
Num Retries: 1.0
Num Changes: 500.0
----------------------------------------------------------------------------------------------------
T:1 FRONTIER
----------------------------------------------------------------------------------------------------
[0.5176828433049347, 15.509840793217911, -0.04425344541109788]
[0.12937494186004705, 16.138499917932336, -0.08994500369828373]
[0.04585315612047766, 16.465102903391703, -0.09687613974826514]
[0.013301055085421875, 16.72123653759705, -0.0991818946836518]
[0.08375380324769147, 16.28876982563718, -0.09388912657946047]
[0.0008176892791954755, 16.96819722797463, -0.09995634549680865]
[0.21404257571483998, 15.922108433462387, -0.08103423942733434]
[0.0026075097836532274, 16.891922194309853, -0.09983975612479312]
[0.0026075097836532274, 16.891922194309853, -0.09983975612479312]
[0.03325782873389828, 16.55010498450743, -0.09785512864392798]

----------------------------------------------------------------------------------------------------
FINAL NON-NORMALIZED FRONTIER:
----------------------------------------------------------------------------------------------------
0.517682843305 15.5098407932 -0.0442534454111
0.12937494186 16.1384999179 -0.0899450036983
0.0458531561205 16.4651029034 -0.0968761397483
0.0133010550854 16.7212365376 -0.0991818946837
0.0837538032477 16.2887698256 -0.0938891265795
0.000817689279195 16.968197228 -0.0999563454968
0.214042575715 15.9221084335 -0.0810342394273
0.00260750978365 16.8919221943 -0.0998397561248
0.0332578287339 16.5501049845 -0.0978551286439
FINAL NORMALIZED FRONTIER:
----------------------------------------------------------------------------------------------------
0.0414041277473 0.0180950302911 0.187987383894
0.0102982390421 0.0404095074056 0.0337864985678
0.00360762223518 0.05200239544 0.0103951467452
0.00099999558595 0.0610939490245 0.00261363379816
0.00664370083932 0.0457433907212 0.0204757851032
0.0 0.0698599057362 0.0
0.0170806454413 0.0327286154275 0.0638587436612
0.0001433758036 0.0671524965438 0.000393468401129
0.00259865782721 0.0550195742563 0.00709123328513
