----------------------------------------------------------------------------------------------------
Model: DTLZ1
Optimizer: adaptiveGlobalPSO
Num Retries: 1.0
Num Changes: 100.0
----------------------------------------------------------------------------------------------------
T:1 FRONTIER
----------------------------------------------------------------------------------------------------
[0.3540819755100889, 222.32776355859812, 13.66703919358328]
[0.00995933734558955, 0.006393530538976784, 95.47271740541846]
[0.00995933734558955, 0.006393530538976784, 95.47271740541846]
[0.00995933734558955, 0.006393530538976784, 95.47271740541846]
[7.247067021088222, 57.96062403259466, 41.1712774985645]
[161.05079453205076, 1.7842875982795208, 15.84737731135503]
[0.00995933734558955, 0.006393530538976784, 95.47271740541846]
[38.27680176062772, 88.095863529024, 11.820877683552842]
[0.00995933734558955, 0.006393530538976784, 95.47271740541846]
[258.24488379543504, 2.9610475494004054, 0.5723692487361586]

----------------------------------------------------------------------------------------------------
FINAL NON-NORMALIZED FRONTIER:
----------------------------------------------------------------------------------------------------
0.35408197551 222.327763559 13.6670391936
0.00995933734559 0.00639353053898 95.4727174054
7.24706702109 57.9606240326 41.1712774986
161.050794532 1.78428759828 15.8473773114
38.2768017606 88.095863529 11.8208776836
258.244883795 2.9610475494 0.572369248736
----------------------------------------------------------------------------------------------------
Model: DTLZ2
Optimizer: adaptiveGlobalPSO
Num Retries: 1.0
Num Changes: 100.0
----------------------------------------------------------------------------------------------------
T:1 FRONTIER
----------------------------------------------------------------------------------------------------
[0.12406537802026725, 1.9202287491640135, 0.13358467903674487]
[0.01462346092765662, 0.02357982497446104, 1.4572886174083295]
[0.05355662183682737, 2.5159898400534666, 0.016620098825031498]
[2.0288079986090044, 0.08751790034125269, 0.045614250882827494]
[2.0288079986090044, 0.08751790034125269, 0.045614250882827494]
[0.01462346092765662, 0.02357982497446104, 1.4572886174083295]
[0.007179611267620231, 0.006875092514973435, 1.5506803409313288]
[2.0288079986090044, 0.08751790034125269, 0.045614250882827494]
[0.12702275900500612, 2.2286837707639733, 0.02167199354078535]
[0.01462346092765662, 0.02357982497446104, 1.4572886174083295]

----------------------------------------------------------------------------------------------------
FINAL NON-NORMALIZED FRONTIER:
----------------------------------------------------------------------------------------------------
0.12406537802 1.92022874916 0.133584679037
0.0146234609277 0.0235798249745 1.45728861741
0.0535566218368 2.51598984005 0.016620098825
2.02880799861 0.0875179003413 0.0456142508828
0.00717961126762 0.00687509251497 1.55068034093
0.127022759005 2.22868377076 0.0216719935408
----------------------------------------------------------------------------------------------------
Model: DTLZ3
Optimizer: adaptiveGlobalPSO
Num Retries: 1.0
Num Changes: 100.0
----------------------------------------------------------------------------------------------------
T:1 FRONTIER
----------------------------------------------------------------------------------------------------
[15.212243782028208, 507.9820066689737, 95.55085078172394]
[1068.1405886508855, 23.439083301454076, 26.049154959258228]
[1.1039952464816032, 6.460790672607753, 797.7757548578978]
[15.212243782028208, 507.9820066689737, 95.55085078172394]
[1.1039952464816032, 6.460790672607753, 797.7757548578978]
[498.71780258014167, 26.889687837895018, 139.2500998848448]
[498.71780258014167, 26.889687837895018, 139.2500998848448]
[1.1039952464816032, 6.460790672607753, 797.7757548578978]
[498.71780258014167, 26.889687837895018, 139.2500998848448]
[15.212243782028208, 507.9820066689737, 95.55085078172394]

----------------------------------------------------------------------------------------------------
FINAL NON-NORMALIZED FRONTIER:
----------------------------------------------------------------------------------------------------
15.212243782 507.982006669 95.5508507817
1068.14058865 23.4390833015 26.0491549593
1.10399524648 6.46079067261 797.775754858
498.71780258 26.8896878379 139.250099885
----------------------------------------------------------------------------------------------------
Model: DTLZ4
Optimizer: adaptiveGlobalPSO
Num Retries: 1.0
Num Changes: 100.0
----------------------------------------------------------------------------------------------------
T:1 FRONTIER
----------------------------------------------------------------------------------------------------
[1.165420967828672, 6.201708404316445e-33, 6.2640428022498085e-52]
[1.165420967828672, 6.201708404316445e-33, 6.2640428022498085e-52]
[1.165420967828672, 6.201708404316445e-33, 6.2640428022498085e-52]
[0.0751066488252374, 2.160134299864948, 6.669433530326171e-18]
[1.165420967828672, 6.201708404316445e-33, 6.2640428022498085e-52]
[0.1481303145663621, 1.8077736015949262, 1.5330387277402673e-40]
[0.035835576818623746, 8.103179545611272e-127, 2.0521316749038747]
[0.1481303145663621, 1.8077736015949262, 1.5330387277402673e-40]
[1.165420967828672, 6.201708404316445e-33, 6.2640428022498085e-52]
[0.035835576818623746, 8.103179545611272e-127, 2.0521316749038747]

----------------------------------------------------------------------------------------------------
FINAL NON-NORMALIZED FRONTIER:
----------------------------------------------------------------------------------------------------
1.16542096783 6.20170840432e-33 6.26404280225e-52
0.0751066488252 2.16013429986 6.66943353033e-18
0.148130314566 1.80777360159 1.53303872774e-40
0.0358355768186 8.10317954561e-127 2.0521316749
----------------------------------------------------------------------------------------------------
Model: DTLZ5
Optimizer: adaptiveGlobalPSO
Num Retries: 1.0
Num Changes: 100.0
----------------------------------------------------------------------------------------------------
T:1 FRONTIER
----------------------------------------------------------------------------------------------------
[0.11285037681230095, 0.36531093688189226, 1.1370505459888547]
[0.042761552963280644, -1.1009765756923413, 2.4518985093870347]
[0.10127068780342634, 0.39726822207470747, 1.1180630507771536]
[0.042761552963280644, -1.1009765756923413, 2.4518985093870347]
[-0.8511087702099567, 1.9988746104438408, 1.2622355074976521]
[0.10127068780342634, 0.39726822207470747, 1.1180630507771536]
[-0.8511087702099567, 1.9988746104438408, 1.2622355074976521]
[-0.8668198260387354, -0.4263385350794337, 2.622570883545295]
[0.042761552963280644, -1.1009765756923413, 2.4518985093870347]
[0.10127068780342634, 0.39726822207470747, 1.1180630507771536]

----------------------------------------------------------------------------------------------------
FINAL NON-NORMALIZED FRONTIER:
----------------------------------------------------------------------------------------------------
0.112850376812 0.365310936882 1.13705054599
0.0427615529633 -1.10097657569 2.45189850939
0.101270687803 0.397268222075 1.11806305078
-0.85110877021 1.99887461044 1.2622355075
-0.866819826039 -0.426338535079 2.62257088355
----------------------------------------------------------------------------------------------------
Model: DTLZ6
Optimizer: adaptiveGlobalPSO
Num Retries: 1.0
Num Changes: 100.0
----------------------------------------------------------------------------------------------------
T:1 FRONTIER
----------------------------------------------------------------------------------------------------
[-7.865349206211756, 8.837967290022547, 1.4066364113599805]
[-4.528168986440323, -7.186534107703125, 9.173399080655154]
[-6.98473981152272, 8.386174995112977, 1.3021769174857847]
[10.317283356386483, 2.0404769675010463, 1.2317582545041177]
[-7.110274671708277, -4.891534800005189, 8.634110062976905]
[-7.110274671708277, -4.891534800005189, 8.634110062976905]
[-0.9015598470511936, -8.759749903646297, 8.659574606299326]
[-7.865349206211756, 8.837967290022547, 1.4066364113599805]
[-3.0710357226671743, -8.093328571852021, 8.810393240266011]
[-7.551784587331225, 7.959357847365578, 1.4940880827261651]

----------------------------------------------------------------------------------------------------
FINAL NON-NORMALIZED FRONTIER:
----------------------------------------------------------------------------------------------------
-7.86534920621 8.83796729002 1.40663641136
-4.52816898644 -7.1865341077 9.17339908066
-6.98473981152 8.38617499511 1.30217691749
10.3172833564 2.0404769675 1.2317582545
-7.11027467171 -4.89153480001 8.63411006298
-0.901559847051 -8.75974990365 8.6595746063
-3.07103572267 -8.09332857185 8.81039324027
-7.55178458733 7.95935784737 1.49408808273
----------------------------------------------------------------------------------------------------
Model: DTLZ7
Optimizer: adaptiveGlobalPSO
Num Retries: 1.0
Num Changes: 100.0
----------------------------------------------------------------------------------------------------
T:1 FRONTIER
----------------------------------------------------------------------------------------------------
[0.0029182499194831957, 0.08893991558267, 6.152065263482155]
[0.028434818240662407, 0.005842476242657435, 5.970199793836617]
[0.028434818240662407, 0.005842476242657435, 5.970199793836617]
[0.8562895070396811, 0.003396823899243784, 4.310890057527325]
[0.8237762632133468, 0.006411781201496436, 4.362585949582368]
[0.028434818240662407, 0.005842476242657435, 5.970199793836617]
[0.8562895070396811, 0.003396823899243784, 4.310890057527325]
[0.0029182499194831957, 0.08893991558267, 6.152065263482155]
[0.028434818240662407, 0.005842476242657435, 5.970199793836617]
[0.8562895070396811, 0.003396823899243784, 4.310890057527325]

----------------------------------------------------------------------------------------------------
FINAL NON-NORMALIZED FRONTIER:
----------------------------------------------------------------------------------------------------
0.00291824991948 0.0889399155827 6.15206526348
0.0284348182407 0.00584247624266 5.97019979384
0.85628950704 0.00339682389924 4.31089005753
0.823776263213 0.0064117812015 4.36258594958
----------------------------------------------------------------------------------------------------
Model: Viennet2
Optimizer: adaptiveGlobalPSO
Num Retries: 1.0
Num Changes: 100.0
----------------------------------------------------------------------------------------------------
T:1 FRONTIER
----------------------------------------------------------------------------------------------------
[3.6024400002609918, -16.861728993183114, -12.994719326533804]
[3.7243617874419837, -16.97990654483726, -12.696805863267073]
[3.600676261053985, -16.878352470743557, -12.991203524422863]
[3.602112316773714, -16.870733894974112, -12.993557545142197]
[3.602441575647163, -16.874146592400955, -12.992707240707643]
[3.6000023122065548, -16.893245433825506, -12.982585298612655]
[3.676857489674996, -16.955961510540952, -12.847890453121247]
[3.600154776211033, -16.88265560630505, -12.9892640580267]
[3.603246531888915, -16.908526018871846, -12.967006559211104]
[3.6111983864166346, -16.92687977721073, -12.93658096983037]

----------------------------------------------------------------------------------------------------
FINAL NON-NORMALIZED FRONTIER:
----------------------------------------------------------------------------------------------------
3.60244000026 -16.8617289932 -12.9947193265
3.72436178744 -16.9799065448 -12.6968058633
3.60067626105 -16.8783524707 -12.9912035244
3.60211231677 -16.870733895 -12.9935575451
3.60244157565 -16.8741465924 -12.9927072407
3.60000231221 -16.8932454338 -12.9825852986
3.67685748967 -16.9559615105 -12.8478904531
3.60015477621 -16.8826556063 -12.989264058
3.60324653189 -16.9085260189 -12.9670065592
3.61119838642 -16.9268797772 -12.9365809698
FINAL NORMALIZED FRONTIER:
----------------------------------------------------------------------------------------------------
0.000134988501634 0.0113339117093 8.02611640291e-06
0.00688045698088 0.00160761237385 0.0330631246078
3.74075236845e-05 0.00996575915841 0.000398123239839
0.000116859021369 0.0105927864356 0.00013693200036
0.000135075661755 0.0103119131543 0.000231277843356
1.20498845998e-07 0.00874003214936 0.00135436167181
0.00425222497555 0.00357834681455 0.0162994780663
8.55575197186e-06 0.00961160065736 0.000613317451081
0.000179610827139 0.00748240291182 0.00308290646345
0.00061955667528 0.00597184405326 0.00645878898521
----------------------------------------------------------------------------------------------------
Model: Viennet3
Optimizer: adaptiveGlobalPSO
Num Retries: 1.0
Num Changes: 100.0
----------------------------------------------------------------------------------------------------
T:1 FRONTIER
----------------------------------------------------------------------------------------------------
[0.1664720396646629, 16.027462355436324, -0.08517713918656833]
[0.08599225436586247, 16.27687172888946, -0.09361971039871042]
[0.038179775311472375, 16.508771150825957, -0.0973712525499747]
[0.08599225436586247, 16.27687172888946, -0.09361971039871042]
[0.0009167428812855912, 16.96567806876441, -0.09993882438800006]
[0.0009167428812855912, 16.96567806876441, -0.09993882438800006]
[0.0059471554473626, 16.850365236620434, -0.09967590524793124]
[0.020740722806842783, 16.651470678605858, -0.09856302439040376]
[0.0009167428812855912, 16.96567806876441, -0.09993882438800006]
[0.0059471554473626, 16.850365236620434, -0.09967590524793124]

----------------------------------------------------------------------------------------------------
FINAL NON-NORMALIZED FRONTIER:
----------------------------------------------------------------------------------------------------
0.166472039665 16.0274623554 -0.0851771391866
0.0859922543659 16.2768717289 -0.0936197103987
0.0381797753115 16.5087711508 -0.09737125255
0.000916742881286 16.9656780688 -0.099938824388
0.00594715544736 16.8503652366 -0.0996759052479
0.0207407228068 16.6514706786 -0.0985630243904
FINAL NORMALIZED FRONTIER:
----------------------------------------------------------------------------------------------------
0.013218477777 0.0228532583234 0.0498210083549
0.0067927078129 0.0284018188519 0.0213271470405
0.00297520270056 0.0335608389853 0.00866561075166
0.0 0.0437255559522 0.0
0.000401644634789 0.0411602144015 0.000887357811476
0.0015828115632 0.0367354468852 0.00464335489069
