----------------------------------------------------------------------------------------------------
Model: DTLZ1
Optimizer: adaptiveGlobalPSO
Num Retries: 2.0
Num Changes: 200.0
----------------------------------------------------------------------------------------------------
T:2 FRONTIER
----------------------------------------------------------------------------------------------------
[4.428706241334077, 4.323902741174713, 71.09805835089146]
[0.6080361104015677, 80.98340384426898, 9.683009229771086]
[6.756649803813391, 2.841781501459691, 80.36303203204153]
[23.165023528240113, 24.766169408502716, 18.758707863804407]
[92.03640280876816, 0.7377966934672509, 22.940341359904618]
[23.165023528240113, 24.766169408502716, 18.758707863804407]
[0.6080361104015677, 80.98340384426898, 9.683009229771086]
[92.03640280876816, 0.7377966934672509, 22.940341359904618]
[4.428706241334077, 4.323902741174713, 71.09805835089146]
[23.165023528240113, 24.766169408502716, 18.758707863804407]

----------------------------------------------------------------------------------------------------
T:1 FRONTIER
----------------------------------------------------------------------------------------------------
[156.04132826568832, 18.03428117425361, 0.8493248499902345]
[6.800040321973553, 15.683350953210738, 32.609153643775244]
[6.800040321973553, 15.683350953210738, 32.609153643775244]
[6.800040321973553, 15.683350953210738, 32.609153643775244]
[6.800040321973553, 15.683350953210738, 32.609153643775244]
[6.800040321973553, 15.683350953210738, 32.609153643775244]
[6.800040321973553, 15.683350953210738, 32.609153643775244]
[20.1298453743686, 88.28170026394108, 10.173644291412629]
[0.15808628154507218, 0.21120276201238938, 149.95970740543476]
[20.1298453743686, 88.28170026394108, 10.173644291412629]

----------------------------------------------------------------------------------------------------
FINAL NON-NORMALIZED FRONTIER:
----------------------------------------------------------------------------------------------------
4.42870624133 4.32390274117 71.0980583509
0.608036110402 80.9834038443 9.68300922977
6.75664980381 2.84178150146 80.363032032
23.1650235282 24.7661694085 18.7587078638
92.0364028088 0.737796693467 22.9403413599
156.041328266 18.0342811743 0.84932484999
6.80004032197 15.6833509532 32.6091536438
20.1298453744 88.2817002639 10.1736442914
0.158086281545 0.211202762012 149.959707405
