----------------------------------------------------------------------------------------------------
Model: Osyczka2
Optimizer: 60NP_PSOProbs
Num Retries: 30.0
Num Changes: 100.0
----------------------------------------------------------------------------------------------------
T:30 FRONTIER
----------------------------------------------------------------------------------------------------
[-177.71929000057125, 56.31614353674378]
[-83.81709993226895, 36.0688620579824]
[-27.054152777746054, 29.417865428301333]
[-83.81709993226895, 36.0688620579824]
[-213.70767467524522, 86.28603430265764]
[-183.88770113867153, 59.258038834478704]
[-194.40610293793367, 67.419546783129]
[-27.054152777746054, 29.417865428301333]
[-177.71929000057125, 56.31614353674378]
[-213.70767467524522, 86.28603430265764]

----------------------------------------------------------------------------------------------------
T:29 FRONTIER
----------------------------------------------------------------------------------------------------
[-196.85197565949034, 55.11442447906792]
[-201.40075550817028, 57.524272855903845]
[-201.40075550817028, 57.524272855903845]
[-201.40075550817028, 57.524272855903845]
[-203.4241554733061, 63.6869322921295]
[-23.405856972280247, 27.470494628646886]
[-184.71948334907276, 51.615077783809205]
[-23.405856972280247, 27.470494628646886]
[-184.71948334907276, 51.615077783809205]
[-7.0734044652853, 26.176916177735485]

----------------------------------------------------------------------------------------------------
T:28 FRONTIER
----------------------------------------------------------------------------------------------------
[-8.769157284090191, 27.232729879496976]
[-66.17438605348133, 30.918835417764708]
[-203.7427461879865, 69.51038491440164]
[-66.17438605348133, 30.918835417764708]
[-203.7427461879865, 69.51038491440164]
[-66.17438605348133, 30.918835417764708]
[-203.7427461879865, 69.51038491440164]
[-203.7427461879865, 69.51038491440164]
[-43.99172416690865, 29.421935596186213]
[-191.8029802147324, 66.04583037501092]

----------------------------------------------------------------------------------------------------
T:27 FRONTIER
----------------------------------------------------------------------------------------------------
[-181.22945255251298, 58.3967657007334]
[-24.50243080130233, 26.56011415014243]
[-199.97785914362424, 78.68888936965861]
[-176.46193027712192, 55.81043165949525]
[-24.50243080130233, 26.56011415014243]
[-45.96552885537729, 29.318283414636905]
[-176.46193027712192, 55.81043165949525]
[-199.97785914362424, 78.68888936965861]
[-176.46193027712192, 55.81043165949525]
[-24.50243080130233, 26.56011415014243]

----------------------------------------------------------------------------------------------------
T:26 FRONTIER
----------------------------------------------------------------------------------------------------
[11.90414406346288, 28.42002093426267]
[-217.46169603001812, 86.54441106738102]
[11.90414406346288, 28.42002093426267]
[-159.57674779691754, 50.13375460353666]
[-210.23430719801965, 68.85127956080719]
[-159.57674779691754, 50.13375460353666]
[-210.23430719801965, 68.85127956080719]
[-159.57674779691754, 50.13375460353666]
[11.90414406346288, 28.42002093426267]
[-210.23430719801965, 68.85127956080719]

----------------------------------------------------------------------------------------------------
T:25 FRONTIER
----------------------------------------------------------------------------------------------------
[-18.519854615413067, 25.583987914217072]
[-152.69129091014324, 49.98305787181928]
[-194.95345012488428, 59.03958074221562]
[-18.519854615413067, 25.583987914217072]
[-18.519854615413067, 25.583987914217072]
[-194.95345012488428, 59.03958074221562]
[-194.95345012488428, 59.03958074221562]
[-18.519854615413067, 25.583987914217072]
[-194.95345012488428, 59.03958074221562]
[-194.95345012488428, 59.03958074221562]

----------------------------------------------------------------------------------------------------
T:24 FRONTIER
----------------------------------------------------------------------------------------------------
[-23.36063098101522, 26.660955987809224]
[-207.8261164786676, 58.16021702645621]
[-207.8261164786676, 58.16021702645621]
[-61.51132666052732, 30.70953350789213]
[-207.8261164786676, 58.16021702645621]
[-207.8261164786676, 58.16021702645621]
[-207.8261164786676, 58.16021702645621]
[-207.8261164786676, 58.16021702645621]
[-23.36063098101522, 26.660955987809224]
[-46.77877740550442, 28.504904600401392]

----------------------------------------------------------------------------------------------------
T:23 FRONTIER
----------------------------------------------------------------------------------------------------
[-199.591238917452, 53.25053925642932]
[-57.53973938937159, 29.81524027697999]
[-57.53973938937159, 29.81524027697999]
[-199.591238917452, 53.25053925642932]
[-199.591238917452, 53.25053925642932]
[-199.591238917452, 53.25053925642932]
[-199.591238917452, 53.25053925642932]
[-167.38982316178365, 47.59296937695584]
[-32.33032620676447, 28.595651089600267]
[-199.591238917452, 53.25053925642932]

----------------------------------------------------------------------------------------------------
T:22 FRONTIER
----------------------------------------------------------------------------------------------------
[-42.024291549563436, 28.057837437981014]
[-62.66125322523791, 29.31007126243416]
[-62.66125322523791, 29.31007126243416]
[-62.66125322523791, 29.31007126243416]
[-192.4357318832899, 53.30712564125673]
[-192.4357318832899, 53.30712564125673]
[-192.4357318832899, 53.30712564125673]
[-210.43670747653624, 74.43590673405394]
[-192.4357318832899, 53.30712564125673]
[-210.43670747653624, 74.43590673405394]

----------------------------------------------------------------------------------------------------
T:21 FRONTIER
----------------------------------------------------------------------------------------------------
[-56.571985148741035, 27.861700345361445]
[-56.571985148741035, 27.861700345361445]
[-38.82915387180421, 26.67631014711478]
[-191.08465371095278, 52.71004848569557]
[-38.82915387180421, 26.67631014711478]
[-191.08465371095278, 52.71004848569557]
[-191.08465371095278, 52.71004848569557]
[-191.08465371095278, 52.71004848569557]
[-191.08465371095278, 52.71004848569557]
[-200.81939986411203, 68.7219884038238]

----------------------------------------------------------------------------------------------------
T:20 FRONTIER
----------------------------------------------------------------------------------------------------
[-5.988376200645098, 27.015772907045495]
[-201.6753830909466, 64.60990956197924]
[-168.48372717729995, 51.16726493283244]
[-5.988376200645098, 27.015772907045495]
[-195.62699352326015, 60.826920230912975]
[-201.6753830909466, 64.60990956197924]
[-5.988376200645098, 27.015772907045495]
[-195.62699352326015, 60.826920230912975]
[-206.907727669553, 75.29524785252968]
[-168.48372717729995, 51.16726493283244]

----------------------------------------------------------------------------------------------------
T:19 FRONTIER
----------------------------------------------------------------------------------------------------
[-200.7742600931471, 65.7272708285121]
[-194.8600796481704, 62.561047117945066]
[-68.28287329782893, 29.43854310427495]
[-68.28287329782893, 29.43854310427495]
[-68.28287329782893, 29.43854310427495]
[-200.7742600931471, 65.7272708285121]
[-172.81173971226184, 53.47702819833769]
[-68.28287329782893, 29.43854310427495]
[-194.8600796481704, 62.561047117945066]
[-172.81173971226184, 53.47702819833769]

----------------------------------------------------------------------------------------------------
T:18 FRONTIER
----------------------------------------------------------------------------------------------------
[-215.85930861173318, 60.44366967757028]
[-76.48292295129181, 31.690729436744732]
[-76.48292295129181, 31.690729436744732]
[-215.85930861173318, 60.44366967757028]
[-215.85930861173318, 60.44366967757028]
[-215.85930861173318, 60.44366967757028]
[-215.85930861173318, 60.44366967757028]
[-76.48292295129181, 31.690729436744732]
[-215.85930861173318, 60.44366967757028]
[-1.3050860777914757, 26.55117110382875]

----------------------------------------------------------------------------------------------------
T:17 FRONTIER
----------------------------------------------------------------------------------------------------
[-184.04813066560163, 51.315341705760005]
[-208.86813272425604, 64.85915419558913]
[-183.1734036191802, 51.73560489999029]
[-205.40668215970095, 59.87818470364594]
[-205.40668215970095, 59.87818470364594]
[-205.40668215970095, 59.87818470364594]
[-208.86813272425604, 64.85915419558913]
[-9.369169927377953, 26.603564673749936]
[-21.760728466912028, 27.85380960669589]
[-9.369169927377953, 26.603564673749936]

----------------------------------------------------------------------------------------------------
T:16 FRONTIER
----------------------------------------------------------------------------------------------------
[-23.98483151134538, 28.112310369357953]
[-200.38941329757054, 52.774909093092575]
[-200.38941329757054, 52.774909093092575]
[-206.84407932941278, 57.41263196359992]
[-200.38941329757054, 52.774909093092575]
[-206.84407932941278, 57.41263196359992]
[-7.846593662910296, 27.272222971424977]
[-200.38941329757054, 52.774909093092575]
[-206.84407932941278, 57.41263196359992]
[-43.500205826042105, 30.318246555527857]

----------------------------------------------------------------------------------------------------
T:15 FRONTIER
----------------------------------------------------------------------------------------------------
[-202.19357860003117, 58.14459255420917]
[-161.2447217827084, 47.82630010247954]
[-13.307417624730213, 24.199753927179486]
[-15.8587928293208, 24.4083036432651]
[-202.19357860003117, 58.14459255420917]
[-172.78058975732893, 49.80923514409762]
[-202.19357860003117, 58.14459255420917]
[-202.19357860003117, 58.14459255420917]
[-195.67509117309984, 55.631578508466376]
[-13.307417624730213, 24.199753927179486]

----------------------------------------------------------------------------------------------------
T:14 FRONTIER
----------------------------------------------------------------------------------------------------
[-198.80110100363677, 54.93830694326563]
[-11.656907571806954, 24.448619514743342]
[-217.9704453862101, 71.18530741024854]
[-212.64305783508533, 64.87817234476633]
[-191.5656078480606, 53.16233054020379]
[-11.656907571806954, 24.448619514743342]
[-217.9704453862101, 71.18530741024854]
[-14.207043932125819, 24.879759886130927]
[-198.80110100363677, 54.93830694326563]
[-191.5656078480606, 53.16233054020379]

----------------------------------------------------------------------------------------------------
T:13 FRONTIER
----------------------------------------------------------------------------------------------------
[-219.27704372736932, 65.67960883810332]
[-207.45705683906343, 57.98993047454856]
[-82.5526405051438, 31.17064166230599]
[-82.5526405051438, 31.17064166230599]
[-219.27704372736932, 65.67960883810332]
[-82.5526405051438, 31.17064166230599]
[-219.27704372736932, 65.67960883810332]
[-35.41341843509639, 29.23434010905509]
[-211.61056401948952, 57.09204629540844]
[-207.45705683906343, 57.98993047454856]

----------------------------------------------------------------------------------------------------
T:12 FRONTIER
----------------------------------------------------------------------------------------------------
[-184.08812545671287, 55.24219410841576]
[-16.68839995512186, 25.641791272548794]
[-184.08812545671287, 55.24219410841576]
[-16.68839995512186, 25.641791272548794]
[-184.08812545671287, 55.24219410841576]
[-189.85144276136606, 59.40734322304462]
[-184.08812545671287, 55.24219410841576]
[-189.85144276136606, 59.40734322304462]
[-7.460652214118962, 25.27389825222525]
[-16.68839995512186, 25.641791272548794]

----------------------------------------------------------------------------------------------------
T:11 FRONTIER
----------------------------------------------------------------------------------------------------
[-208.9977853470334, 57.41815447593651]
[-203.25794929123134, 55.76516572682328]
[-196.1191188894872, 54.62951986866614]
[-211.17444051421307, 58.9160042113927]
[-210.93413011836887, 58.20612462216005]
[-18.353304890935085, 27.013134575954158]
[-210.93413011836887, 58.20612462216005]
[-18.353304890935085, 27.013134575954158]
[-210.93413011836887, 58.20612462216005]
[-18.353304890935085, 27.013134575954158]

----------------------------------------------------------------------------------------------------
T:10 FRONTIER
----------------------------------------------------------------------------------------------------
[-63.12375727516479, 26.58817436773437]
[-79.24376209784596, 29.821047711928905]
[-80.40346656905587, 30.030828014506106]
[-63.12375727516479, 26.58817436773437]
[-219.3395340551787, 72.82758382697838]
[-219.3395340551787, 72.82758382697838]
[-52.76391761603665, 26.679314867998038]
[-219.3395340551787, 72.82758382697838]
[-219.3395340551787, 72.82758382697838]
[-194.76251447335343, 64.7092048455347]

----------------------------------------------------------------------------------------------------
T:9 FRONTIER
----------------------------------------------------------------------------------------------------
[-204.6255381255466, 54.31327001187347]
[-63.57541741181674, 29.139198805752546]
[-204.6255381255466, 54.31327001187347]
[-63.57541741181674, 29.139198805752546]
[-204.6255381255466, 54.31327001187347]
[-63.57541741181674, 29.139198805752546]
[-204.6255381255466, 54.31327001187347]
[-63.57541741181674, 29.139198805752546]
[-208.51281833479268, 59.95681181045661]
[-204.6255381255466, 54.31327001187347]

----------------------------------------------------------------------------------------------------
T:8 FRONTIER
----------------------------------------------------------------------------------------------------
[-60.96302568213095, 27.810872527240136]
[-208.55297120666341, 54.19932904629729]
[-61.10559183723947, 27.620975545277048]
[-53.27780774570425, 27.01986306553688]
[-209.08044438587547, 54.441229026046614]
[-53.27780774570425, 27.01986306553688]
[-209.08044438587547, 54.441229026046614]
[-208.55297120666341, 54.19932904629729]
[-209.08044438587547, 54.441229026046614]
[-208.55297120666341, 54.19932904629729]

----------------------------------------------------------------------------------------------------
T:7 FRONTIER
----------------------------------------------------------------------------------------------------
[-47.24594832730084, 26.306294903187393]
[-212.89284357662356, 57.365631098549045]
[-212.89284357662356, 57.365631098549045]
[-212.89284357662356, 57.365631098549045]
[-38.23142826180183, 26.384817044891197]
[-212.89284357662356, 57.365631098549045]
[-45.93018246809746, 26.656275853579693]
[-212.89284357662356, 57.365631098549045]
[-46.17306175545255, 26.350783353450087]
[-213.9079102667548, 59.52757526743292]

----------------------------------------------------------------------------------------------------
T:6 FRONTIER
----------------------------------------------------------------------------------------------------
[-33.8225566707528, 25.956995889087832]
[-213.22983392170113, 60.190250835115215]
[-213.22983392170113, 60.190250835115215]
[-35.72019637415973, 26.369300719497026]
[-213.5369993267515, 60.43182728806737]
[-213.22983392170113, 60.190250835115215]
[-213.5369993267515, 60.43182728806737]
[-42.670390350041615, 27.506205841701558]
[-178.57909114892834, 52.15011750603423]
[-31.66600465923362, 26.064202337920907]

----------------------------------------------------------------------------------------------------
T:5 FRONTIER
----------------------------------------------------------------------------------------------------
[-22.38663129142183, 25.702021895714136]
[-19.31318731604803, 24.33189350572837]
[-18.90207234769122, 26.1374777054835]
[-209.17546218953802, 50.28216577783761]
[-209.17546218953802, 50.28216577783761]
[-209.17546218953802, 50.28216577783761]
[-209.17546218953802, 50.28216577783761]
[-209.17546218953802, 50.28216577783761]
[-209.17546218953802, 50.28216577783761]
[-209.17546218953802, 50.28216577783761]

----------------------------------------------------------------------------------------------------
T:4 FRONTIER
----------------------------------------------------------------------------------------------------
[-214.17681111385326, 56.903725976554355]
[-214.17681111385326, 56.903725976554355]
[-214.17681111385326, 56.903725976554355]
[-214.17681111385326, 56.903725976554355]
[-68.47344208278614, 29.02838634143425]
[-68.47344208278614, 29.02838634143425]
[-29.469523368834473, 25.78796754676955]
[-16.451109802859303, 25.837794421689985]
[-214.17681111385326, 56.903725976554355]
[-214.17681111385326, 56.903725976554355]

----------------------------------------------------------------------------------------------------
T:3 FRONTIER
----------------------------------------------------------------------------------------------------
[-27.702792474472645, 25.13379964943838]
[-202.34525474523042, 51.51817808051955]
[-202.34525474523042, 51.51817808051955]
[-27.702792474472645, 25.13379964943838]
[-27.702792474472645, 25.13379964943838]
[-198.5501288932484, 49.21855148976879]
[-202.34525474523042, 51.51817808051955]
[-199.36852519863726, 50.43187560027357]
[-202.34525474523042, 51.51817808051955]
[-198.5501288932484, 49.21855148976879]

----------------------------------------------------------------------------------------------------
T:2 FRONTIER
----------------------------------------------------------------------------------------------------
[-217.73736086164882, 58.93377650585987]
[-79.71076941758542, 28.44502271836183]
[-48.11862921115352, 26.47160286764864]
[-79.71076941758542, 28.44502271836183]
[-217.73736086164882, 58.93377650585987]
[-217.73736086164882, 58.93377650585987]
[-217.73736086164882, 58.93377650585987]
[-217.73736086164882, 58.93377650585987]
[-211.24709224999685, 56.88346897653712]
[-79.71076941758542, 28.44502271836183]

----------------------------------------------------------------------------------------------------
T:1 FRONTIER
----------------------------------------------------------------------------------------------------
[-181.32676323404158, 53.76914635369468]
[-2.219800031621613, 28.50848745710565]
[-181.32676323404158, 53.76914635369468]
[-181.32676323404158, 53.76914635369468]
[-181.32676323404158, 53.76914635369468]
[-181.32676323404158, 53.76914635369468]
[-181.32676323404158, 53.76914635369468]
[-26.759246112894328, 31.61325875774663]
[-2.219800031621613, 28.50848745710565]
[-181.32676323404158, 53.76914635369468]

----------------------------------------------------------------------------------------------------
FINAL NON-NORMALIZED FRONTIER:
----------------------------------------------------------------------------------------------------
-177.719290001 56.3161435367
-83.8170999323 36.068862058
-27.0541527777 29.4178654283
-213.707674675 86.2860343027
-183.887701139 59.2580388345
-194.406102938 67.4195467831
-196.851975659 55.1144244791
-201.400755508 57.5242728559
-203.424155473 63.6869322921
-23.4058569723 27.4704946286
-184.719483349 51.6150777838
-7.07340446529 26.1769161777
-8.76915728409 27.2327298795
-66.1743860535 30.9188354178
-203.742746188 69.5103849144
-43.9917241669 29.4219355962
-191.802980215 66.045830375
-181.229452553 58.3967657007
-24.5024308013 26.5601141501
-199.977859144 78.6888893697
-176.461930277 55.8104316595
-45.9655288554 29.3182834146
11.9041440635 28.4200209343
-217.46169603 86.5444110674
-159.576747797 50.1337546035
-210.234307198 68.8512795608
-18.5198546154 25.5839879142
-152.69129091 49.9830578718
-194.953450125 59.0395807422
-23.360630981 26.6609559878
-207.826116479 58.1602170265
-61.5113266605 30.7095335079
-46.7787774055 28.5049046004
-199.591238917 53.2505392564
-57.5397393894 29.815240277
-167.389823162 47.592969377
-32.3303262068 28.5956510896
-42.0242915496 28.057837438
-62.6612532252 29.3100712624
-192.435731883 53.3071256413
-210.436707477 74.4359067341
-56.5719851487 27.8617003454
-38.8291538718 26.6763101471
-191.084653711 52.7100484857
-200.819399864 68.7219884038
-5.98837620065 27.015772907
-201.675383091 64.609909562
-168.483727177 51.1672649328
-195.626993523 60.8269202309
-206.90772767 75.2952478525
-200.774260093 65.7272708285
-194.860079648 62.5610471179
-68.2828732978 29.4385431043
-172.811739712 53.4770281983
-215.859308612 60.4436696776
-76.4829229513 31.6907294367
-1.30508607779 26.5511711038
-184.048130666 51.3153417058
-208.868132724 64.8591541956
-183.173403619 51.7356049
-205.40668216 59.8781847036
-9.36916992738 26.6035646737
-21.7607284669 27.8538096067
-23.9848315113 28.1123103694
-200.389413298 52.7749090931
-206.844079329 57.4126319636
-7.84659366291 27.2722229714
-43.500205826 30.3182465555
-202.1935786 58.1445925542
-161.244721783 47.8263001025
-13.3074176247 24.1997539272
-15.8587928293 24.4083036433
-172.780589757 49.8092351441
-195.675091173 55.6315785085
-198.801101004 54.9383069433
-11.6569075718 24.4486195147
-217.970445386 71.1853074102
-212.643057835 64.8781723448
-191.565607848 53.1623305402
-14.2070439321 24.8797598861
-219.277043727 65.6796088381
-207.457056839 57.9899304745
-82.5526405051 31.1706416623
-35.4134184351 29.2343401091
-211.610564019 57.0920462954
-184.088125457 55.2421941084
-16.6883999551 25.6417912725
-189.851442761 59.407343223
-7.46065221412 25.2738982522
-208.997785347 57.4181544759
-203.257949291 55.7651657268
-196.119118889 54.6295198687
-211.174440514 58.9160042114
-210.934130118 58.2061246222
-18.3533048909 27.013134576
-63.1237572752 26.5881743677
-79.2437620978 29.8210477119
-80.4034665691 30.0308280145
-219.339534055 72.827583827
-52.763917616 26.679314868
-194.762514473 64.7092048455
-204.625538126 54.3132700119
-63.5754174118 29.1391988058
-208.512818335 59.9568118105
-60.9630256821 27.8108725272
-208.552971207 54.1993290463
-61.1055918372 27.6209755453
-53.2778077457 27.0198630655
-209.080444386 54.441229026
-47.2459483273 26.3062949032
-212.892843577 57.3656310985
-38.2314282618 26.3848170449
-45.9301824681 26.6562758536
-46.1730617555 26.3507833535
-213.907910267 59.5275752674
-33.8225566708 25.9569958891
-213.229833922 60.1902508351
-35.7201963742 26.3693007195
-213.536999327 60.4318272881
-42.67039035 27.5062058417
-178.579091149 52.150117506
-31.6660046592 26.0642023379
-22.3866312914 25.7020218957
-19.313187316 24.3318935057
-18.9020723477 26.1374777055
-209.17546219 50.2821657778
-214.176811114 56.9037259766
-68.4734420828 29.0283863414
-29.4695233688 25.7879675468
-16.4511098029 25.8377944217
-27.7027924745 25.1337996494
-202.345254745 51.5181780805
-198.550128893 49.2185514898
-199.368525199 50.4318756003
-217.737360862 58.9337765059
-79.7107694176 28.4450227184
-48.1186292112 26.4716028676
-211.24709225 56.8834689765
-181.326763234 53.7691463537
-2.21980003162 28.5084874571
-26.7592461129 31.6132587577
FINAL NORMALIZED FRONTIER:
----------------------------------------------------------------------------------------------------
0.0876148189219 0.221953153826
0.285288416617 0.0820262182258
0.404780155538 0.0360618462652
0.0118556330213 0.429072069003
0.0746296902381 0.242284297753
0.0524873917023 0.298687662241
0.0473385824997 0.213648193708
0.0377629413229 0.230302414621
0.0335034799579 0.272891937119
0.412460186822 0.0226037615954
0.0728787046444 0.189464558972
0.446841649532 0.0136639704049
0.443271918514 0.0209605932136
0.322428111899 0.0464348996192
0.032832814314 0.313137235279
0.369124856442 0.036089974788
0.0579672280465 0.28919404565
0.0802255720936 0.236332125337
0.410151788117 0.0163122132351
0.0407582819355 0.376568960825
0.0902616881797 0.218458229663
0.364969798145 0.0353736449366
0.486791306621 0.0291658428484
0.00395303877419 0.430857684961
0.12580670333 0.17922728275
0.0191674224996 0.308582224155
0.42274571545 0.00956630252627
0.140301285763 0.178185832721
0.0513351705714 0.240774555745
0.412555392103 0.0170091210812
0.0242369072804 0.234697361127
0.332244323063 0.0449884350707
0.363257827779 0.0297524653685
0.0415721565745 0.200767069504
0.340604915547 0.0388080640682
0.109359390277 0.161668170375
0.393673277381 0.0303796052719
0.373266500885 0.0266628289592
0.329823611459 0.0353168915748
0.0566352218528 0.201158132345
0.0187413494634 0.347177023543
0.342642136002 0.025307345145
0.379992588524 0.0171152321393
0.0594793779146 0.197031791889
0.0389867536921 0.307688705911
0.449125743657 0.0194612252938
0.0371848225135 0.279270540643
0.107056611799 0.186369769184
0.049917293665 0.253126680043
0.0261702085149 0.353115843995
0.0390817774707 0.286992512511
0.0515317248588 0.265111057378
0.317989533215 0.036204747614
0.0979457081233 0.202332311911
0.00732622619019 0.250478073831
0.300727600185 0.0517693819199
0.458984542551 0.0162504087372
0.0742919698746 0.18739311294
0.0220433578012 0.280993045357
0.0761333586872 0.190297509808
0.0293300609743 0.24657006378
0.442008831277 0.0166124954545
0.415923348544 0.0252528130399
0.411241386919 0.0270392859354
0.0398919188592 0.197480037055
0.0263041947017 0.229530875589
0.44521400815 0.0212335260188
0.370159552211 0.0422842901097
0.03609396861 0.234589381963
0.122295449562 0.163280695663
0.433718421965 0.0
0.428347519376 0.0014412662126
0.0980112819257 0.176984561249
0.0498160432525 0.217222193439
0.0432354767163 0.212431063047
0.437192912389 0.00171988516487
0.00288206997687 0.324712456992
0.0140967590355 0.281124477882
0.0584669208618 0.200157467896
0.431824617692 0.00469945311552
0.000131548453878 0.286663125266
0.0250138151105 0.233520527812
0.287950231468 0.0481751073701
0.387183056734 0.0347935211542
0.0162702628375 0.227315340126
0.0742077767984 0.214531196827
0.426601112555 0.00996577574974
0.0620754115635 0.243316125438
0.446026453894 0.0074233039114
0.0217704259305 0.229569041119
0.0338533607641 0.218145401334
0.0488813200462 0.210297066483
0.0171883468808 0.23992053071
0.0176942245443 0.235014623926
0.423096319448 0.0194429920518
0.328849993704 0.0165061345901
0.294915754835 0.0388481986698
0.29247445975 0.0402979693425
0.0 0.336062064921
0.350658502915 0.0171359974645
0.0517371094095 0.279956760408
0.0309744480907 0.208111495378
0.327899203482 0.0341360091305
0.0227913304909 0.247113447845
0.333398552022 0.0249560791816
0.0227068046387 0.20732406077
0.333098435861 0.0236437201475
0.34957671227 0.0194894919698
0.0215964203021 0.208995807317
0.362274385787 0.014558093826
0.013570934812 0.229206057315
0.381250861325 0.0151007524875
0.365044205861 0.016976777142
0.364532920422 0.0148655490526
0.0114341168699 0.244147037061
0.390531981484 0.0121441233035
0.0128615360871 0.248726721578
0.386537258176 0.0149935207158
0.0122149218744 0.250396232263
0.37190639763 0.0228505582142
0.0858048506329 0.193162164936
0.39507174136 0.0128850163403
0.414605759859 0.0103820235575
0.421075669959 0.000913203400531
0.421941108506 0.0133914150709
0.0213963982251 0.18025293752
0.0108680534178 0.226013877253
0.317588366668 0.0333701952816
0.399695556402 0.010975985349
0.427100632301 0.0113203338941
0.40341470344 0.00645509649104
0.0357746749994 0.188794894822
0.0437637983662 0.17290240564
0.042040991455 0.181287567117
0.00337273645125 0.240043353258
0.293932657242 0.0293386276757
0.360437304353 0.0157005206215
0.0170354076364 0.225873883153
0.080020723277 0.204351111242
0.457058977259 0.0297772261325
0.405400963864 0.0512339898119
----------------------------------------------------------------------------------------------------
Model: Fonseca
Optimizer: 60NP_PSOProbs
Num Retries: 30.0
Num Changes: 100.0
----------------------------------------------------------------------------------------------------
T:30 FRONTIER
----------------------------------------------------------------------------------------------------
[0.002258482723655586, 0.9791007629195144]
[0.002258482723655586, 0.9791007629195144]
[0.002258482723655586, 0.9791007629195144]
[0.002258482723655586, 0.9791007629195144]
[0.002258482723655586, 0.9791007629195144]
[0.9711235639622208, 0.02151453511553847]
[0.9711235639622208, 0.02151453511553847]
[0.9711235639622208, 0.02151453511553847]
[0.9711235639622208, 0.02151453511553847]
[0.987052686352974, 0.01703175537320889]

----------------------------------------------------------------------------------------------------
T:29 FRONTIER
----------------------------------------------------------------------------------------------------
[0.009739560435005457, 0.9736479877430396]
[0.0010325275682534496, 0.9817342663792984]
[0.0010325275682534496, 0.9817342663792984]
[0.0010325275682534496, 0.9817342663792984]
[0.0010325275682534496, 0.9817342663792984]
[0.9765112412244468, 0.012481059671998973]
[0.9744911975174176, 0.014453038593581158]
[0.9871495169127893, 0.008933281680460259]
[0.9765112412244468, 0.012481059671998973]
[0.9744911975174176, 0.014453038593581158]

----------------------------------------------------------------------------------------------------
T:28 FRONTIER
----------------------------------------------------------------------------------------------------
[0.9847788125512077, 0.0024251373995768377]
[0.9744104043189393, 0.012543975394842977]
[0.9744104043189393, 0.012543975394842977]
[0.9847788125512077, 0.0024251373995768377]
[0.9847788125512077, 0.0024251373995768377]
[0.0012545165192953123, 0.9824135450392902]
[0.007758387174511827, 0.9755066391262899]
[0.0012545165192953123, 0.9824135450392902]
[0.007758387174511827, 0.9755066391262899]
[0.0012545165192953123, 0.9824135450392902]

----------------------------------------------------------------------------------------------------
T:27 FRONTIER
----------------------------------------------------------------------------------------------------
