----------------------------------------------------------------------------------------------------
Model: Fonseca
Optimizer: adaptiveGlobalPSO
Num Retries: 30.0
Num Changes: 500.0
----------------------------------------------------------------------------------------------------
T:30 FRONTIER
----------------------------------------------------------------------------------------------------
----------------------------------------------------------------------------------------------------
Model: Fonseca
Optimizer: adaptiveGlobalPSO
Num Retries: 30.0
Num Changes: 10.0
----------------------------------------------------------------------------------------------------
T:30 FRONTIER
----------------------------------------------------------------------------------------------------
[0.005169089279906225, 0.9804751568063226]
[0.9667716165532951, 0.03235323579386551]
[0.04519028840450401, 0.9804314533917836]
[0.9667716165532951, 0.03235323579386551]
[0.9667716165532951, 0.03235323579386551]
[0.005169089279906225, 0.9804751568063226]
[0.9735215132077826, 0.022959984420806934]
[0.04519028840450401, 0.9804314533917836]
[0.9736944081180283, 0.014970654184911725]
[0.005169089279906225, 0.9804751568063226]

----------------------------------------------------------------------------------------------------
T:29 FRONTIER
----------------------------------------------------------------------------------------------------
[0.23399133972730535, 0.9032719920073736]
[0.9641310796517876, 0.047952366080801]
[0.21591351595611052, 0.9300968539145817]
[0.9641310796517876, 0.047952366080801]
[0.21591351595611052, 0.9300968539145817]
[0.9641310796517876, 0.047952366080801]
[0.21591351595611052, 0.9300968539145817]
[0.9641310796517876, 0.047952366080801]
[0.9641310796517876, 0.047952366080801]
[0.21591351595611052, 0.9300968539145817]

----------------------------------------------------------------------------------------------------
T:28 FRONTIER
----------------------------------------------------------------------------------------------------
[0.03149626427028518, 0.9728806232312471]
[0.971178614283106, 0.02254415969788337]
[0.9780665995853135, 0.01564013570255074]
[0.9745059875750341, 0.013683692193502739]
[0.013751891687343809, 0.9771464267448963]
[0.005246760349188362, 0.9807572939804093]
[0.9745059875750341, 0.013683692193502739]
[0.9780665995853135, 0.01564013570255074]
[0.0342901301001165, 0.9652905219076069]
[0.02815939884691554, 0.9779936505676466]

----------------------------------------------------------------------------------------------------
T:27 FRONTIER
----------------------------------------------------------------------------------------------------
[0.9667392402621193, 0.03363076008666155]
[0.03929259909463956, 0.9638405914271163]
[0.03929259909463956, 0.9638405914271163]
[0.03929259909463956, 0.9638405914271163]
[0.9858409036360278, 0.036032163540051454]
[0.03929259909463956, 0.9638405914271163]
[0.03855246842205373, 0.9793169697270432]
[0.9389062143408238, 0.12073000988185045]
[0.9791519836025366, 0.06695480044978142]
[0.9858409036360278, 0.036032163540051454]

----------------------------------------------------------------------------------------------------
T:26 FRONTIER
----------------------------------------------------------------------------------------------------
[0.9804181501451641, 0.009338497576027893]
[0.984312367027762, 0.02459594558699718]
[0.9665527470974834, 0.07776673040571846]
[0.9804181501451641, 0.009338497576027893]
[0.0182913824404638, 0.9852024883815517]
[0.030115898372722105, 0.9772046611867343]
[0.004758269797500825, 0.9816480531352633]
[0.009013834461806591, 0.9796401714200805]
[0.9804181501451641, 0.009338497576027893]
[0.007502509819322434, 0.9792007095425164]

----------------------------------------------------------------------------------------------------
T:25 FRONTIER
----------------------------------------------------------------------------------------------------
[0.16908877037784775, 0.9522721602613976]
[0.9614562579867977, 0.03757132031494892]
[0.9614562579867977, 0.03757132031494892]
[0.9614562579867977, 0.03757132031494892]
[0.20041172028213772, 0.9172928477060044]
[0.17910590137692417, 0.9111881638441367]
[0.16254071743853227, 0.9647181003787717]
[0.9614562579867977, 0.03757132031494892]
[0.11341751340842132, 0.9427261316969515]
[0.9614562579867977, 0.03757132031494892]

----------------------------------------------------------------------------------------------------
T:24 FRONTIER
----------------------------------------------------------------------------------------------------
[0.007487399900421132, 0.9750921097264892]
[0.96617118218241, 0.13510477073600602]
[0.007487399900421132, 0.9750921097264892]
[0.9560176189390859, 0.16782541351147529]
[0.96617118218241, 0.13510477073600602]
[0.007487399900421132, 0.9750921097264892]
[0.004278734273899576, 0.9810058377071862]
[0.9560176189390859, 0.16782541351147529]
[0.96617118218241, 0.13510477073600602]
[0.0032193178271394673, 0.9794273996062626]

----------------------------------------------------------------------------------------------------
T:23 FRONTIER
----------------------------------------------------------------------------------------------------
----------------------------------------------------------------------------------------------------
Model: Fonseca
Optimizer: adaptiveGlobalPSO
Num Retries: 1.0
Num Changes: 10.0
----------------------------------------------------------------------------------------------------
T:1 FRONTIER
----------------------------------------------------------------------------------------------------
[0.9827760064956059, 0.017679162100836643]
[0.9754811288989946, 0.027401346999783915]
[0.9754811288989946, 0.027401346999783915]
[0.030726670170909576, 0.9871284436179056]
[0.9754811288989946, 0.027401346999783915]
[0.9754811288989946, 0.027401346999783915]
[0.026752448512476046, 0.9725885378726139]
[0.026752448512476046, 0.9725885378726139]
[0.030726670170909576, 0.9871284436179056]
[0.06962310656035342, 0.9537743878673475]

----------------------------------------------------------------------------------------------------
FINAL NON-NORMALIZED FRONTIER:
----------------------------------------------------------------------------------------------------
0.982776006496 0.0176791621008
0.975481128899 0.0274013469998
0.0307266701709 0.987128443618
0.0267524485125 0.972588537873
0.0696231065604 0.953774387867
FINAL NORMALIZED FRONTIER:
----------------------------------------------------------------------------------------------------
0.982322939235 0.0
0.974836174072 0.00989715836604
0.00523049172475 0.986896789841
0.00115173044734 0.972095204469
0.0451500765416 0.952942449809
----------------------------------------------------------------------------------------------------
Model: DTLZ1
Optimizer: PSOv2
Num Retries: 1.0
Num Changes: 5000.0
----------------------------------------------------------------------------------------------------
T:1 FRONTIER
----------------------------------------------------------------------------------------------------
----------------------------------------------------------------------------------------------------
FINAL NON-NORMALIZED FRONTIER:
----------------------------------------------------------------------------------------------------
2.58764139181 10.5646599119 13.171881473
55.8342907418 24.1523977942 0.0458380516196
0.0125330847189 0.0184328419125 49.5208419418
----------------------------------------------------------------------------------------------------
Model: DTLZ2
Optimizer: PSOv2
Num Retries: 1.0
Num Changes: 5000.0
----------------------------------------------------------------------------------------------------
T:1 FRONTIER
----------------------------------------------------------------------------------------------------
----------------------------------------------------------------------------------------------------
FINAL NON-NORMALIZED FRONTIER:
----------------------------------------------------------------------------------------------------
0.00982726849203 1.74477655097 0.0221559553379
0.0141276334537 0.0110479637673 1.3377470562
1.75548368824 0.0566849879006 0.0488892977367
1.96033683657 0.00843750561141 0.0257061652851
----------------------------------------------------------------------------------------------------
Model: DTLZ3
Optimizer: PSOv2
Num Retries: 1.0
Num Changes: 5000.0
----------------------------------------------------------------------------------------------------
T:1 FRONTIER
----------------------------------------------------------------------------------------------------
----------------------------------------------------------------------------------------------------
FINAL NON-NORMALIZED FRONTIER:
----------------------------------------------------------------------------------------------------
5.48499660038 8.07460943542 467.078327725
18.108783679 685.581790768 11.4658409779
76.3608150227 475.320651026 60.7933849598
458.559325341 72.4266662821 59.2946429202
731.718192143 20.5918055706 18.0269926219
371.948197148 176.268319336 2.95632967388
0.538453736029 803.559524243 4.89071624735
----------------------------------------------------------------------------------------------------
Model: DTLZ4
Optimizer: PSOv2
Num Retries: 1.0
Num Changes: 5000.0
----------------------------------------------------------------------------------------------------
T:1 FRONTIER
----------------------------------------------------------------------------------------------------
----------------------------------------------------------------------------------------------------
FINAL NON-NORMALIZED FRONTIER:
----------------------------------------------------------------------------------------------------
1.17166551961 9.27301927742e-21 9.83414827163e-22
0.0648749916584 9.58504606885e-12 1.68709902448
1.20156907912 1.28768342957e-40 1.40807324045e-25
0.0163687600191 4.85505750433e-36 1.84956686296
1.20206070162 1.91092907722e-37 3.95329017245e-35
0.0162900055797 1.6578355866 9.52690708959e-37
----------------------------------------------------------------------------------------------------
Model: DTLZ5
Optimizer: PSOv2
Num Retries: 1.0
Num Changes: 5000.0
----------------------------------------------------------------------------------------------------
T:1 FRONTIER
----------------------------------------------------------------------------------------------------
----------------------------------------------------------------------------------------------------
Model: Srinivas
Optimizer: PSOv2
Num Retries: 30.0
Num Changes: 500.0
----------------------------------------------------------------------------------------------------
T:30 FRONTIER
----------------------------------------------------------------------------------------------------
----------------------------------------------------------------------------------------------------
T:29 FRONTIER
----------------------------------------------------------------------------------------------------
----------------------------------------------------------------------------------------------------
T:28 FRONTIER
----------------------------------------------------------------------------------------------------
----------------------------------------------------------------------------------------------------
T:27 FRONTIER
----------------------------------------------------------------------------------------------------
----------------------------------------------------------------------------------------------------
T:26 FRONTIER
----------------------------------------------------------------------------------------------------
----------------------------------------------------------------------------------------------------
T:25 FRONTIER
----------------------------------------------------------------------------------------------------
----------------------------------------------------------------------------------------------------
T:24 FRONTIER
----------------------------------------------------------------------------------------------------
----------------------------------------------------------------------------------------------------
T:23 FRONTIER
----------------------------------------------------------------------------------------------------
----------------------------------------------------------------------------------------------------
T:22 FRONTIER
----------------------------------------------------------------------------------------------------
----------------------------------------------------------------------------------------------------
T:21 FRONTIER
----------------------------------------------------------------------------------------------------
----------------------------------------------------------------------------------------------------
T:20 FRONTIER
----------------------------------------------------------------------------------------------------
----------------------------------------------------------------------------------------------------
T:19 FRONTIER
----------------------------------------------------------------------------------------------------
----------------------------------------------------------------------------------------------------
T:18 FRONTIER
----------------------------------------------------------------------------------------------------
----------------------------------------------------------------------------------------------------
T:17 FRONTIER
----------------------------------------------------------------------------------------------------
----------------------------------------------------------------------------------------------------
T:16 FRONTIER
----------------------------------------------------------------------------------------------------
----------------------------------------------------------------------------------------------------
T:15 FRONTIER
----------------------------------------------------------------------------------------------------
----------------------------------------------------------------------------------------------------
T:14 FRONTIER
----------------------------------------------------------------------------------------------------
----------------------------------------------------------------------------------------------------
T:13 FRONTIER
----------------------------------------------------------------------------------------------------
----------------------------------------------------------------------------------------------------
T:12 FRONTIER
----------------------------------------------------------------------------------------------------
----------------------------------------------------------------------------------------------------
T:11 FRONTIER
----------------------------------------------------------------------------------------------------
----------------------------------------------------------------------------------------------------
T:10 FRONTIER
----------------------------------------------------------------------------------------------------
----------------------------------------------------------------------------------------------------
T:9 FRONTIER
----------------------------------------------------------------------------------------------------
----------------------------------------------------------------------------------------------------
T:8 FRONTIER
----------------------------------------------------------------------------------------------------
----------------------------------------------------------------------------------------------------
T:7 FRONTIER
----------------------------------------------------------------------------------------------------
----------------------------------------------------------------------------------------------------
T:6 FRONTIER
----------------------------------------------------------------------------------------------------
----------------------------------------------------------------------------------------------------
T:5 FRONTIER
----------------------------------------------------------------------------------------------------
----------------------------------------------------------------------------------------------------
T:4 FRONTIER
----------------------------------------------------------------------------------------------------
----------------------------------------------------------------------------------------------------
T:3 FRONTIER
----------------------------------------------------------------------------------------------------
----------------------------------------------------------------------------------------------------
T:2 FRONTIER
----------------------------------------------------------------------------------------------------
----------------------------------------------------------------------------------------------------
T:1 FRONTIER
----------------------------------------------------------------------------------------------------
----------------------------------------------------------------------------------------------------
FINAL NON-NORMALIZED FRONTIER:
----------------------------------------------------------------------------------------------------
109.852696025 -110.095364477
21.782335166 -21.8231816737
201.580533771 -201.713597957
220.679184207 -217.445095133
15.4365986275 -13.6605560383
12.0288452243 -6.960005921
214.254139639 -214.112686505
10.2409762892 2.20437162472
219.028618885 -216.938240709
107.948442015 -108.197601661
192.743034138 -192.355471947
23.6115303193 -23.8029455308
222.46231212 -217.692558234
12.2737683546 -7.6187029648
15.2819879669 -13.4016693818
215.680399175 -215.323250958
10.452303048 0.105457217471
110.538744229 -110.761492279
26.7325197747 -26.9522509339
15.3859718857 -13.5927425564
221.242995514 -217.499317741
213.474550813 -213.584176186
10.7892506066 -2.96168016203
10.1771666985 1.45285730033
215.277818967 -214.822822708
11.7291807801 -5.96413085862
111.629641147 -111.878771894
22.2991832383 -22.434392174
214.430195204 -214.462072949
10.9907842591 -3.5753692664
10.6979867776 -2.38544993925
219.61129593 -216.96194837
17.023972827 -15.9262118942
13.1956545383 -9.70961391271
110.667853396 -110.91057475
25.6619485304 -25.9118911925
12.1308976086 -7.32620928828
10.3846011836 -0.864228222683
217.934340812 -216.586807159
15.8668931986 -14.1535835687
214.082688494 -214.163250371
10.928173227 -2.59205893673
16.4728872639 -15.1413794481
111.158725804 -111.37964383
34.8967438828 -35.1018541734
218.394803466 -216.817057779
10.3118557487 2.15805712987
205.870623844 -206.039515257
221.390214732 -217.386533486
12.8045915806 -8.68491820265
213.606885824 -213.749790682
182.411949357 -182.315034302
220.298706331 -217.366102808
11.8357122539 -6.48388997705
14.3272191477 -11.8363539968
108.063579946 -108.303182401
10.8365237099 -3.02157143125
20.7407232967 -20.559936449
110.364842234 -110.611036834
13.3701544882 -10.0440466187
32.8248983324 -33.0736867838
18.0238657313 -17.1525448551
212.516984717 -212.751379448
10.3553671886 0.0465967522072
10.8108111285 -3.15435365726
217.517493803 -216.136984826
221.673028093 -217.403634213
110.672750899 -110.920006762
26.4875359557 -26.684028688
19.1440511059 -18.8264097297
221.101523781 -217.151074854
10.1986580929 0.559818721688
213.118240465 -213.176062613
12.8654121608 -8.90285952001
215.401798456 -214.979397825
11.2333138856 -3.89438872975
214.554114076 -214.436482065
10.6062110631 -1.93804939942
115.18942765 -115.435043959
29.3323101854 -29.5805910564
219.131119335 -216.785806445
16.0822019857 -14.6479294816
221.260285824 -217.439197704
12.3586207344 -7.60068405488
10.256544047 2.16141625693
212.246022128 -212.313650056
10.1973362422 1.00679606843
214.455658792 -214.352328112
19.2656733797 -18.9155596215
112.49427452 -112.716672908
27.9439700047 -28.1260567189
219.841487938 -216.91343179
13.8415683624 -10.7969043174
11.7928645238 -6.08510082761
209.272790746 -209.489948766
113.685350076 -113.926205805
23.6757834065 -23.8775903489
217.255600668 -216.155557894
10.6556256478 -1.91540137231
13.3944299003 -9.86384693543
16.9138601768 -15.724227232
221.077041288 -217.381642351
209.548269816 -209.794638434
10.854540876 -2.90224290685
10.2805824125 2.01389781196
17.085753392 -15.8125294114
35.8626420066 -36.1116343815
111.845874554 -112.089843234
217.846942696 -216.333917786
223.869282865 -217.389403447
14.4345512352 -11.9945091774
11.3322388969 -5.07896480635
213.319236165 -213.47448332
10.285673173 -0.0484197043073
38.064636915 -38.2729618921
11.0134417714 -3.82775241086
114.296447394 -114.534835817
16.2356677662 -14.8184790071
205.175819511 -205.40248142
218.685850874 -216.853733473
12.9673004816 -9.04734400835
221.921971505 -217.599106867
220.94315168 -217.537982053
109.093224274 -109.302518856
189.687347307 -189.640275259
22.3670299996 -22.3223342582
10.8729312797 -2.93467620064
10.2257511095 0.425765386352
12.6199822922 -8.48327152864
211.439457823 -211.68738146
219.082773389 -217.008099044
105.615666272 -105.820726346
175.847731182 -176.075311769
223.029487464 -217.553239844
10.3634001056 -0.412184007196
18.3896177464 -17.8582119792
212.845022861 -213.066480821
216.65983721 -215.967900242
13.2282034844 -9.65266092527
10.7890748845 -2.69601660834
109.747708386 -109.997700769
24.0924564016 -24.3200314981
190.286258708 -190.535151481
11.1355777771 -4.42238147666
221.297704791 -217.378510363
214.443431414 -214.000887223
10.4274474897 -0.422604541911
220.696905489 -217.139554003
15.7054942937 -13.8791064806
111.256398738 -111.500640593
25.9503543238 -25.970838323
18.807838436 -18.3685659104
222.37380563 -217.674573714
213.934024082 -213.975563452
12.9284642793 -9.06484105687
11.2088826761 -4.53069121719
10.203951349 1.40387632391
107.851111295 -108.096228133
21.4353184872 -21.487140054
194.98408633 -195.144769313
10.6041965605 -1.66483360097
217.946200179 -216.183927997
215.468388467 -215.009777878
212.949862567 -213.17113247
11.9754898741 -6.5601862551
224.187862992 -217.522774299
15.2410902977 -13.2163360318
107.423331423 -107.669856855
18.1990640063 -17.5502813072
21.3054451066 -21.3243544662
218.845821709 -216.727328234
12.4464266772 -7.99023266441
208.837368474 -209.084251763
10.2258409175 2.84139592309
215.667133728 -215.352635389
10.8437196729 -2.31004284821
223.14601758 -217.727848174
215.027750949 -214.865714792
22.3157271899 -22.4521947713
175.366511538 -175.445877272
10.9128461854 -2.78729205446
218.935912827 -216.711239083
12.6004949922 -8.27945212214
107.74138611 -107.988840386
217.94668735 -216.630198055
19.9171846494 -19.7539917761
191.885782842 -191.928225549
107.065113943 -107.315103166
11.4600609315 -5.30862176159
13.8790058428 -10.9295411305
224.772980847 -217.56304366
212.906143319 -213.069861831
10.3182907375 1.22546089789
222.120270085 -217.407905177
184.6167658 -184.71668112
218.036000701 -216.643338617
10.4672693417 -1.36491633019
109.158609411 -109.403754061
12.8929687966 -9.00118351922
213.876598263 -213.993840836
23.0797643625 -23.252548321
10.1422477591 2.20204269428
30.4887158347 -30.5387880556
112.058035773 -112.294639176
18.9321483817 -18.5528329581
216.835419212 -216.000999851
222.140429244 -217.487450815
205.681073912 -205.927878127
11.2592487694 -4.6747372943
15.3155018689 -13.4005359869
221.974447063 -216.667407647
21.8739437014 -21.9544509125
216.560712904 -215.869331101
91.4121811608 -91.6463196797
169.006119168 -169.227836547
212.052001957 -212.29478181
11.2566051535 -4.78065612902
14.8295272427 -12.5939965066
10.2756322133 0.49847741552
107.69352705 -107.93994532
23.6256831881 -23.7869708865
191.388539636 -191.636236132
16.45456664 -15.2434179468
221.481302451 -217.617240239
11.1951515315 -4.61570183715
216.012901629 -215.469257146
10.2314806976 2.24217490308
213.792918715 -213.936839405
105.008462053 -105.256742358
186.698531542 -186.378711612
13.5153661877 -10.3003681618
19.2944086243 -19.0062117159
218.764360987 -216.907681384
11.2657642734 -4.6100072508
10.67439729 -1.43907204663
108.712107046 -108.961737293
22.2357780281 -22.1473592371
199.818770061 -199.994869564
220.546373095 -217.458227792
10.4632497615 -1.41321954478
12.0256736868 -6.9461141166
15.1896515961 -13.3083114478
210.426675771 -210.676669309
112.651615009 -112.895133185
34.5651459166 -34.8147195003
15.873278653 -14.263437047
11.8782305882 -6.53955364423
217.539079834 -216.228060358
10.6681833777 -2.48484821695
10.4537700635 -1.18011811844
214.459732494 -214.468501866
221.899282016 -217.6081994
211.106175657 -211.235577522
10.1437400022 2.02894521066
216.490624484 -215.882826123
112.054382287 -112.300249913
37.4842094122 -37.7141964071
16.938514749 -15.9243243976
218.824694457 -216.851573419
11.9259917273 -6.7630139597
220.881079697 -217.49845494
12.8072916471 -8.7785238588
213.403552625 -213.56190406
FINAL NORMALIZED FRONTIER:
----------------------------------------------------------------------------------------------------
0.350625548967 0.371685455861
0.0410396005289 0.676514308436
0.67306830235 0.0553017424447
0.740204098676 0.000976426344955
0.0187329942468 0.704702167028
0.00675402017328 0.727841064686
0.717618707894 0.0124841773275
0.000469282668394 0.759488256395
0.734402012414 0.00272673825242
0.343931693303 0.378238968455
0.642002621692 0.0876180024872
0.0474696084327 0.669677623019
0.746472170485 0.000121866159849
0.00761497678632 0.725566397201
0.018189505069 0.705596175989
0.722632311867 0.00830375535014
0.00121214092897 0.752240110376
0.353037153528 0.369385127861
0.0584405465689 0.658802179341
0.0185550305401 0.704936346191
0.742186014687 0.00078918031947
0.714878288261 0.0143092731752
0.00239658287382 0.741648416159
0.000244978459136 0.756893064548
0.721217157278 0.0100318758558
0.00570063626227 0.731280103383
0.356871886956 0.365526844852
0.0428564308348 0.674403625438
0.718237580446 0.0112776469656
0.00310501629369 0.739529173839
0.00207577120919 0.743638302351
0.736450245487 0.00264486898167
0.0243129503443 0.696878215553
0.0108556017338 0.718345889393
0.353490999561 0.368870303857
0.0546772621813 0.662394836236
0.00711275589206 0.726576460722
0.00097415455422 0.748891511863
0.73055539351 0.00394033785342
0.0202455706871 0.702999603303
0.717016020849 0.0123095659762
0.00288492527147 0.742924822955
0.0223757680159 0.699588464313
0.355216519912 0.367250475451
0.0871395213331 0.630659290771
0.732174017145 0.00314521723879
0.000718438962389 0.759328319325
0.688148876463 0.0403631245808
0.74270352138 0.00117865630191
0.00948093271372 0.721884453951
0.715343473818 0.0137373594043
0.605686673294 0.122290477885
0.738866638457 0.0012492092222
0.00607511692784 0.729485227912
0.014833290702 0.711001653429
0.344336427489 0.377874368251
0.00256275783187 0.741441594641
0.0373781144705 0.680876652044
0.35242585123 0.369904693136
0.0114690059708 0.717190998523
0.0798565459542 0.637663127298
0.0278277854157 0.692643340449
0.711512240872 0.0171851562201
0.000871390877845 0.752036848516
0.00247237266907 0.740983060001
0.729090088096 0.00549370179095
0.743697670169 0.00111960264791
0.35350821532 0.36883773245
0.0575793766224 0.659728426737
0.0317654739666 0.686863010871
0.74168871162 0.00199176165698
0.000320525256917 0.75380914936
0.713625782016 0.0157186049506
0.00969472991876 0.721131840845
0.721652971407 0.00949117762346
0.00395755923466 0.738427509262
0.718673181496 0.0113660195355
0.00175316015915 0.745183303152
0.369385289536 0.35324603001
0.0675793598109 0.649725776353
0.734762323181 0.00325313694697
0.0210024266192 0.70129248683
0.742246793784 0.000996791838791
0.00791325085057 0.725628621601
0.00052400663026 0.759339919342
0.710559750055 0.0186967598097
0.000315878671882 0.755352688756
0.718327090344 0.0116566269768
0.0321930019867 0.686555151041
0.359911256164 0.362633335296
0.0626990503923 0.654748695455
0.737259419089 0.00281241047516
0.0131261254594 0.714591167623
0.00592449809271 0.730862359812
0.700108212802 0.0284478002509
0.364098138699 0.358456475573
0.0476954716261 0.669419853317
0.728169478328 0.00542956372663
0.00192686287708 0.745261513206
0.0115543391795 0.717813279075
0.023925881086 0.697575725809
0.741602650478 0.00119554677545
0.701076580006 0.0273956205157
0.00262609198202 0.741853669839
0.000608506569919 0.758830496363
0.0245301220992 0.697270793369
0.0905348575602 0.627172233666
0.357631993126 0.364797955727
0.730248170644 0.00481363649424
0.751417970277 0.00116874551494
0.0152105856941 0.710455498789
0.0043053015756 0.734336832508
0.714332324416 0.0146880737139
0.000626401670157 0.751708729776
0.0982753354634 0.619708557521
0.00318466224248 0.738657623347
0.36624627504 0.356354703729
0.0215418913009 0.700703531006
0.685706492254 0.0425629828764
0.733197110349 0.00301856567628
0.0100528889195 0.720632894978
0.744572758922 0.000444580200084
0.741132000183 0.000655661498272
0.347955845105 0.374423376383
0.631261236097 0.0969943457993
0.0430949265528 0.674790593164
0.00269073814119 0.741741668488
0.000415762941417 0.753346225219
0.00883199201374 0.722580797038
0.707724505905 0.0208594426787
0.734592376953 0.0024854976309
0.335731493103 0.386446992229
0.582612057844 0.143838007351
0.748465911798 0.000602972025096
0.000899628280259 0.750452548592
0.0291134811186 0.690206471971
0.712665364341 0.0160970219216
0.726075243747 0.00607759875656
0.0109700181645 0.718542564192
0.00239596517348 0.742565827666
0.350256495207 0.37202271631
0.049160165345 0.667891978696
0.633366536362 0.0939040847062
0.0036139961387 0.736604200739
0.742378329366 0.00120636241906
0.718284108524 0.0128702519203
0.00112476838359 0.750416563534
0.740266392732 0.0020315464212
0.0196782193947 0.703947450441
0.355559860938 0.366832639351
0.0556910695533 0.662191275096
0.0305836153112 0.688444075275
0.746161051451 0.00018397180118
0.716493433996 0.012957702073
0.0099163714531 0.720572472713
0.00387167836512 0.736230176523
0.000339132171653 0.756723919361
0.343589555233 0.378589039964
0.0398197634966 0.677674755342
0.649880394209 0.0779857685399
0.00174607875612 0.7461267947
0.730597081694 0.00533159372571
0.721887049383 0.00938626669484
0.713033898086 0.0157356301309
0.00656646483101 0.729221755251
0.752537846815 0.000708178181142
0.0180457411107 0.706236184547
0.342085818494 0.380061420768
0.0284436444132 0.69126984381
0.0393632310909 0.67823690009
0.733759441675 0.00345507877479
0.00822190731371 0.724283399902
0.698577611408 0.0298487869258
0.00041607863541 0.761688081751
0.722585681017 0.00820228258593
0.002588053164 0.743898704397
0.748875539804 0.0
0.720338115296 0.00988375734045
0.0429145863243 0.674342148026
0.580920468999 0.146011622974
0.00283104747825 0.742250627695
0.734076131011 0.00351063916988
0.00876349003176 0.723284643186
0.343203847998 0.378959880275
0.730598794203 0.0037904967964
0.0344832019173 0.683659807304
0.638989202048 0.0890934053276
0.340826608275 0.381286485748
0.00475462306611 0.733543761985
0.0132577261222 0.714133135135
0.754594659851 0.000569116669221
0.71288021568 0.0160853463352
0.000741059309192 0.756107800354
0.745269820379 0.00110485379808
0.613437069489 0.113996911093
0.730912749525 0.00374511871259
0.00126475061714 0.747162493995
0.348185687694 0.374073782544
0.00979159732282 0.720792300223
0.716291570095 0.0128945850894
0.0456003386071 0.671578300498
0.000122231000818 0.759480213939
0.0716443702892 0.646416850681
0.35837778469 0.364090737326
0.031020591066 0.687807748961
0.726692451626 0.00596329643327
0.745340684087 0.00083016017692
0.687482568355 0.040748639214
0.00404872583734 0.735732744614
0.0183073135243 0.705600089923
0.74475722161 0.00366200153615
0.0413616239095 0.67606099857
0.725726800842 0.00641798592503
0.285803238393 0.43539523371
0.55856234437 0.167484279018
0.70987772811 0.0187619172093
0.00403943296823 0.735366976874
0.0165990099122 0.708385299222
0.000591105572571 0.753597320453
0.343035613278 0.379128728788
0.0475193587603 0.669732787991
0.637241286993 0.0901017274955
0.0223113671474 0.699236096472
0.743023713979 0.000381960531812
0.00382341048732 0.735936610771
0.723801128329 0.0077995546228
0.000435903655473 0.759618801824
0.715997418781 0.0130914271796
0.333597041828 0.388394588702
0.620754916441 0.108257448992
0.0119794558118 0.716305847625
0.0322940124497 0.686242103679
0.733473090006 0.00283226825809
0.00407162921229 0.735956275791
0.00199284917041 0.7469064133
0.346616137431 0.375600191658
0.0426335481087 0.675394831479
0.666875330231 0.0612369984597
0.739737239522 0.000931075552812
0.00125062094257 0.746995689312
0.00674287154814 0.727889037021
0.0178649231935 0.705918567382
0.704164362753 0.0243497180475
0.360464341267 0.362017061407
0.085973884337 0.631650848136
0.0202680169098 0.702620248124
0.00622457786732 0.729293005501
0.729165967563 0.00517919218118
0.00197100595404 0.743295051941
0.00121729779861 0.747800654569
0.718341410271 0.0112554460925
0.744493000568 0.000413181109737
0.70655294859 0.0224196496614
0.000127476550745 0.758882459294
0.725480425222 0.00637138378948
0.358364941914 0.364071361862
0.09623501001 0.621638133025
0.0240125471228 0.696884733613
0.733685174915 0.00302602495399
0.0063924683743 0.728521333731
0.740913804032 0.000792159815781
0.00949042401885 0.721561207105
0.714628714608 0.0143861851331
----------------------------------------------------------------------------------------------------
Model: Tanaka
Optimizer: PSOv2
Num Retries: 30.0
Num Changes: 500.0
----------------------------------------------------------------------------------------------------
T:30 FRONTIER
----------------------------------------------------------------------------------------------------
----------------------------------------------------------------------------------------------------
T:29 FRONTIER
----------------------------------------------------------------------------------------------------
----------------------------------------------------------------------------------------------------
T:28 FRONTIER
----------------------------------------------------------------------------------------------------
----------------------------------------------------------------------------------------------------
T:27 FRONTIER
----------------------------------------------------------------------------------------------------
----------------------------------------------------------------------------------------------------
T:26 FRONTIER
----------------------------------------------------------------------------------------------------
----------------------------------------------------------------------------------------------------
T:25 FRONTIER
----------------------------------------------------------------------------------------------------
----------------------------------------------------------------------------------------------------
T:24 FRONTIER
----------------------------------------------------------------------------------------------------
----------------------------------------------------------------------------------------------------
T:23 FRONTIER
----------------------------------------------------------------------------------------------------
----------------------------------------------------------------------------------------------------
T:22 FRONTIER
----------------------------------------------------------------------------------------------------
----------------------------------------------------------------------------------------------------
T:21 FRONTIER
----------------------------------------------------------------------------------------------------
----------------------------------------------------------------------------------------------------
T:20 FRONTIER
----------------------------------------------------------------------------------------------------
----------------------------------------------------------------------------------------------------
T:19 FRONTIER
----------------------------------------------------------------------------------------------------
----------------------------------------------------------------------------------------------------
T:18 FRONTIER
----------------------------------------------------------------------------------------------------
----------------------------------------------------------------------------------------------------
T:17 FRONTIER
----------------------------------------------------------------------------------------------------
----------------------------------------------------------------------------------------------------
T:16 FRONTIER
----------------------------------------------------------------------------------------------------
----------------------------------------------------------------------------------------------------
T:15 FRONTIER
----------------------------------------------------------------------------------------------------
----------------------------------------------------------------------------------------------------
T:14 FRONTIER
----------------------------------------------------------------------------------------------------
----------------------------------------------------------------------------------------------------
T:13 FRONTIER
----------------------------------------------------------------------------------------------------
----------------------------------------------------------------------------------------------------
T:12 FRONTIER
----------------------------------------------------------------------------------------------------
----------------------------------------------------------------------------------------------------
T:11 FRONTIER
----------------------------------------------------------------------------------------------------
----------------------------------------------------------------------------------------------------
T:10 FRONTIER
----------------------------------------------------------------------------------------------------
----------------------------------------------------------------------------------------------------
T:9 FRONTIER
----------------------------------------------------------------------------------------------------
----------------------------------------------------------------------------------------------------
T:8 FRONTIER
----------------------------------------------------------------------------------------------------
----------------------------------------------------------------------------------------------------
T:7 FRONTIER
----------------------------------------------------------------------------------------------------
----------------------------------------------------------------------------------------------------
T:6 FRONTIER
----------------------------------------------------------------------------------------------------
----------------------------------------------------------------------------------------------------
T:5 FRONTIER
----------------------------------------------------------------------------------------------------
----------------------------------------------------------------------------------------------------
T:4 FRONTIER
----------------------------------------------------------------------------------------------------
----------------------------------------------------------------------------------------------------
T:3 FRONTIER
----------------------------------------------------------------------------------------------------
----------------------------------------------------------------------------------------------------
T:2 FRONTIER
----------------------------------------------------------------------------------------------------
----------------------------------------------------------------------------------------------------
T:1 FRONTIER
----------------------------------------------------------------------------------------------------
----------------------------------------------------------------------------------------------------
FINAL NON-NORMALIZED FRONTIER:
----------------------------------------------------------------------------------------------------
0.167371539882 0.937994933081
1.03945440356 0.0442827409239
0.0513781346435 1.03819415799
0.0544126787812 1.03192500408
0.944654279052 0.157039586015
1.04066944995 0.0462012269463
0.158627710491 0.942197536055
0.972702598859 0.123028372243
0.0491743678113 1.03717245942
1.03872772598 0.0470222252869
1.0304602715 0.0563586373417
0.0454716874099 1.04101735858
0.153500385801 0.9462820629
0.936701746332 0.168382991412
1.02891025294 0.0580554600796
0.940578848286 0.165829651022
0.0464554262804 1.04239771817
0.163628636338 0.939087453915
0.0493075512176 1.03598422605
1.04237579749 0.0499561760764
0.0467214492061 1.03717748542
0.158577546431 0.943266956355
1.03224696791 0.0538897907345
0.050364091267 1.0360364673
1.04251537924 0.0511182886613
0.965274624107 0.128966641232
0.0490522160094 1.03731346598
1.03818727626 0.0501028570649
1.03393853376 0.0538793554265
0.947287920348 0.152879663962
1.03707979178 0.0490531689167
0.134700001482 0.960441222293
1.03809533169 0.0459741226228
0.0436014183389 1.03804442379
0.160721781159 0.941260188053
0.944859692181 0.153439540906
1.03219587471 0.0531015558735
1.03471435919 0.0516407624206
0.0540957772363 1.03198915319
0.149626996339 0.949486660424
0.953562163479 0.144230404118
0.0484361237051 1.04333347989
0.0514726167043 1.03515863833
0.0472784325466 1.03710912586
0.135444607662 0.959957079656
0.938814351518 0.164964903989
1.03847825181 0.0438928600156
1.03533751685 0.049568244162
0.943315250426 0.157920758711
0.0457055735103 1.03810467415
0.137127896361 0.958170785396
0.0460589931639 1.03723632883
0.0467400500495 1.04097657359
0.164214433302 0.937994518447
1.03841646574 0.0468521956173
0.939238697895 0.162327608818
0.0508221430416 1.03816649214
0.938533775534 0.16338460818
0.137592603442 0.95872451072
0.0557271730081 1.03145505853
1.04006598484 0.048743833607
1.03627027248 0.0524545887675
0.0462959981786 1.03681376401
1.04275027077 0.0487251455194
1.03117259066 0.0566877823904
0.130564131106 0.964196958365
0.948670248032 0.151430358601
0.0446601357279 1.03788058163
0.152632241317 0.945623592142
0.942966252894 0.156513752589
1.03409907726 0.0524111101599
1.03292237331 0.0530509008662
0.0436341083907 1.038474711
1.03982899394 0.0443516071829
0.942989369902 0.160708372678
0.151861645818 0.947930468909
0.0447019823856 1.03826434489
0.145725529666 0.950203590664
1.03298613706 0.0607019000521
1.04077018914 0.0553160375139
0.952553004273 0.142902420752
1.03464169665 0.0543484452437
0.0505554821825 1.03694350733
0.946652067379 0.153657862648
0.160853330612 0.942008580053
1.04085616628 0.0505582159977
0.0475856867571 1.04342163939
1.03841634233 0.0451343796503
0.166630103107 0.937539438509
0.955037167655 0.140007001936
0.0518997899934 1.04436446661
0.0718261986719 1.01923491079
0.0571498152119 1.03434172568
1.03657365186 0.050129381726
0.135022276783 0.96044076885
0.952317706491 0.146238134153
0.0607064801842 1.03022125458
0.0473493119075 1.03661180812
0.147739385924 0.949463812344
0.939417368433 0.161840316951
1.03769589362 0.0494560037496
0.0462700643261 1.03617149079
0.962101552836 0.131807863704
0.165205636162 0.939124274594
1.03529305555 0.0510294316107
1.04068778308 0.0483792772045
0.0455704575282 1.03889118418
0.164161596069 0.938833101107
1.03266297406 0.053063193741
0.958330136424 0.138100145501
0.0497495002241 1.0442265839
0.168186509061 0.936263986474
1.04034747855 0.045921456541
0.944666077905 0.156007385338
0.0633686675328 1.02549367501
0.0507935481442 1.04344851699
0.155723803255 0.942991490189
1.03812583825 0.0460446601509
0.935270120709 0.170804884149
1.03328767121 0.0530561865021
0.156327088887 0.943500688588
0.947090627284 0.150181087687
0.0464143295849 1.03909923786
0.0547079962993 1.03330866397
1.03873715411 0.0420796196311
0.0491072222985 1.03463152095
0.159748416688 0.940839756455
0.953992172713 0.14093370664
0.0476635964623 1.04053445686
0.0463421667858 1.04166144635
0.0501728614278 1.0358837188
1.03389869079 0.0501943957221
0.136409104422 0.957912420925
0.949152710136 0.147182158256
1.0425397801 0.0476165209795
1.03329239797 0.0535865964623
0.150879791841 0.947395792553
0.946308841375 0.151975133
0.0583552450565 1.03034055833
1.04032575715 0.0493533831394
0.0544317754763 1.03141552879
0.054878567275 1.04290115234
0.0475355549887 1.03783367714
0.949587434671 0.146962457322
1.03790147778 0.0476185126351
0.132878373777 0.963129790862
1.0377947023 0.049899159703
0.0503084165069 1.03856518458
0.941014520947 0.160545205206
0.160735616191 0.940284653726
1.03140683178 0.0554878361079
FINAL NORMALIZED FRONTIER:
----------------------------------------------------------------------------------------------------
0.1063820748 0.769074293499
0.855948959589 0.00189120994615
0.00668419167166 0.855087610769
0.00929242294272 0.849706024989
0.774466984695 0.0986842769621
0.856993308216 0.00353808243529
0.0988666364963 0.772681904469
0.798574890694 0.0694882694714
0.00479002460561 0.854210561237
0.855324370496 0.00424284627764
0.848218382799 0.0122574369393
0.00160752128001 0.857511111039
0.0944596323511 0.776188156177
0.767631676463 0.108421716831
0.846886121115 0.0137140285711
0.770964097445 0.106229870763
0.00245305799601 0.858696043431
0.103164999145 0.770012138489
0.00490449752454 0.85319055441
0.858459936749 0.00676141705851
0.00268170825848 0.854214875674
0.0988235198157 0.77359991943
0.849754072257 0.0101381222768
0.00581260782746 0.853235399503
0.858579909129 0.00775900120715
0.792190447052 0.0745858160354
0.00468503349822 0.854331604512
0.854859846727 0.00688733138979
0.851207995729 0.0101291643686
0.776730634612 0.0951133042753
0.853907949004 0.00598625496123
0.0783004505871 0.788342703982
0.854780819144 0.00334313086506
0.0 0.854959075496
0.100666518242 0.771877263403
0.774643540026 0.0955939155102
0.849710156966 0.00946148335824
0.85187482806 0.0082075046887
0.00902004182659 0.849761092063
0.0911304023045 0.778939056334
0.782123430496 0.0876885808628
0.00415549392289 0.859499322795
0.00676540026648 0.852481850938
0.00316044288887 0.854156194258
0.0789404495578 0.787927104816
0.769447488875 0.105487552038
0.855109944103 0.00155652721491
0.852410440401 0.00642840738841
0.773316071682 0.0994406958547
0.00180854951135 0.855010795788
0.0803872587068 0.786393708774
0.00211231843038 0.85426538821
0.00269769593218 0.857476100267
0.10366849947 0.769073937568
0.855056838155 0.00409688890194
0.769812220261 0.103223637257
0.00620630945387 0.855063861773
0.769206330064 0.1041309898
0.0807866806585 0.786869039317
0.0104222483112 0.849302612928
0.856474621881 0.00572071442273
0.853212156345 0.00890611192693
0.00231602741025 0.853902648857
0.858781801541 0.00570467213885
0.848830630641 0.012539982613
0.0747456146851 0.791566714134
0.777918763743 0.0938691872483
0.000909981755469 0.854818429616
0.0937134505562 0.775622909746
0.773016103636 0.0982328894661
0.851345985011 0.00886878889096
0.850334592233 0.00941799993591
2.8097536735e-05 0.855328443921
0.856270925034 0.00195032632548
0.773035973014 0.101833647744
0.0930511134186 0.777603185776
0.000945949517395 0.855147860823
0.0877770395196 0.779554485727
0.850389398027 0.0159857934596
0.857079894897 0.0113624452878
0.781256044661 0.0865486094238
0.851812373638 0.0105318418475
0.00597711087906 0.854014023503
0.776184110481 0.0957813279112
0.100779586756 0.772519700295
0.8571537934 0.00727822196205
0.00342453199206 0.859575000932
0.855056732083 0.00262227619987
0.105744799975 0.768683286491
0.783391216313 0.0840631153746
0.0071325614216 0.86038434549
0.0242595761817 0.838812557286
0.0116450283121 0.851780594351
0.853472914974 0.00691010076848
0.0785774505186 0.788342314736
0.781053803071 0.0894120624626
0.0147020294236 0.848243487269
0.00322136464753 0.853729285284
0.0895079759077 0.778919443017
0.769965789978 0.102805334721
0.85443749678 0.00633205763904
0.00229373691721 0.85335130677
0.789463149856 0.0770247866971
0.104520451585 0.770043746206
0.85237222532 0.00768272427295
0.857009065781 0.00540777082925
0.0016924155177 0.855685954074
0.103623085162 0.769793796194
0.850111635102 0.00942855242214
0.786221567011 0.0824262259909
0.00528435860639 0.860265983804
0.107082551709 0.767588409154
0.856716569489 0.00329792109016
0.774477125967 0.0977982121809
0.0169902150545 0.844185224322
0.00618173175705 0.859598073288
0.0963706893891 0.773363452943
0.854807039939 0.00340368190008
0.766401175093 0.110500725212
0.85064857066 0.00942253724721
0.0968892214578 0.77380056055
0.776561058584 0.0927967843873
0.00241773483654 0.855864552136
0.00954625229924 0.850893790435
0.855332474098 0.0
0.00473231213933 0.85202936127
0.0998298984608 0.771516355258
0.782493029184 0.0848586199882
0.00349149642572 0.857096577099
0.00235570994564 0.858064010784
0.00564824322314 0.853104276678
0.851173750163 0.00696591027675
0.0797694474219 0.786171922775
0.778333446375 0.0902224344471
0.85860088199 0.00475300335728
0.850652633375 0.00987785334607
0.0922071967939 0.777144207305
0.77588910314 0.0943368341111
0.0126811113853 0.848345900343
0.856697899651 0.00624396574899
0.00930883680759 0.849268679695
0.00969286033406 0.859128202894
0.00338144306667 0.854778165723
0.778707097927 0.0900338381169
0.854614199112 0.00475471304021
0.0767347372122 0.790650633026
0.854522424163 0.00671247289329
0.00576475462657 0.855406108521
0.771338563924 0.101693581037
0.100678409637 0.771039842319
0.849031964017 0.011509921149
----------------------------------------------------------------------------------------------------
Model: ZDT3
Optimizer: PSOv2
Num Retries: 30.0
Num Changes: 500.0
----------------------------------------------------------------------------------------------------
T:30 FRONTIER
----------------------------------------------------------------------------------------------------
----------------------------------------------------------------------------------------------------
T:29 FRONTIER
----------------------------------------------------------------------------------------------------
----------------------------------------------------------------------------------------------------
T:28 FRONTIER
----------------------------------------------------------------------------------------------------
----------------------------------------------------------------------------------------------------
T:27 FRONTIER
----------------------------------------------------------------------------------------------------
----------------------------------------------------------------------------------------------------
T:26 FRONTIER
----------------------------------------------------------------------------------------------------
----------------------------------------------------------------------------------------------------
T:25 FRONTIER
----------------------------------------------------------------------------------------------------
----------------------------------------------------------------------------------------------------
T:24 FRONTIER
----------------------------------------------------------------------------------------------------
----------------------------------------------------------------------------------------------------
T:23 FRONTIER
----------------------------------------------------------------------------------------------------
----------------------------------------------------------------------------------------------------
T:22 FRONTIER
----------------------------------------------------------------------------------------------------
----------------------------------------------------------------------------------------------------
T:21 FRONTIER
----------------------------------------------------------------------------------------------------
----------------------------------------------------------------------------------------------------
T:20 FRONTIER
----------------------------------------------------------------------------------------------------
----------------------------------------------------------------------------------------------------
T:19 FRONTIER
----------------------------------------------------------------------------------------------------
----------------------------------------------------------------------------------------------------
T:18 FRONTIER
----------------------------------------------------------------------------------------------------
----------------------------------------------------------------------------------------------------
T:17 FRONTIER
----------------------------------------------------------------------------------------------------
----------------------------------------------------------------------------------------------------
T:16 FRONTIER
----------------------------------------------------------------------------------------------------
----------------------------------------------------------------------------------------------------
T:15 FRONTIER
----------------------------------------------------------------------------------------------------
----------------------------------------------------------------------------------------------------
T:14 FRONTIER
----------------------------------------------------------------------------------------------------
----------------------------------------------------------------------------------------------------
T:13 FRONTIER
----------------------------------------------------------------------------------------------------
----------------------------------------------------------------------------------------------------
T:12 FRONTIER
----------------------------------------------------------------------------------------------------
----------------------------------------------------------------------------------------------------
T:11 FRONTIER
----------------------------------------------------------------------------------------------------
----------------------------------------------------------------------------------------------------
T:10 FRONTIER
----------------------------------------------------------------------------------------------------
----------------------------------------------------------------------------------------------------
T:9 FRONTIER
----------------------------------------------------------------------------------------------------
----------------------------------------------------------------------------------------------------
T:8 FRONTIER
----------------------------------------------------------------------------------------------------
----------------------------------------------------------------------------------------------------
T:7 FRONTIER
----------------------------------------------------------------------------------------------------
----------------------------------------------------------------------------------------------------
T:6 FRONTIER
----------------------------------------------------------------------------------------------------
----------------------------------------------------------------------------------------------------
T:5 FRONTIER
----------------------------------------------------------------------------------------------------
----------------------------------------------------------------------------------------------------
T:4 FRONTIER
----------------------------------------------------------------------------------------------------
----------------------------------------------------------------------------------------------------
T:3 FRONTIER
----------------------------------------------------------------------------------------------------
----------------------------------------------------------------------------------------------------
T:2 FRONTIER
----------------------------------------------------------------------------------------------------
----------------------------------------------------------------------------------------------------
T:1 FRONTIER
----------------------------------------------------------------------------------------------------
----------------------------------------------------------------------------------------------------
FINAL NON-NORMALIZED FRONTIER:
----------------------------------------------------------------------------------------------------
0.00958541424336 2.98549928976
0.447425720729 0.944985432107
0.855144989201 0.19538046308
0.0472312210751 2.46784407495
0.227951590459 1.53802385262
0.0800935207405 2.2111827342
0.634744160364 0.589970984831
0.653041672755 0.45740353592
0.0629273513877 2.14269002461
0.00252220025522 3.60805821825
0.25671834271 1.4608852319
0.0187997994924 2.87374306024
0.0334544511898 2.55609420721
0.450384974846 0.871316642159
0.854880054431 0.228161181384
0.00305855331889 3.35919441409
0.06489066623 1.85877498261
0.430247170908 1.04540811292
0.846006909748 0.206407934413
0.0317144947493 2.38086536833
0.0127858331567 2.76231175553
0.0578670305296 2.29240021409
0.0874008771644 2.1108627446
0.264350164069 1.46186733976
0.442082629477 0.996325262457
0.644521835019 0.708322138343
0.84541815292 0.420731124478
0.83225638782 0.379441450947
0.040510286952 2.10052269449
0.647468949593 0.542677502992
0.235913131829 1.53122589268
0.0043184874482 3.33467082525
0.00272516888782 3.36567677183
0.855421133364 0.214822366557
0.0297670970785 2.40768326658
0.0760572372996 2.04315961746
0.241523318632 1.57297145261
0.0376724167238 2.35358700308
0.440920726389 0.895425032846
0.857762726334 0.3008545084
0.0636352717857 2.25354551741
0.0045092837595 3.21186306496
0.838087568679 0.256208481749
0.057170438268 2.21105309857
0.245575061977 1.44663687766
0.471076805337 0.85778965466
0.0108259992606 2.84358500814
0.0279437739931 2.5471576908
0.072190688591 2.08427328388
0.221308414726 1.44716667876
0.857119538344 0.124900897133
0.00420087965174 3.22712160871
0.447646012869 0.892045777549
0.053204422366 2.29509166353
0.468688030573 0.905183474915
0.0815249106405 2.08747838339
0.0180234632613 2.43808292211
0.840458364932 0.166527354953
0.00612936369706 3.02402955203
0.0742683717454 2.11334006532
0.441966545617 1.04298785079
0.856521073224 0.197503273036
0.039094601563 2.29613214446
0.247267125217 1.49216206455
0.0104063818922 2.93445678366
0.04236469054 2.06929939319
0.661694693185 0.346581847405
0.00873578218061 2.94785548918
0.0202884084454 2.3623871894
0.45474172732 0.98935250533
0.653528562947 0.542275517084
0.0798550880387 2.08125379787
0.245098758918 1.59258958282
0.843183349963 0.284690698494
0.853281440916 0.24482568578
0.259240491459 1.38969233967
0.0808731743305 1.99709243617
0.0202981114194 2.7659578481
0.00171698215653 3.44932983507
0.0500760015443 2.25407040565
0.0456105988375 2.34210608442
0.23632876261 1.40418412189
0.008877319668 2.69915867018
0.445102625735 0.902931857088
0.851405752786 0.202087762473
0.0741641173034 2.11734610317
0.865306123685 0.276031703633
0.0605262817349 2.22550711808
0.0124618105669 3.06357901235
0.440273523205 0.919452047327
0.0352210941653 2.48546166015
0.663046152383 0.507216770023
0.0329517284936 2.29864509136
0.454599114205 1.03775295581
0.851572715106 0.31864926255
0.292245440766 1.46828403052
0.00348414976614 3.60644903552
0.847698596903 -0.07233361284
0.0584011453059 1.91595774767
0.00445092074502 3.36108410971
0.0288637982913 2.60604434756
0.0155069807818 2.77252487367
0.0937200276316 2.06779316628
0.237009173845 1.39477337586
0.8523609069 0.137602323797
0.0452346986875 2.41293876185
0.129260751031 1.91720355458
0.836529125553 0.186184585873
0.0221223455643 2.18830693428
0.658826414366 0.53927436373
0.223987007372 1.54982225772
0.00299380652683 3.44468495821
0.260066076284 1.35638531957
0.0395167902859 2.30537133039
0.077653430439 2.12464711784
0.0232810420773 2.65011404989
0.863743522725 0.113601058097
0.00265577583502 3.39296459045
0.0340368550515 2.36933068345
0.259324200323 1.45984366147
0.450394096267 0.981606379392
0.65977890974 0.607308812552
0.856843490637 0.3259754118
0.861320261583 0.255571471066
0.421419899884 1.07515413877
0.0743497250041 1.9789190273
0.00488105548916 3.16878062533
0.0329190602693 2.34916421903
0.847490015151 0.259015874432
0.0113375024225 2.65371910534
0.445894633207 0.931727300236
0.24116623237 1.39309722559
0.0489033308471 2.36315712617
0.837534330742 0.302256253967
0.106898488178 1.92860750415
0.44272716339 0.9796964345
0.0381266538287 2.35995740472
0.00382495793361 3.3303648957
0.0161658256175 2.85116254807
0.0330462030432 2.51081351101
0.234769136377 1.48725156515
0.0116480397672 2.84646232209
0.849866197378 0.270114031912
0.000845111964164 2.93060200026
0.222472180013 1.54192737278
0.0194340756508 2.65604016355
0.053591618643 2.41435486425
0.855235310786 0.183852650545
0.43167573718 0.960262273442
0.863563866775 0.242650929877
0.251043179707 1.31536636747
0.0178923928525 2.6366481109
0.0389916514523 2.38344841967
0.64943396589 0.492956976109
0.00187832333976 3.57603281135
0.865386729319 0.172514923744
0.0906457510865 2.09635906362
0.0198755243844 2.51671082442
0.245851172557 1.37308179512
0.446457274991 0.956506037406
0.00907395904764 2.94386401672
0.0359830127066 2.42708663412
0.861380567383 0.346937707376
0.0053169248659 3.18896613618
0.237677075183 1.50035995389
0.0747384585639 2.13307703522
0.456568595357 0.938468186122
FINAL NORMALIZED FRONTIER:
----------------------------------------------------------------------------------------------------
0.00958386329826 0.487070801908
0.447425125589 0.16204495759
0.855145284111 0.0426431769798
0.0472297523107 0.404615432821
0.227950516207 0.256507836446
0.0800921237145 0.363732804817
0.634743974139 0.105496029957
0.653041526474 0.0843798552981
0.0629259168879 0.352822856482
0.00252063389113 0.586235892414
0.256717331255 0.244220713164
0.0187982686623 0.469269568792
0.0334529523508 0.418672467348
0.450384386166 0.150310530714
0.854880348762 0.0478646953754
0.00305698812566 0.546595304938
0.0648892360161 0.307599088019
0.430246538267 0.17804091199
0.84600718471 0.0443997017726
0.031712992112 0.390760918945
0.0127842891981 0.451520091737
0.0578655849832 0.376669634369
0.0873994960903 0.347753207716
0.264349169275 0.244377149463
0.442082022673 0.170222687745
0.644521670139 0.124347743927
0.845418426597 0.0785384436128
0.832256632765 0.0719615654649
0.0405088035159 0.346106179688
0.647468791147 0.0979628275685
0.235912074957 0.255425014753
0.0043169250054 0.542689033909
0.00272360296681 0.547627855534
0.855421428877 0.0457400052955
0.02976559019 0.395032641966
0.0760558314623 0.336969029027
0.241522274006 0.262074509347
0.0376709270925 0.386415849852
0.440920117048 0.154150666378
0.857763026959 0.0594437443983
0.0636338388313 0.370480614604
0.00450772173321 0.523127443661
0.838087826352 0.0523322452761
0.0571689912009 0.36371215564
0.245574026197 0.241951145943
0.471076261827 0.14815586731
0.0108244510237 0.464465805117
0.0279422631242 0.41724900297
0.0721892743131 0.343517871658
0.221307325972 0.242035535984
0.857119837564 0.0314167497036
0.0041993169522 0.525557920203
0.44764541821 0.153612397401
0.0532029666412 0.377098345314
0.468687481848 0.155705052231
0.0815235167392 0.344028400008
0.0180219307364 0.399874889751
0.840458627781 0.0380472729653
0.0061278052074 0.493208143725
0.074266962003 0.348147810897
0.441965938559 0.177655397459
0.856521371138 0.0429813114629
0.0390931150364 0.377264079643
0.247266093131 0.249202683221
0.0104048327393 0.478940431423
0.042363211152 0.341132736441
0.661694565794 0.0667274817337
0.00873422938076 0.48107466127
0.0202868808649 0.387817598719
0.45474114815 0.169112023261
0.653528417728 0.097898796732
0.0798536904922 0.34303690899
0.245097722098 0.265199408162
0.843183618761 0.0568690713852
0.853281731757 0.050519122147
0.25923948551 0.232880662803
0.0808717790065 0.32963115948
0.0202965838601 0.452100864227
0.00171541403465 0.560952640076
0.0500745389901 0.370564222094
0.0456091265353 0.384587097125
0.236327706645 0.235189004761
0.00887576717713 0.441460672238
0.445102025523 0.155346400422
0.851406039533 0.043711557692
0.0741627073335 0.348785917731
0.865306440776 0.055489812379
0.0605248419936 0.366014482517
0.0124602659009 0.4995078298
0.440272912452 0.15797783993
0.0352195991829 0.40742167228
0.663046027942 0.0923144196294
0.0329502285571 0.377664357584
0.454598534724 0.176821550557
0.851573002218 0.062278204439
0.292244506868 0.24539924021
0.00348258550198 0.585979571696
0.847698875557 0.0
0.0583997009254 0.316707517461
0.00444935859133 0.546896307508
0.0288622894308 0.426628838964
0.0155054427634 0.453146901246
0.0937186603522 0.340892815172
0.237008119366 0.233690002114
0.852361195733 0.0334399125995
0.0452332255647 0.395869770212
0.129259461337 0.316905957398
0.836529379825 0.0411783999865
0.0221208219873 0.36008900394
0.658826280713 0.0974207542042
0.223985924465 0.258387160404
0.00299224119226 0.56021277496
0.260065072138 0.227575311756
0.0395153046809 0.378735755121
0.0776520280863 0.349948869135
0.0232795210298 0.433648537536
0.863743836406 0.0296168404751
0.00265420976253 0.551974430418
0.0340353574838 0.388923601997
0.259323194557 0.244054805293
0.450393507606 0.167878171742
0.659778778166 0.10825770789
0.856843789255 0.0634451594375
0.861320569974 0.0522307782195
0.421419247973 0.18277904554
0.0743483154394 0.32673638494
0.00487949427444 0.516265002486
0.0329175602615 0.385711361071
0.84749029335 0.0527794243892
0.0113359553022 0.434222773377
0.445894034724 0.159933119197
0.241165186965 0.233423014386
0.048901865733 0.387940239077
0.837534587208 0.0596670232232
0.106897149667 0.318722450006
0.442726557993 0.167573943741
0.0381251651891 0.387430567376
0.00382339441344 0.542003158444
0.0161642890374 0.4656728032
0.0330447033129 0.411459874079
0.234768077007 0.24842050808
0.0116464933248 0.464924121728
0.849866480765 0.0545472085147
0.000843541938993 0.478326417349
0.222471093799 0.257129613619
0.0194325462053 0.434592486084
0.0535901637633 0.396095335885
0.855235605893 0.0408069547027
0.431675107657 0.164478348686
0.863564180064 0.0501727133878
0.251042155864 0.221041555816
0.0178908600415 0.431503598322
0.038990164701 0.391172363562
0.649433811733 0.0900430302246
0.00187675557008 0.581134684754
0.865387046586 0.0390010104734
0.090644377096 0.34544297045
0.0198739959026 0.412399235145
0.24585013738 0.230234831094
0.446456677737 0.163880031853
0.00907240698603 0.480438874503
0.0359815193874 0.398123332037
0.861380875906 0.0667841653418
0.00531536460269 0.519480277247
0.237676022161 0.250508494447
0.0747370498478 0.351291639244
0.456568020176 0.161006849777
----------------------------------------------------------------------------------------------------
Model: ZDT4
Optimizer: PSOv2
Num Retries: 30.0
Num Changes: 500.0
----------------------------------------------------------------------------------------------------
T:30 FRONTIER
----------------------------------------------------------------------------------------------------
----------------------------------------------------------------------------------------------------
T:29 FRONTIER
----------------------------------------------------------------------------------------------------
----------------------------------------------------------------------------------------------------
T:28 FRONTIER
----------------------------------------------------------------------------------------------------
----------------------------------------------------------------------------------------------------
T:27 FRONTIER
----------------------------------------------------------------------------------------------------
----------------------------------------------------------------------------------------------------
T:26 FRONTIER
----------------------------------------------------------------------------------------------------
----------------------------------------------------------------------------------------------------
T:25 FRONTIER
----------------------------------------------------------------------------------------------------
----------------------------------------------------------------------------------------------------
T:24 FRONTIER
----------------------------------------------------------------------------------------------------
----------------------------------------------------------------------------------------------------
T:23 FRONTIER
----------------------------------------------------------------------------------------------------
----------------------------------------------------------------------------------------------------
T:22 FRONTIER
----------------------------------------------------------------------------------------------------
----------------------------------------------------------------------------------------------------
T:21 FRONTIER
----------------------------------------------------------------------------------------------------
----------------------------------------------------------------------------------------------------
T:20 FRONTIER
----------------------------------------------------------------------------------------------------
----------------------------------------------------------------------------------------------------
T:19 FRONTIER
----------------------------------------------------------------------------------------------------
----------------------------------------------------------------------------------------------------
T:18 FRONTIER
----------------------------------------------------------------------------------------------------
----------------------------------------------------------------------------------------------------
T:17 FRONTIER
----------------------------------------------------------------------------------------------------
----------------------------------------------------------------------------------------------------
T:16 FRONTIER
----------------------------------------------------------------------------------------------------
----------------------------------------------------------------------------------------------------
T:15 FRONTIER
----------------------------------------------------------------------------------------------------
----------------------------------------------------------------------------------------------------
T:14 FRONTIER
----------------------------------------------------------------------------------------------------
----------------------------------------------------------------------------------------------------
T:13 FRONTIER
----------------------------------------------------------------------------------------------------
----------------------------------------------------------------------------------------------------
T:12 FRONTIER
----------------------------------------------------------------------------------------------------
----------------------------------------------------------------------------------------------------
T:11 FRONTIER
----------------------------------------------------------------------------------------------------
----------------------------------------------------------------------------------------------------
T:10 FRONTIER
----------------------------------------------------------------------------------------------------
----------------------------------------------------------------------------------------------------
T:9 FRONTIER
----------------------------------------------------------------------------------------------------
----------------------------------------------------------------------------------------------------
T:8 FRONTIER
----------------------------------------------------------------------------------------------------
----------------------------------------------------------------------------------------------------
T:7 FRONTIER
----------------------------------------------------------------------------------------------------
----------------------------------------------------------------------------------------------------
T:6 FRONTIER
----------------------------------------------------------------------------------------------------
----------------------------------------------------------------------------------------------------
T:5 FRONTIER
----------------------------------------------------------------------------------------------------
----------------------------------------------------------------------------------------------------
T:4 FRONTIER
----------------------------------------------------------------------------------------------------
----------------------------------------------------------------------------------------------------
T:3 FRONTIER
----------------------------------------------------------------------------------------------------
----------------------------------------------------------------------------------------------------
T:2 FRONTIER
----------------------------------------------------------------------------------------------------
----------------------------------------------------------------------------------------------------
T:1 FRONTIER
----------------------------------------------------------------------------------------------------
----------------------------------------------------------------------------------------------------
FINAL NON-NORMALIZED FRONTIER:
----------------------------------------------------------------------------------------------------
0.129732824485 63.5188275564
0.0138675387339 76.6688165992
0.00356757058718 87.8227266135
0.00986700031829 81.5455490888
0.124795227549 58.5807541671
0.0787735433618 60.1861471919
0.0244434253141 76.2847693319
0.00244571046084 92.510686917
0.397450769328 53.4310406912
0.00717996067219 68.0972592271
0.0885697776972 68.3539911457
0.000635447970455 77.3446961084
0.435178512561 52.0016955137
0.000943698468896 99.7762426025
0.0289272402837 66.5689192342
0.354375742501 53.0399069276
0.00362126780277 96.6309899754
0.027868122848 88.1263196352
0.0278090283082 56.074640673
0.0100323455461 71.3595209267
0.0908824191204 50.6069276765
0.0178174158381 78.1784761271
0.00487332903332 90.8339664844
0.00802653969028 86.116128358
0.286503422895 47.0827025543
0.000592551963881 67.0259219844
0.0109886989594 71.2221418218
0.134651576064 59.4776103844
0.00249858391551 80.9348531468
0.0473877809532 50.4803979923
0.00263961438591 79.2958875043
0.0197334966825 60.8618497026
0.00431311802774 80.347982399
0.18333757596 51.5722179626
0.0126941398945 80.2428758278
0.48420211778 50.8105589933
0.000548024334428 75.0696209295
0.206997181734 61.1188948038
0.0552996930509 64.7530997205
0.00924626642185 75.049316537
0.00373371096054 81.9588302359
0.622258231007 44.3978812829
0.00104151824051 76.9275176277
0.121274009911 57.314545273
0.00013135494599 93.2211467235
0.0820123572774 39.4053296983
0.0333022476575 64.5213306215
0.00058832987114 110.450189115
0.0270757792221 81.3271003889
0.142647557692 62.6635927112
0.037301370265 68.4122721385
0.789660597831 49.807604989
0.00214746715991 92.6678885585
0.18440178469 58.4954534347
0.0184404007113 66.6872729021
0.00659179225519 80.6614186235
0.000242507287538 98.6822366958
0.0267134436406 71.2242989094
0.454979773234 59.3103337752
0.072127283889 68.5236507132
0.00396341113457 91.8853484139
0.0410207072764 76.3477272771
0.11993623169 69.0742531438
0.00284593313951 105.192088661
0.0316441168612 80.6515331206
0.202861305079 66.6370453375
0.00717799707334 98.5853491638
0.00189663808967 106.391531575
0.0139519720073 77.0580712837
0.0817719277579 57.6685466156
0.69211599965 44.0933115987
0.000574749054366 119.690651397
0.0180389941075 81.3058766937
0.111646942525 67.1848558541
0.068240594793 71.5866169672
0.035044077536 69.5825418138
0.00291527643236 74.4577233135
0.426116674939 54.349490772
0.00339490820678 63.0778509316
0.000644544209989 69.3272208382
0.00591694012317 67.7429854159
0.404385233144 56.8344901569
0.728275485399 40.3500387886
0.00270017238521 91.5654345132
0.0255577212263 79.3392054634
0.0700440457573 70.3032724737
0.225317696241 56.6638020416
FINAL NORMALIZED FRONTIER:
----------------------------------------------------------------------------------------------------
0.129733851438 0.0892134170916
0.0138672083649 0.137864818233
0.00356711955753 0.179131267098
0.00986662308433 0.155907408827
0.12479619666 0.0709438817673
0.0787739733446 0.0768834015484
0.024443218838 0.136443947265
0.00244524628898 0.196475451684
0.397454932507 0.0518913353915
0.00717955196047 0.106152375374
0.0885703224396 0.107102214003
0.000634962591983 0.140365389528
0.435183117707 0.0466031450077
0.000943216701475 0.2233560417
0.0289270863339 0.100497930961
0.35437940107 0.0504442463047
0.00362081740217 0.211719458068
0.0278679564911 0.180254479127
0.027808861259 0.0616719399803
0.0100319702491 0.118221860912
0.0908829909546 0.0414428814268
0.0178171317406 0.143450149981
0.00487289330019 0.190272039795
0.00802614089594 0.172817315349
0.286506286363 0.0284042021111
0.000592066082897 0.102188717474
0.0109883348657 0.117713595398
0.134652660639 0.0742620070868
0.00249812036304 0.153647999093
0.0473878432625 0.0409747558335
0.00263915248557 0.147584269711
0.0197332350312 0.0793833179965
0.00431267573192 0.15147673613
0.183339230875 0.0450141942832
0.0126937957795 0.151087870258
0.484207297221 0.0421962621976
0.000547537931818 0.131948226989
0.206999113813 0.0803343153159
0.0552998480456 0.0937798901114
0.00924588191619 0.131873106231
0.00373326187717 0.15743643724
0.622265027728 0.0184710899054
0.00104103761901 0.138821942036
0.121274937773 0.0662592514885
0.00013086366224 0.199103960721
0.0820128252019 0.0
0.0333021449596 0.0929224071605
0.000587843940696 0.262846755482
0.0270756035831 0.155099207748
0.142648735938 0.0860492795862
0.0373013144153 0.107317837905
0.789669355615 0.0384856037755
0.00214699949423 0.19705705522
0.184403452071 0.0706282921396
0.0184401239118 0.100935807506
0.00659137665327 0.152636365347
0.000242017305899 0.219308515877
0.026713263757 0.117721576038
0.454984610345 0.0736431288969
0.0721276360132 0.107729908493
0.00396296474206 0.194161868436
0.0410206949976 0.136676874627
0.11993714388 0.109766988497
0.00284547365612 0.243393206616
0.0316439947388 0.152599791661
0.202863188708 0.100749979109
0.00717758833861 0.218950058226
0.00189616748561 0.247830820838
0.0139516426274 0.139304955236
0.0817723928658 0.0675689606654
0.692123614732 0.0173442644886
0.000574262964827 0.297033965509
0.0180387126057 0.155020685819
0.111647757609 0.102776729785
0.0682409013859 0.119062054811
0.035043995243 0.111647519035
0.0029148177613 0.129684371386
0.426121173928 0.0552893521627
0.00339445515445 0.0875819229057
0.000644058938077 0.110702900514
0.00591651661558 0.104841658137
0.404389477557 0.0644831774594
0.728283524077 0.00349516800077
0.00269971119429 0.19297827357
0.0255575278039 0.147744534438
0.070044373477 0.114314027451
0.225319842939 0.06385167762
