----------------------------------------------------------------------------------------------------
Model: Osyczka2
Optimizer: PSOProbs
Num Retries: 30.0
Num Changes: 500.0
----------------------------------------------------------------------------------------------------
T:30 FRONTIER
----------------------------------------------------------------------------------------------------
[-87.65397050998021, 29.66607929458094]
[-87.65397050998021, 29.66607929458094]
[-87.65397050998021, 29.66607929458094]
[-87.65397050998021, 29.66607929458094]
[-187.18710963017227, 53.31990414481031]
[-187.18710963017227, 53.31990414481031]
[-214.4852960123691, 74.66188831190223]
[-187.18710963017227, 53.31990414481031]
[-214.4852960123691, 74.66188831190223]
[-209.355225137416, 67.64560878509198]

----------------------------------------------------------------------------------------------------
T:29 FRONTIER
----------------------------------------------------------------------------------------------------
[-81.60439301536839, 28.098587390368266]
[-217.72971487924477, 58.88255772061259]
[-81.60439301536839, 28.098587390368266]
[-207.4558037603156, 53.60897072368524]
[-81.60439301536839, 28.098587390368266]
[-207.4558037603156, 53.60897072368524]
[-81.60439301536839, 28.098587390368266]
[-216.8557597450225, 58.16048250004986]
[-207.4558037603156, 53.60897072368524]
[-217.72971487924477, 58.88255772061259]

----------------------------------------------------------------------------------------------------
T:28 FRONTIER
----------------------------------------------------------------------------------------------------
[-218.53622203128023, 57.29353558251846]
[-68.60226858186482, 26.28066795041819]
[-215.86055027960506, 55.71720830768531]
[-215.86055027960506, 55.71720830768531]
[-72.79835632973291, 26.46294093321641]
[-218.99461182708555, 56.899266618513174]
[-218.53622203128023, 57.29353558251846]
[-72.79835632973291, 26.46294093321641]
[-215.86055027960506, 55.71720830768531]
[-72.79835632973291, 26.46294093321641]

----------------------------------------------------------------------------------------------------
T:27 FRONTIER
----------------------------------------------------------------------------------------------------
[-60.823985635219614, 25.330421111040405]
[-67.55614008920605, 25.81124905849553]
[-218.16018154270617, 55.941301850068776]
[-219.5096518697746, 56.62524103821061]
[-67.55614008920605, 25.81124905849553]
[-218.16018154270617, 55.941301850068776]
[-219.5096518697746, 56.62524103821061]
[-61.03762814610221, 25.32944535363995]
[-218.16018154270617, 55.941301850068776]
[-219.5096518697746, 56.62524103821061]

----------------------------------------------------------------------------------------------------
T:26 FRONTIER
----------------------------------------------------------------------------------------------------
[-213.66323713772033, 48.56017431420327]
[-213.65746169238975, 48.65141296529691]
[-213.65746169238975, 48.65141296529691]
[-213.65746169238975, 48.65141296529691]
[-52.335606717402165, 26.604772880767836]
[-213.66323713772033, 48.56017431420327]
[-213.65746169238975, 48.65141296529691]
[-213.65746169238975, 48.65141296529691]
[-52.335606717402165, 26.604772880767836]
[-32.11003057498289, 25.170014289390345]

----------------------------------------------------------------------------------------------------
T:25 FRONTIER
----------------------------------------------------------------------------------------------------
[-217.38569640220507, 64.70485180022357]
[-194.1645135589791, 54.56486585080164]
[-57.08068552590255, 25.079301997493094]
[-57.08068552590255, 25.079301997493094]
[-57.08068552590255, 25.079301997493094]
[-194.1645135589791, 54.56486585080164]
[-57.08068552590255, 25.079301997493094]
[-216.28560446554226, 63.739729796597004]
[-217.38569640220507, 64.70485180022357]
[-211.34203624907605, 61.26181989881144]

----------------------------------------------------------------------------------------------------
T:24 FRONTIER
----------------------------------------------------------------------------------------------------
[-220.06227615385515, 54.86332637866498]
[-83.46289986446129, 26.482287812845573]
[-80.48027753354427, 26.06863821238307]
[-80.86208123462991, 26.105843050105484]
[-80.48027753354427, 26.06863821238307]
[-215.2809213045704, 52.826979729765256]
[-220.06227615385515, 54.86332637866498]
[-218.7805732469685, 54.068037253907505]
[-220.06227615385515, 54.86332637866498]
[-215.2809213045704, 52.826979729765256]

----------------------------------------------------------------------------------------------------
T:23 FRONTIER
----------------------------------------------------------------------------------------------------
[-92.09221720125366, 28.95795551754587]
[-94.96363656178802, 29.198596088784342]
[-94.96363656178802, 29.198596088784342]
[-92.18009307912425, 28.961091150856312]
[-94.83291603123936, 29.183375833727688]
[-195.84903417956696, 59.342701331979356]
[-215.8839352561479, 78.20740997651104]
[-195.84903417956696, 59.342701331979356]
[-215.8839352561479, 78.20740997651104]
[-195.84903417956696, 59.342701331979356]

----------------------------------------------------------------------------------------------------
T:22 FRONTIER
----------------------------------------------------------------------------------------------------
[-215.49663090293106, 59.12289517526878]
[-59.65586175269006, 26.428940133067744]
[-215.1238301301096, 58.410850499272264]
[-215.1238301301096, 58.410850499272264]
[-215.1238301301096, 58.410850499272264]
[-215.1238301301096, 58.410850499272264]
[-59.65586175269006, 26.428940133067744]
[-215.1238301301096, 58.410850499272264]
[-59.65586175269006, 26.428940133067744]
[-43.02084189140313, 25.309484586854182]

----------------------------------------------------------------------------------------------------
T:21 FRONTIER
----------------------------------------------------------------------------------------------------
[-87.64344819290265, 27.3801544736495]
[-216.57816870773976, 59.64260387504336]
[-87.64344819290265, 27.3801544736495]
[-216.57816870773976, 59.64260387504336]
[-87.64344819290265, 27.3801544736495]
[-216.57816870773976, 59.64260387504336]
[-216.57816870773976, 59.64260387504336]
[-87.64344819290265, 27.3801544736495]
[-87.64344819290265, 27.3801544736495]
[-217.6197403088311, 61.39402063469477]

----------------------------------------------------------------------------------------------------
T:20 FRONTIER
----------------------------------------------------------------------------------------------------
[-209.57020046824945, 68.35686350282228]
[-199.91428798575248, 53.07314935864645]
[-199.91428798575248, 53.07314935864645]
[-199.91428798575248, 53.07314935864645]
[-199.91428798575248, 53.07314935864645]
[-199.91428798575248, 53.07314935864645]
[-68.58725058296358, 25.549904158721663]
[-68.58725058296358, 25.549904158721663]
[-68.58725058296358, 25.549904158721663]
[-60.61140944381458, 25.008900604135288]

----------------------------------------------------------------------------------------------------
T:19 FRONTIER
----------------------------------------------------------------------------------------------------
[-64.74728384600708, 25.544018631540588]
[-83.42748978812621, 27.4194559152576]
[-83.42748978812621, 27.4194559152576]
[-217.39457243279605, 54.161408057928675]
[-217.39457243279605, 54.161408057928675]
[-217.39457243279605, 54.161408057928675]
[-217.39457243279605, 54.161408057928675]
[-217.39457243279605, 54.161408057928675]
[-64.74728384600708, 25.544018631540588]
[-216.3052188110502, 53.94981322058456]

----------------------------------------------------------------------------------------------------
T:18 FRONTIER
----------------------------------------------------------------------------------------------------
[-220.59842416401764, 52.319249608962366]
[-221.4127512031108, 52.79897905201541]
[-24.65340779330605, 24.93734911970123]
[-24.65340779330605, 24.93734911970123]
[-24.65340779330605, 24.93734911970123]
[-221.4127512031108, 52.79897905201541]
[-221.4127512031108, 52.79897905201541]
[-220.59842416401764, 52.319249608962366]
[-220.89734520384275, 52.464922135885004]
[-220.59842416401764, 52.319249608962366]

----------------------------------------------------------------------------------------------------
T:17 FRONTIER
----------------------------------------------------------------------------------------------------
[-211.1331364300551, 51.384783542976045]
[-211.1331364300551, 51.384783542976045]
[-211.1331364300551, 51.384783542976045]
[-16.220342517005026, 24.467111738800735]
[-211.1331364300551, 51.384783542976045]
[-211.1331364300551, 51.384783542976045]
[-211.1331364300551, 51.384783542976045]
[-209.1059794415463, 50.93534905075547]
[-17.30652606206319, 24.51783363338057]
[-15.212847860499991, 24.343768104480034]

----------------------------------------------------------------------------------------------------
T:16 FRONTIER
----------------------------------------------------------------------------------------------------
[-223.07329870864353, 72.0389004061335]
[-217.55350756365567, 59.406964616767944]
[-217.55350756365567, 59.406964616767944]
[-217.77672314987817, 59.66813573699889]
[-217.55350756365567, 59.406964616767944]
[-59.80259868084906, 27.496794422616787]
[-217.55350756365567, 59.406964616767944]
[-67.68131473431899, 28.182017180404618]
[-59.80259868084906, 27.496794422616787]
[-67.68131473431899, 28.182017180404618]

----------------------------------------------------------------------------------------------------
T:15 FRONTIER
----------------------------------------------------------------------------------------------------
[-210.64387992557627, 49.2192006628145]
[-27.173822027407923, 24.141586844097738]
[-210.64387992557627, 49.2192006628145]
[-45.74190673551655, 25.263119716659777]
[-210.29762506690113, 49.142561103159345]
[-210.64387992557627, 49.2192006628145]
[-45.74190673551655, 25.263119716659777]
[-210.62530376035065, 49.232248108987896]
[-209.5347770755697, 48.999023443343035]
[-210.64387992557627, 49.2192006628145]

----------------------------------------------------------------------------------------------------
T:14 FRONTIER
----------------------------------------------------------------------------------------------------
[-12.829599237266123, 24.333612235420812]
[-213.3421993517262, 50.851769005293605]
[-13.434010672628963, 24.356946956971537]
[-213.3421993517262, 50.851769005293605]
[-28.78008700909912, 26.15281073793099]
[-220.0067709998415, 52.78166352571824]
[-220.0067709998415, 52.78166352571824]
[-219.5023788001005, 52.51124021502332]
[-220.0067709998415, 52.78166352571824]
[-219.5023788001005, 52.51124021502332]

----------------------------------------------------------------------------------------------------
T:13 FRONTIER
----------------------------------------------------------------------------------------------------
[-32.195071537022045, 24.645983398681036]
[-212.8568913256282, 48.72277307098065]
[-212.8568913256282, 48.72277307098065]
[-43.18081224955542, 25.094141645775498]
[-212.8568913256282, 48.72277307098065]
[-212.8568913256282, 48.72277307098065]
[-44.14005585702071, 24.936925272029562]
[-213.25232996160943, 49.68584749642442]
[-212.8568913256282, 48.72277307098065]
[-212.8568913256282, 48.72277307098065]

----------------------------------------------------------------------------------------------------
T:12 FRONTIER
----------------------------------------------------------------------------------------------------
[-204.76813048833358, 64.82903040581817]
[-84.5669079414959, 26.50785925320655]
[-84.5669079414959, 26.50785925320655]
[-84.5669079414959, 26.50785925320655]
[-84.5669079414959, 26.50785925320655]
[-207.3596045875155, 70.28823623216724]
[-84.5669079414959, 26.50785925320655]
[-207.3596045875155, 70.28823623216724]
[-219.99112972986464, 89.32546024646412]
[-196.48212164758112, 63.302087906078505]

----------------------------------------------------------------------------------------------------
T:11 FRONTIER
----------------------------------------------------------------------------------------------------
[-219.9341355246071, 59.36219436209893]
[-218.32800082862178, 58.14001313418093]
[-218.32800082862178, 58.14001313418093]
[-53.15072800509162, 25.394154977373308]
[-218.32800082862178, 58.14001313418093]
[-54.60884870325369, 25.455207259142504]
[-54.60884870325369, 25.455207259142504]
[-218.66413246449505, 58.300332274978466]
[-59.82552025993311, 26.34977446354272]
[-219.90439954887776, 59.314905333415616]

----------------------------------------------------------------------------------------------------
T:10 FRONTIER
----------------------------------------------------------------------------------------------------
[-13.471175796963191, 24.001176839505366]
[-208.7705989595827, 54.86414940727929]
[-55.018256386089895, 25.907386458760858]
[-208.7705989595827, 54.86414940727929]
[-208.7705989595827, 54.86414940727929]
[-216.78994621961553, 61.545720029541954]
[-208.7705989595827, 54.86414940727929]
[-52.10437403346167, 25.70343851927365]
[-55.018256386089895, 25.907386458760858]
[-216.78994621961553, 61.545720029541954]

----------------------------------------------------------------------------------------------------
T:9 FRONTIER
----------------------------------------------------------------------------------------------------
[-51.36852177638254, 24.41865088493504]
[-218.26800453297278, 57.08029135342521]
[-218.26800453297278, 57.08029135342521]
[-218.26800453297278, 57.08029135342521]
[-53.2460659111146, 24.734487014672048]
[-51.418005979884796, 24.448553601017352]
[-218.26800453297278, 57.08029135342521]
[-215.82960420482144, 56.38864618523513]
[-218.26800453297278, 57.08029135342521]
[-51.36852177638254, 24.41865088493504]

----------------------------------------------------------------------------------------------------
T:8 FRONTIER
----------------------------------------------------------------------------------------------------
[-60.33095472241136, 25.502118899371133]
[-217.80052364051042, 55.944283140352574]
[-60.33095472241136, 25.502118899371133]
[-217.80052364051042, 55.944283140352574]
[-37.111263835379326, 24.18979929682043]
[-217.80052364051042, 55.944283140352574]
[-217.80052364051042, 55.944283140352574]
[-217.80052364051042, 55.944283140352574]
[-54.11961437238076, 24.95906255605979]
[-217.80052364051042, 55.944283140352574]

----------------------------------------------------------------------------------------------------
T:7 FRONTIER
----------------------------------------------------------------------------------------------------
[32.09525414568352, 36.88073650672249]
[-16.655920728374173, 39.849517647179255]
[-16.655920728374173, 39.849517647179255]
[-16.655920728374173, 39.849517647179255]
[-203.90410480311274, 75.09095346758066]
[-203.90410480311274, 75.09095346758066]
[-203.90410480311274, 75.09095346758066]
[-203.90410480311274, 75.09095346758066]
[-203.90410480311274, 75.09095346758066]
[-203.90410480311274, 75.09095346758066]

----------------------------------------------------------------------------------------------------
T:6 FRONTIER
----------------------------------------------------------------------------------------------------
[-16.721349527831507, 24.434469115172245]
[-83.63459993323143, 31.249461602934154]
[-80.28916587985691, 31.097474948477764]
[-216.43448744434846, 57.162719950154155]
[-16.721349527831507, 24.434469115172245]
[-216.57478972378067, 57.27436777532846]
[-216.43448744434846, 57.162719950154155]
[-186.68753142795285, 50.668127249987535]
[-216.57478972378067, 57.27436777532846]
[-216.43448744434846, 57.162719950154155]

----------------------------------------------------------------------------------------------------
T:5 FRONTIER
----------------------------------------------------------------------------------------------------
[-59.87986457738378, 27.079292139019238]
[-202.54344822110173, 54.46391043268131]
[-62.41825053230693, 27.21357321362905]
[-62.41825053230693, 27.21357321362905]
[-202.54344822110173, 54.46391043268131]
[-202.54344822110173, 54.46391043268131]
[-202.54344822110173, 54.46391043268131]
[-202.54344822110173, 54.46391043268131]
[-62.41825053230693, 27.21357321362905]
[-202.54344822110173, 54.46391043268131]

----------------------------------------------------------------------------------------------------
T:4 FRONTIER
----------------------------------------------------------------------------------------------------
[-82.4210161398557, 28.539066987263563]
[-78.73334011237286, 28.159126174250368]
[-78.73334011237286, 28.159126174250368]
[-78.73334011237286, 28.159126174250368]
[-82.4210161398557, 28.539066987263563]
[-208.63981757752572, 63.096960209736]
[-208.63981757752572, 63.096960209736]
[-208.63981757752572, 63.096960209736]
[-208.63981757752572, 63.096960209736]
[-208.63981757752572, 63.096960209736]

----------------------------------------------------------------------------------------------------
T:3 FRONTIER
----------------------------------------------------------------------------------------------------
[-19.299994772529242, 27.331024727352816]
[-210.09748607809487, 52.409882595656015]
[-210.09748607809487, 52.409882595656015]
[-19.299994772529242, 27.331024727352816]
[-19.299994772529242, 27.331024727352816]
[-214.57734897757862, 53.43096914798015]
[-214.57734897757862, 53.43096914798015]
[-214.57734897757862, 53.43096914798015]
[-214.57734897757862, 53.43096914798015]
[-214.69379167680415, 53.608346052709656]

----------------------------------------------------------------------------------------------------
T:2 FRONTIER
----------------------------------------------------------------------------------------------------
[-43.593569199411704, 24.289712324139753]
[-43.593569199411704, 24.289712324139753]
[-43.593569199411704, 24.289712324139753]
[-216.84388172702873, 56.95876160599599]
[-216.84388172702873, 56.95876160599599]
[-216.84388172702873, 56.95876160599599]
[-216.84388172702873, 56.95876160599599]
[-47.472528831079195, 24.810435581773607]
[-216.84388172702873, 56.95876160599599]
[-212.14492686033208, 56.06472163397774]

----------------------------------------------------------------------------------------------------
T:1 FRONTIER
----------------------------------------------------------------------------------------------------
[-86.03544965418561, 26.92028760959289]
[-86.03544965418561, 26.92028760959289]
[-86.03544965418561, 26.92028760959289]
[-86.03544965418561, 26.92028760959289]
[-86.03544965418561, 26.92028760959289]
[-195.3405370166904, 58.75587578406941]
[-195.3405370166904, 58.75587578406941]
[-195.3405370166904, 58.75587578406941]
[-186.11845888369604, 55.15147826595969]
[-195.3405370166904, 58.75587578406941]

----------------------------------------------------------------------------------------------------
FINAL NON-NORMALIZED FRONTIER:
----------------------------------------------------------------------------------------------------
-87.65397051 29.6660792946
-187.18710963 53.3199041448
-214.485296012 74.6618883119
-209.355225137 67.6456087851
-81.6043930154 28.0985873904
-217.729714879 58.8825577206
-207.45580376 53.6089707237
-216.855759745 58.1604825
-218.536222031 57.2935355825
-68.6022685819 26.2806679504
-215.86055028 55.7172083077
-72.7983563297 26.4629409332
-218.994611827 56.8992666185
-60.8239856352 25.330421111
-67.5561400892 25.8112490585
-218.160181543 55.9413018501
-219.50965187 56.6252410382
-61.0376281461 25.3294453536
-213.663237138 48.5601743142
-213.657461692 48.6514129653
-52.3356067174 26.6047728808
-32.110030575 25.1700142894
-217.385696402 64.7048518002
-194.164513559 54.5648658508
-57.0806855259 25.0793019975
-216.285604466 63.7397297966
-211.342036249 61.2618198988
-220.062276154 54.8633263787
-83.4628998645 26.4822878128
-80.4802775335 26.0686382124
-80.8620812346 26.1058430501
-215.280921305 52.8269797298
-218.780573247 54.0680372539
-92.0922172013 28.9579555175
-94.9636365618 29.1985960888
-92.1800930791 28.9610911509
-94.8329160312 29.1833758337
-195.84903418 59.342701332
-215.883935256 78.2074099765
-215.496630903 59.1228951753
-59.6558617527 26.4289401331
-215.12383013 58.4108504993
-43.0208418914 25.3094845869
-87.6434481929 27.3801544736
-216.578168708 59.642603875
-217.619740309 61.3940206347
-209.570200468 68.3568635028
-199.914287986 53.0731493586
-68.587250583 25.5499041587
-60.6114094438 25.0089006041
-64.747283846 25.5440186315
-83.4274897881 27.4194559153
-217.394572433 54.1614080579
-216.305218811 53.9498132206
-220.598424164 52.319249609
-221.412751203 52.798979052
-24.6534077933 24.9373491197
-220.897345204 52.4649221359
-211.13313643 51.384783543
-16.220342517 24.4671117388
-209.105979442 50.9353490508
-17.3065260621 24.5178336334
-15.2128478605 24.3437681045
-223.073298709 72.0389004061
-217.553507564 59.4069646168
-217.77672315 59.668135737
-59.8025986808 27.4967944226
-67.6813147343 28.1820171804
-210.643879926 49.2192006628
-27.1738220274 24.1415868441
-45.7419067355 25.2631197167
-210.297625067 49.1425611032
-210.62530376 49.232248109
-209.534777076 48.9990234433
-12.8295992373 24.3336122354
-213.342199352 50.8517690053
-13.4340106726 24.356946957
-28.7800870091 26.1528107379
-220.006771 52.7816635257
-219.5023788 52.511240215
-32.195071537 24.6459833987
-212.856891326 48.722773071
-43.1808122496 25.0941416458
-44.140055857 24.936925272
-213.252329962 49.6858474964
-204.768130488 64.8290304058
-84.5669079415 26.5078592532
-207.359604588 70.2882362322
-219.99112973 89.3254602465
-196.482121648 63.3020879061
-219.934135525 59.3621943621
-218.328000829 58.1400131342
-53.1507280051 25.3941549774
-54.6088487033 25.4552072591
-218.664132464 58.300332275
-59.8255202599 26.3497744635
-219.904399549 59.3149053334
-13.471175797 24.0011768395
-208.77059896 54.8641494073
-55.0182563861 25.9073864588
-216.78994622 61.5457200295
-52.1043740335 25.7034385193
-51.3685217764 24.4186508849
-218.268004533 57.0802913534
-53.2460659111 24.7344870147
-51.4180059799 24.448553601
-215.829604205 56.3886461852
-60.3309547224 25.5021188994
-217.800523641 55.9442831404
-37.1112638354 24.1897992968
-54.1196143724 24.9590625561
32.0952541457 36.8807365067
-16.6559207284 39.8495176472
-203.904104803 75.0909534676
-16.7213495278 24.4344691152
-83.6345999332 31.2494616029
-80.2891658799 31.0974749485
-216.434487444 57.1627199502
-216.574789724 57.2743677753
-186.687531428 50.66812725
-59.8798645774 27.079292139
-202.543448221 54.4639104327
-62.4182505323 27.2135732136
-82.4210161399 28.5390669873
-78.7333401124 28.1591261743
-208.639817578 63.0969602097
-19.2999947725 27.3310247274
-210.097486078 52.4098825957
-214.577348978 53.430969148
-214.693791677 53.6083460527
-43.5935691994 24.2897123241
-216.843881727 56.958761606
-47.4725288311 24.8104355818
-212.14492686 56.064721634
-86.0354496542 26.9202876096
-195.340537017 58.7558757841
-186.118458884 55.151478266
FINAL NORMALIZED FRONTIER:
----------------------------------------------------------------------------------------------------
0.27716660997 0.039623231893
0.0734817979914 0.20450107603
0.0176187356007 0.353264346299
0.0281169227455 0.304357708596
0.289546477273 0.0286971052515
0.0109793504399 0.243275284221
0.0320039023936 0.206516000662
0.0127678139483 0.238242093758
0.00932891261512 0.232199082124
0.316154050328 0.0160253855626
0.0148044125589 0.221211368958
0.307567168094 0.0172959105892
0.00839086283394 0.229450849345
0.332071543873 0.00940173584557
0.318294849736 0.0127533238394
0.0100984426117 0.222773402176
0.00733688387594 0.227540767268
0.331634345418 0.00939493437571
0.0193009985012 0.171323609041
0.0193128173839 0.171959583653
0.349442179213 0.0182845433321
0.390831838076 0.00828362783952
0.011683350529 0.283859304009
0.0592032248458 0.213179021496
0.339731840592 0.00765132218835
0.0139345808354 0.277131967678
0.0240511085726 0.259859816366
0.00620599245231 0.215259426197
0.285743225195 0.0174307670796
0.291846869409 0.0145474425101
0.291065545563 0.0148067770353
0.0159905664353 0.201065170193
0.00882887180596 0.209715901748
0.268084173197 0.0346872892926
0.262208094961 0.0363646627766
0.267904343828 0.0347091460733
0.262475601713 0.0362585707235
0.0557560185293 0.246482693049
0.0147565574968 0.377978233888
0.0155491378883 0.244950544846
0.334461994888 0.0170589096533
0.0163120381242 0.239987271809
0.368503932304 0.00925579881452
0.27718814286 0.0236893032907
0.0133358767938 0.248573149247
0.0112044026174 0.260781315213
0.027676996805 0.309315475267
0.0474368751316 0.202781083706
0.316184783191 0.010931631833
0.33250656021 0.00716059267485
0.324042898686 0.01089060705
0.285815688445 0.023963252092
0.0116651866025 0.21036673843
0.0138944420001 0.208891826832
0.00510881810809 0.197526061899
0.00344237765104 0.200869992821
0.406091085626 0.00666184650703
0.00449710550331 0.198541465215
0.0244786015737 0.191012411301
0.423348527021 0.00338407954602
0.0286269796286 0.187879649871
0.421125758875 0.00373763406339
0.425410266071 0.00252431869789
4.42299643962e-05 0.334980935737
0.0113399414376 0.246930637173
0.0108831526223 0.248751117858
0.334161712149 0.0245023364237
0.318038692096 0.0292786485751
0.0254798170484 0.175917320387
0.400933304972 0.00111502398348
0.362935539846 0.00893261472528
0.0261883936733 0.175383108036
0.0255178313495 0.17600826698
0.0277494873056 0.174382585708
0.430287350749 0.00245352770292
0.0199579708589 0.187297059199
0.429050481996 0.00261618125292
0.397646241149 0.0151341630357
0.00631957830883 0.200749295781
0.00735176750005 0.198864323149
0.390657810084 0.00463089581548
0.0209511061596 0.172456995825
0.368176568647 0.00775476124026
0.366213570639 0.0066588920973
0.0201418797559 0.179170059611
0.0375039622721 0.284724884984
0.283483980892 0.0176090115701
0.0322007645703 0.322778015632
0.00635158663453 0.455476066527
0.0544604670875 0.274081406009
0.00646821968845 0.246618568275
0.00975501689444 0.238099413031
0.347774113404 0.00984598968384
0.344790212335 0.0102715516664
0.0090671564526 0.239216909862
0.334114805384 0.0165070891759
0.00652907144776 0.246288942383
0.428974427213 0.000136302825318
0.0293133029076 0.215265163078
0.343952399646 0.0134234449466
0.0129024948763 0.261838728521
0.349915374233 0.0120018356808
0.351421223742 0.00304628550379
0.00987779343205 0.23071267352
0.347579013726 0.00524780599789
0.35131995917 0.00325472094257
0.0148677406673 0.225891594267
0.333080483305 0.0105985469897
0.0108344472513 0.222794183116
0.380597304479 0.00145108655754
0.345791382434 0.00681319896687
0.522221659215 0.0899126516743
0.422457158911 0.110606397284
0.0392721061365 0.356255124252
0.422323265287 0.00315654571397
0.285391857836 0.0506601218294
0.292237960674 0.0496007061923
0.0136299064143 0.231287238074
0.0133427915533 0.23206547385
0.0745041358086 0.18601699321
0.334003595066 0.0215921569125
0.0420565564465 0.212475316628
0.328809037047 0.0225281566601
0.287875338102 0.0317674470158
0.29542180559 0.0291190879218
0.0295809341855 0.272651573305
0.417046320578 0.0233468467661
0.0265979584943 0.198157814757
0.0174303582313 0.205275249273
0.0171920696622 0.206511646424
0.367331902012 0.00214752549078
0.0127921211477 0.229865556283
0.35939399138 0.00577720181816
0.022408071644 0.223633693822
0.280478754238 0.0204838235167
0.0567966081251 0.242392253899
0.0756686869842 0.217267975015
----------------------------------------------------------------------------------------------------
Model: Fonseca
Optimizer: PSOProbs
Num Retries: 30.0
Num Changes: 500.0
----------------------------------------------------------------------------------------------------
T:30 FRONTIER
----------------------------------------------------------------------------------------------------
[0.9859721724472168, 0.008078494987266538]
[0.9816463676106463, 0.008772293479111237]
[0.9816463676106463, 0.008772293479111237]
[0.9816463676106463, 0.008772293479111237]
[0.9816463676106463, 0.008772293479111237]
[0.008194371943716972, 0.9776745044811912]
[0.008194371943716972, 0.9776745044811912]
[0.008194371943716972, 0.9776745044811912]
[0.008194371943716972, 0.9776745044811912]
[0.008194371943716972, 0.9776745044811912]

----------------------------------------------------------------------------------------------------
T:29 FRONTIER
----------------------------------------------------------------------------------------------------
[0.9786600700213475, 0.0030949413626210065]
[0.0062782807539423224, 0.9758955063329436]
[0.9786600700213475, 0.0030949413626210065]
[0.9786600700213475, 0.0030949413626210065]
[0.9786600700213475, 0.0030949413626210065]
[0.9786600700213475, 0.0030949413626210065]
[0.0062782807539423224, 0.9758955063329436]
[0.0062782807539423224, 0.9758955063329436]
[0.0062782807539423224, 0.9758955063329436]
[0.0062782807539423224, 0.9758955063329436]

----------------------------------------------------------------------------------------------------
T:28 FRONTIER
----------------------------------------------------------------------------------------------------
[0.9832368012995952, 0.0015775473080421598]
[0.9822436380947366, 0.0077569307524884]
[0.9622158802038817, 0.03658074533393063]
[0.9822436380947366, 0.0077569307524884]
[0.9777416427648302, 0.006914233039811313]
[0.0072859914419809435, 0.9750941606655441]
[0.0004625800624986631, 0.9818385966795834]
[0.0004625800624986631, 0.9818385966795834]
[0.0044289931456638065, 0.9772023070452402]
[0.0004625800624986631, 0.9818385966795834]

----------------------------------------------------------------------------------------------------
T:27 FRONTIER
----------------------------------------------------------------------------------------------------
[0.014008018164577973, 0.9750402952059269]
[0.03204937712381484, 0.9723301583068469]
[0.03428793251738105, 0.9720226941609077]
[0.017518057893531003, 0.9717892696477001]
[0.014590870518013666, 0.9721336790452308]
[0.9841340877050567, 0.004279319130239934]
[0.9841340877050567, 0.004279319130239934]
[0.9841340877050567, 0.004279319130239934]
[0.9841340877050567, 0.004279319130239934]
[0.9682038964328515, 0.021154616889177635]

----------------------------------------------------------------------------------------------------
T:26 FRONTIER
----------------------------------------------------------------------------------------------------
[0.9816035510100725, 0.005840313817436549]
[0.9792555062901587, 0.013272000157050656]
[0.9792555062901587, 0.013272000157050656]
[0.9801228682386675, 0.01263001391578955]
[0.9801228682386675, 0.01263001391578955]
[0.013764510039236622, 0.975302680066836]
[0.013764510039236622, 0.975302680066836]
[0.010721109291145559, 0.9792650088986123]
[0.010721109291145559, 0.9792650088986123]
[0.010721109291145559, 0.9792650088986123]

----------------------------------------------------------------------------------------------------
T:25 FRONTIER
----------------------------------------------------------------------------------------------------
[0.004642306397563134, 0.9778408902455816]
[0.002593935294704197, 0.9820777873169378]
[0.01354571300548768, 0.9713569713845284]
[0.002593935294704197, 0.9820777873169378]
[0.002593935294704197, 0.9820777873169378]
[0.9791292892734443, 0.004078136250481923]
[0.9791292892734443, 0.004078136250481923]
[0.9791292892734443, 0.004078136250481923]
[0.9791292892734443, 0.004078136250481923]
[0.9791292892734443, 0.004078136250481923]

----------------------------------------------------------------------------------------------------
T:24 FRONTIER
----------------------------------------------------------------------------------------------------
[0.9804720796591304, 0.000341056797439121]
[0.9767493943023122, 0.004838592092793914]
[0.9777843512040726, 0.0037064591957414184]
[0.9827646399292352, 0.00028376313800537734]
[0.004832228663902205, 0.9760178393787287]
[0.9804720796591304, 0.000341056797439121]
[0.00030171942522749795, 0.9804734691367167]
[0.00030171942522749795, 0.9804734691367167]
[0.0010917915267489864, 0.9791499825076151]
[0.00030171942522749795, 0.9804734691367167]

----------------------------------------------------------------------------------------------------
T:23 FRONTIER
----------------------------------------------------------------------------------------------------
[0.19234637140759925, 0.9701218961839911]
[0.3347578424155927, 0.8654260693437832]
[0.23451145734704026, 0.9493565037231666]
[0.21270247724931923, 0.9806947651180284]
[0.22746637376559886, 0.9744047598401109]
[0.9816789465464818, 9.655321682733309e-06]
[0.9816789465464818, 9.655321682733309e-06]
[0.9816789465464818, 9.655321682733309e-06]
[0.9816789465464818, 9.655321682733309e-06]
[0.9816789465464818, 9.655321682733309e-06]

----------------------------------------------------------------------------------------------------
T:22 FRONTIER
----------------------------------------------------------------------------------------------------
[0.01276823638620439, 0.9761747066984356]
[0.01276823638620439, 0.9761747066984356]
[0.024637203810632835, 0.9678777270969688]
[0.9805681780534394, 0.013122738335962891]
[0.01276823638620439, 0.9761747066984356]
[0.024637203810632835, 0.9678777270969688]
[0.9805681780534394, 0.013122738335962891]
[0.9805681780534394, 0.013122738335962891]
[0.9625620857063142, 0.04082724942056182]
[0.9805681780534394, 0.013122738335962891]

----------------------------------------------------------------------------------------------------
T:21 FRONTIER
----------------------------------------------------------------------------------------------------
[0.9760612959352086, 0.0301580804652688]
[0.9591838006735794, 0.06353343289339242]
[0.9760612959352086, 0.0301580804652688]
[0.9794139535766028, 0.0407031553912135]
[0.03105604581527943, 0.964287307806722]
[0.03105604581527943, 0.964287307806722]
[0.03105604581527943, 0.964287307806722]
[0.9681086944357159, 0.04227034485200454]
[0.03105604581527943, 0.964287307806722]
[0.03105604581527943, 0.964287307806722]

----------------------------------------------------------------------------------------------------
T:20 FRONTIER
----------------------------------------------------------------------------------------------------
[0.05624204878973993, 0.9848044525185086]
[0.061084722112366596, 0.9818413045769353]
[0.061084722112366596, 0.9818413045769353]
[0.07580610759863049, 0.9720712002860883]
[0.05624204878973993, 0.9848044525185086]
[0.9504400958554505, 0.07255505196001699]
[0.9504400958554505, 0.07255505196001699]
[0.9504400958554505, 0.07255505196001699]
[0.9504400958554505, 0.07255505196001699]
[0.9504400958554505, 0.07255505196001699]

----------------------------------------------------------------------------------------------------
T:19 FRONTIER
----------------------------------------------------------------------------------------------------
[0.010196154420855419, 0.9770737324080269]
[0.010196154420855419, 0.9770737324080269]
[0.010196154420855419, 0.9770737324080269]
[0.010196154420855419, 0.9770737324080269]
[0.010196154420855419, 0.9770737324080269]
[0.9771972975353261, 0.0031319096390494128]
[0.9771972975353261, 0.0031319096390494128]
[0.9771972975353261, 0.0031319096390494128]
[0.9771972975353261, 0.0031319096390494128]
[0.9771972975353261, 0.0031319096390494128]

----------------------------------------------------------------------------------------------------
T:18 FRONTIER
----------------------------------------------------------------------------------------------------
[0.9777435732675656, 0.0027733576151587336]
[0.9777435732675656, 0.0027733576151587336]
[0.9777435732675656, 0.0027733576151587336]
[0.9777435732675656, 0.0027733576151587336]
[0.9777435732675656, 0.0027733576151587336]
[0.007164526230485135, 0.9758047654124663]
[0.007164526230485135, 0.9758047654124663]
[0.007164526230485135, 0.9758047654124663]
[0.005433686120551284, 0.9849430783119146]
[0.007164526230485135, 0.9758047654124663]

----------------------------------------------------------------------------------------------------
T:17 FRONTIER
----------------------------------------------------------------------------------------------------
[0.9755476561515061, 0.006008578133997355]
[0.9799915416053059, 0.001541366997595106]
[0.9799915416053059, 0.001541366997595106]
[0.9799915416053059, 0.001541366997595106]
[0.9799915416053059, 0.001541366997595106]
[0.011824293043182443, 0.9755922236427088]
[0.0091730364133914, 0.9805258481891027]
[0.027160271456151408, 0.9657595188021963]
[0.011824293043182443, 0.9755922236427088]
[0.0091730364133914, 0.9805258481891027]

----------------------------------------------------------------------------------------------------
T:16 FRONTIER
----------------------------------------------------------------------------------------------------
[0.9691148230087719, 0.020535353216407204]
[0.9439209094281825, 0.09239541834806952]
[0.9700598882784425, 0.043488249423760394]
[0.9700598882784425, 0.043488249423760394]
[0.9691148230087719, 0.020535353216407204]
[0.010108446211120836, 0.9752347753868316]
[0.010108446211120836, 0.9752347753868316]
[0.010108446211120836, 0.9752347753868316]
[0.010108446211120836, 0.9752347753868316]
[0.010108446211120836, 0.9752347753868316]

----------------------------------------------------------------------------------------------------
T:15 FRONTIER
----------------------------------------------------------------------------------------------------
[0.002214032181020009, 0.9812485222102821]
[0.006197401587701101, 0.9776044263447111]
[0.006197401587701101, 0.9776044263447111]
[0.006197401587701101, 0.9776044263447111]
[0.002844888627459352, 0.982408473270947]
[0.9736503567937494, 0.010296807890895376]
[0.9736503567937494, 0.010296807890895376]
[0.9837433455667585, 0.0046310301620453576]
[0.9736503567937494, 0.010296807890895376]
[0.9837433455667585, 0.0046310301620453576]

----------------------------------------------------------------------------------------------------
T:14 FRONTIER
----------------------------------------------------------------------------------------------------
[0.9795899740703489, 0.0016555232818773469]
[0.9768207006528355, 0.004483107463354452]
[0.008274740179208928, 0.9857358166557951]
[0.9795899740703489, 0.0016555232818773469]
[0.9768207006528355, 0.004483107463354452]
[0.9795899740703489, 0.0016555232818773469]
[0.013692597349305502, 0.9726384891455531]
[0.013692597349305502, 0.9726384891455531]
[0.008274740179208928, 0.9857358166557951]
[0.013692597349305502, 0.9726384891455531]

----------------------------------------------------------------------------------------------------
T:13 FRONTIER
----------------------------------------------------------------------------------------------------
[0.9673118556379015, 0.03498721503142299]
[0.9865088267702286, 0.020356278784937953]
[0.9865088267702286, 0.020356278784937953]
[0.9865088267702286, 0.020356278784937953]
[0.9760434498691687, 0.02472248680573108]
[0.004656910802725567, 0.9822392789078539]
[0.004656910802725567, 0.9822392789078539]
[0.00848968962727803, 0.9785191929418021]
[0.004656910802725567, 0.9822392789078539]
[0.018140084981346782, 0.9726193797203279]

----------------------------------------------------------------------------------------------------
T:12 FRONTIER
----------------------------------------------------------------------------------------------------
[0.9762825559547221, 0.009355436272799222]
[0.98583157896352, 0.011071156774861701]
[0.98583157896352, 0.011071156774861701]
[0.9762825559547221, 0.009355436272799222]
[0.975304722430894, 0.021270228866528074]
[0.0006233202101905144, 0.9821870933928696]
[0.0006233202101905144, 0.9821870933928696]
[0.0006233202101905144, 0.9821870933928696]
[0.0006233202101905144, 0.9821870933928696]
[0.01417390889382808, 0.9710450987399781]

----------------------------------------------------------------------------------------------------
T:11 FRONTIER
----------------------------------------------------------------------------------------------------
[0.9831797441358096, 0.0035192066659299748]
[0.9857258787133013, 0.006496301888286982]
[0.9671490170855628, 0.022974065989724846]
[0.9857258787133013, 0.006496301888286982]
[0.9780543593953067, 0.011546397647271167]
[0.0008353978353401459, 0.9795519257962865]
[0.0008353978353401459, 0.9795519257962865]
[0.0008353978353401459, 0.9795519257962865]
[0.0008353978353401459, 0.9795519257962865]
[0.0008353978353401459, 0.9795519257962865]

----------------------------------------------------------------------------------------------------
T:10 FRONTIER
----------------------------------------------------------------------------------------------------
[0.9738802868872267, 0.008457496124656516]
[0.9787019275200677, 0.006698420873758049]
[0.9787019275200677, 0.006698420873758049]
[0.9787019275200677, 0.006698420873758049]
[0.9787019275200677, 0.006698420873758049]
[0.003056037849035964, 0.9778896724892728]
[0.003056037849035964, 0.9778896724892728]
[0.003056037849035964, 0.9778896724892728]
[0.003056037849035964, 0.9778896724892728]
[0.003056037849035964, 0.9778896724892728]

----------------------------------------------------------------------------------------------------
T:9 FRONTIER
----------------------------------------------------------------------------------------------------
[0.01791339034551842, 0.9876932858006625]
[0.03218387628936603, 0.9720946045987284]
[0.03218387628936603, 0.9720946045987284]
[0.03218387628936603, 0.9720946045987284]
[0.05125526579606898, 0.9597559635299623]
[0.9767097953048518, 0.005007695113262711]
[0.9767097953048518, 0.005007695113262711]
[0.9767097953048518, 0.005007695113262711]
[0.9767097953048518, 0.005007695113262711]
[0.9767097953048518, 0.005007695113262711]

----------------------------------------------------------------------------------------------------
T:8 FRONTIER
----------------------------------------------------------------------------------------------------
[0.9765151376817791, 0.005368183631025536]
[0.9765151376817791, 0.005368183631025536]
[0.9765151376817791, 0.005368183631025536]
[0.9765151376817791, 0.005368183631025536]
[0.9765151376817791, 0.005368183631025536]
[0.005981563754959507, 0.9760122741487635]
[0.005981563754959507, 0.9760122741487635]
[0.005981563754959507, 0.9760122741487635]
[0.005981563754959507, 0.9760122741487635]
[0.005981563754959507, 0.9760122741487635]

----------------------------------------------------------------------------------------------------
T:7 FRONTIER
----------------------------------------------------------------------------------------------------
[0.9837050950572711, 0.002525354715737116]
[0.9679828372723399, 0.030603833292089933]
[0.9719754002353553, 0.02185113337585276]
[0.9834340878304703, 0.010230775127614944]
[0.9861173051718535, 0.009123706830262535]
[0.01022981286050606, 0.9733392086642738]
[0.00726801737435967, 0.9800343667868237]
[0.01022981286050606, 0.9733392086642738]
[0.00726801737435967, 0.9800343667868237]
[0.01022981286050606, 0.9733392086642738]

----------------------------------------------------------------------------------------------------
T:6 FRONTIER
----------------------------------------------------------------------------------------------------
[0.00353932001018209, 0.9822030439640458]
[0.014312925989086844, 0.9711995202789976]
[0.01760807524664909, 0.9733771423781892]
[0.014312925989086844, 0.9711995202789976]
[0.008059154835886928, 0.9833263403701131]
[0.987437361925455, 0.021455961559662895]
[0.9788369173840136, 0.02287229798547108]
[0.964194935883117, 0.03195474831286804]
[0.964194935883117, 0.03195474831286804]
[0.9788369173840136, 0.02287229798547108]

----------------------------------------------------------------------------------------------------
T:5 FRONTIER
----------------------------------------------------------------------------------------------------
[0.9718197866862733, 0.048281675684523684]
[0.01940222834863725, 0.9688479145665244]
[0.9671331291859123, 0.059985190936960975]
[0.9671331291859123, 0.059985190936960975]
[0.9718197866862733, 0.048281675684523684]
[0.9718197866862733, 0.048281675684523684]
[0.0068361256828599615, 0.98067000183809]
[0.0068361256828599615, 0.98067000183809]
[0.0068361256828599615, 0.98067000183809]
[0.0068361256828599615, 0.98067000183809]

----------------------------------------------------------------------------------------------------
T:4 FRONTIER
----------------------------------------------------------------------------------------------------
[0.002793532058604109, 0.9789427866895891]
[0.0018225592363754206, 0.9817166694864881]
[0.9840020800644564, 0.0013910126455930483]
[0.0018225592363754206, 0.9817166694864881]
[0.002793532058604109, 0.9789427866895891]
[0.002793532058604109, 0.9789427866895891]
[0.9796651234068354, 0.0049024781103557125]
[0.9840020800644564, 0.0013910126455930483]
[0.9670994670450754, 0.023997759987761325]
[0.9840020800644564, 0.0013910126455930483]

----------------------------------------------------------------------------------------------------
T:3 FRONTIER
----------------------------------------------------------------------------------------------------
[0.0018134103923924672, 0.9795189891801716]
[0.0018134103923924672, 0.9795189891801716]
[0.0018134103923924672, 0.9795189891801716]
[0.0018134103923924672, 0.9795189891801716]
[0.0020789018901518075, 0.9798925708382139]
[0.9777928681923241, 0.004257408582450051]
[0.9777928681923241, 0.004257408582450051]
[0.9777928681923241, 0.004257408582450051]
[0.9777928681923241, 0.004257408582450051]
[0.9777928681923241, 0.004257408582450051]

----------------------------------------------------------------------------------------------------
T:2 FRONTIER
----------------------------------------------------------------------------------------------------
[0.9776234202767854, 0.003449586445853803]
[0.9771326447130516, 0.007774970207570897]
[0.9826385845535762, 0.004605673311319003]
[0.9771326447130516, 0.007774970207570897]
[0.9776909590806507, 0.0039424181155045535]
[0.0023664320748117973, 0.9809718901457148]
[0.0023664320748117973, 0.9809718901457148]
[0.0023664320748117973, 0.9809718901457148]
[0.02176056501930912, 0.9680568391087392]
[0.0023664320748117973, 0.9809718901457148]

----------------------------------------------------------------------------------------------------
T:1 FRONTIER
----------------------------------------------------------------------------------------------------
[0.9811159967200607, 0.024052835447479826]
[0.9882110514525015, 0.03073130078823494]
[0.9684782977954909, 0.03419101634220467]
[0.9715041384884373, 0.041426812229815924]
[0.9586834673796126, 0.05370037763523805]
[0.011498889309716875, 0.9725955705998718]
[0.011498889309716875, 0.9725955705998718]
[0.011498889309716875, 0.9725955705998718]
[0.011498889309716875, 0.9725955705998718]
[0.011498889309716875, 0.9725955705998718]

----------------------------------------------------------------------------------------------------
FINAL NON-NORMALIZED FRONTIER:
----------------------------------------------------------------------------------------------------
0.985972172447 0.00807849498727
0.981646367611 0.00877229347911
0.00819437194372 0.977674504481
0.978660070021 0.00309494136262
0.00627828075394 0.975895506333
0.9832368013 0.00157754730804
0.982243638095 0.00775693075249
0.962215880204 0.0365807453339
0.977741642765 0.00691423303981
0.00728599144198 0.975094160666
0.000462580062499 0.98183859668
0.00442899314566 0.977202307045
0.0140080181646 0.975040295206
0.0320493771238 0.972330158307
0.0342879325174 0.972022694161
0.0175180578935 0.971789269648
0.014590870518 0.972133679045
0.984134087705 0.00427931913024
0.968203896433 0.0211546168892
0.98160355101 0.00584031381744
0.97925550629 0.0132720001571
0.980122868239 0.0126300139158
0.0137645100392 0.975302680067
0.0107211092911 0.979265008899
0.00464230639756 0.977840890246
0.0025939352947 0.982077787317
0.0135457130055 0.971356971385
0.979129289273 0.00407813625048
0.980472079659 0.000341056797439
0.976749394302 0.00483859209279
0.977784351204 0.00370645919574
0.982764639929 0.000283763138005
0.0048322286639 0.976017839379
0.000301719425227 0.980473469137
0.00109179152675 0.979149982508
0.192346371408 0.970121896184
0.334757842416 0.865426069344
0.234511457347 0.949356503723
0.212702477249 0.980694765118
0.227466373766 0.97440475984
0.981678946546 9.65532168273e-06
0.0127682363862 0.976174706698
0.0246372038106 0.967877727097
0.980568178053 0.013122738336
0.962562085706 0.0408272494206
0.976061295935 0.0301580804653
0.959183800674 0.0635334328934
0.979413953577 0.0407031553912
0.0310560458153 0.964287307807
0.968108694436 0.042270344852
0.0562420487897 0.984804452519
0.0610847221124 0.981841304577
0.0758061075986 0.972071200286
0.950440095855 0.07255505196
0.0101961544209 0.977073732408
0.977197297535 0.00313190963905
0.977743573268 0.00277335761516
0.00716452623049 0.975804765412
0.00543368612055 0.984943078312
0.975547656152 0.006008578134
0.979991541605 0.0015413669976
0.0118242930432 0.975592223643
0.00917303641339 0.980525848189
0.0271602714562 0.965759518802
0.969114823009 0.0205353532164
0.943920909428 0.0923954183481
0.970059888278 0.0434882494238
0.0101084462111 0.975234775387
0.00221403218102 0.98124852221
0.0061974015877 0.977604426345
0.00284488862746 0.982408473271
0.973650356794 0.0102968078909
0.983743345567 0.00463103016205
0.97958997407 0.00165552328188
0.976820700653 0.00448310746335
0.00827474017921 0.985735816656
0.0136925973493 0.972638489146
0.967311855638 0.0349872150314
0.98650882677 0.0203562787849
0.976043449869 0.0247224868057
0.00465691080273 0.982239278908
0.00848968962728 0.978519192942
0.0181400849813 0.97261937972
0.976282555955 0.0093554362728
0.985831578964 0.0110711567749
0.975304722431 0.0212702288665
0.000623320210191 0.982187093393
0.0141739088938 0.97104509874
0.983179744136 0.00351920666593
0.985725878713 0.00649630188829
0.967149017086 0.0229740659897
0.978054359395 0.0115463976473
0.00083539783534 0.979551925796
0.973880286887 0.00845749612466
0.97870192752 0.00669842087376
0.00305603784904 0.977889672489
0.0179133903455 0.987693285801
0.0321838762894 0.972094604599
0.0512552657961 0.95975596353
0.976709795305 0.00500769511326
0.976515137682 0.00536818363103
0.00598156375496 0.976012274149
0.983705095057 0.00252535471574
0.967982837272 0.0306038332921
0.971975400235 0.0218511333759
0.98343408783 0.0102307751276
0.986117305172 0.00912370683026
0.0102298128605 0.973339208664
0.00726801737436 0.980034366787
0.00353932001018 0.982203043964
0.0143129259891 0.971199520279
0.0176080752466 0.973377142378
0.00805915483589 0.98332634037
0.987437361925 0.0214559615597
0.978836917384 0.0228722979855
0.964194935883 0.0319547483129
0.971819786686 0.0482816756845
0.0194022283486 0.968847914567
0.967133129186 0.059985190937
0.00683612568286 0.980670001838
0.0027935320586 0.97894278669
0.00182255923638 0.981716669486
0.984002080064 0.00139101264559
0.979665123407 0.00490247811036
0.967099467045 0.0239977599878
0.00181341039239 0.97951898918
0.00207890189015 0.979892570838
0.977792868192 0.00425740858245
0.977623420277 0.00344958644585
0.977132644713 0.00777497020757
0.982638584554 0.00460567331132
0.977690959081 0.0039424181155
0.00236643207481 0.980971890146
0.0217605650193 0.968056839109
0.98111599672 0.0240528354475
0.988211051453 0.0307313007882
0.968478297795 0.0341910163422
0.971504138488 0.0414268122298
0.95868346738 0.0537003776352
0.0114988893097 0.9725955706
FINAL NORMALIZED FRONTIER:
----------------------------------------------------------------------------------------------------
0.985971713898 0.00806891757358
0.981645767658 0.00876272276434
0.0081619512995 0.977674288919
0.978659372451 0.00308531583066
0.00624579747557 0.975895273594
0.983236253336 0.00156790712501
0.982243057666 0.00774735023396
0.962214645097 0.0365714431213
0.977740915172 0.00690464438469
0.00725354110416 0.975093920189
0.000429906677556 0.981838421324
0.00439644941684 0.977202086924
0.0139757875598 0.97504005421
0.0320177362641 0.972329891143
0.0342563648327 0.972022424028
0.0174859420267 0.971788997261
0.0145586589658 0.972133409984
0.984133569072 0.00426970503393
0.968202857066 0.0211451657309
0.981602949658 0.00583071479318
0.979254828184 0.0132624728888
0.980122218485 0.0126204804489
0.0137322714745 0.975302441604
0.0106887712422 0.979264808694
0.00460976964163 0.97784067629
0.00256133158058 0.982077614271
0.0135134672886 0.971356694824
0.979128607041 0.00406852021167
0.980471441321 0.000331404675575
0.976748634275 0.0048289833965
0.977783625008 0.00369683956823
0.982764076531 0.000274110462947
0.00479969811624 0.976017607821
0.000269040781991 0.9804732806
0.00105913870979 0.979149781192
0.192319970417 0.970121607699
0.334736096643 0.865424769977
0.23448643467 0.949356014739
0.21267674167 0.980694578718
0.227441120796 0.974404512707
0.981678347659 0.0
0.0127359652548 0.976174476655
0.024605320658 0.967877416943
0.980567542856 0.0131132096265
0.962560861917 0.0408179882097
0.976060513415 0.0301487162391
0.959182466453 0.0635243909201
0.97941328065 0.0406938929822
0.031024372485 0.964286962986
0.968107651957 0.0422610975748
0.0562111987523 0.984804305799
0.0610540303747 0.981841129247
0.075775897081 0.972070930622
0.950438475816 0.0725460970942
0.0101637992119 0.977073511045
0.977196552149 0.00312228446403
0.977742845738 0.00276372897817
0.00713207192215 0.975804531797
0.00540117523364 0.984942932931
0.975546856841 0.0059989807344
0.979990887559 0.00153172646522
0.0117919910557 0.975591987976
0.00914064776025 0.980525660158
0.0271284707789 0.965759188196
0.969113813418 0.0205258960789
0.943919076286 0.0923866550493
0.970058909581 0.0434790139059
0.0100760881351 0.975234536268
0.00218141604843 0.981248341157
0.00616491566551 0.977604210106
0.00281229311662 0.982408303417
0.973649495463 0.0102872518959
0.983742814161 0.00462141946165
0.979589306897 0.00164588385173
0.976819942956 0.00447349533471
0.00824232216211 0.985735678929
0.0136603564339 0.972638224959
0.967310787111 0.0349778974326
0.986508385764 0.0203468199183
0.976042666765 0.0247130700967
0.00462437452419 0.982239107421
0.00845727863655 0.978518985536
0.0181079894476 0.972619115349
0.976281780667 0.00934587118851
0.985831115819 0.0110616082566
0.975303915179 0.0212607788245
0.000590652079603 0.982186921402
0.0141416837117 0.971044819168
0.983179194307 0.00350958523042
0.985725412114 0.00648670919787
0.967147943236 0.022964632399
0.978053642025 0.0115368537176
0.000802736637253 0.979551728362
0.973879433073 0.00844792237038
0.978701231318 0.00668883013488
0.00302344924035 0.977889459005
0.0178812874015 0.987693166974
0.0321522398262 0.972094335161
0.0512242527481 0.959755574957
0.976709033983 0.00499808804973
0.976514369997 0.00535858004816
0.00594907077735 0.976012042537
0.983704562401 0.00251572368418
0.967981790679 0.0305944733699
0.971974484153 0.0218416889427
0.983433546316 0.0102212184951
0.986116851367 0.00911413950853
0.0101974587518 0.973338951243
0.007235566449 0.98003417401
0.00350674719927 0.982202872127
0.0142807053513 0.971199242198
0.0175759623223 0.973376885323
0.00802672977162 0.983326179379
0.987436951272 0.021446513311
0.978836225594 0.0228628634121
0.964193765469 0.0319454014343
0.971818865517 0.0482724864492
0.0193701740725 0.96884761378
0.967132054817 0.059976114704
0.0068036606396 0.980669815199
0.002760934869 0.978942583373
0.00178993030712 0.981716492953
0.984001557116 0.00138137066149
0.97966445869 0.00489287003091
0.967098391576 0.0239883362812
0.00178078116408 0.979518791428
0.00204628134035 0.979892376693
0.977792142274 0.00424779427459
0.97762268882 0.00343996433813
0.977131897213 0.00776538986323
0.982638017035 0.0045960623661
0.977690229831 0.00393280076628
0.00233382092395 0.980971706421
0.0217285878337 0.968056530684
0.98111537943 0.0240434122727
0.988210666089 0.0307219420968
0.968477267398 0.0341816910557
0.971503207001 0.041417556808
0.958682116804 0.0536912407198
0.0114665766852 0.972595305999
----------------------------------------------------------------------------------------------------
Model: ZDT1
Optimizer: PSOProbs
Num Retries: 30.0
Num Changes: 500.0
----------------------------------------------------------------------------------------------------
T:30 FRONTIER
----------------------------------------------------------------------------------------------------
[0.3861100969237299, 2.2285618924131327]
[0.1541818600807952, 2.809051681864201]
[0.1541818600807952, 2.809051681864201]
[0.0053460720040869325, 3.670968710811489]
[0.0053460720040869325, 3.670968710811489]
[0.0053460720040869325, 3.670968710811489]
[0.09307905489759055, 3.1051296409410676]
[0.8708037941333782, 1.6410311091994125]
[0.5379782296352883, 1.985203362695064]
[0.7978573049827713, 1.6963199626130767]

----------------------------------------------------------------------------------------------------
T:29 FRONTIER
----------------------------------------------------------------------------------------------------
[0.2045662827056125, 2.287129284889781]
[0.11921130371621824, 2.458482828873542]
[0.5146621166498129, 1.806573174750631]
[0.11921130371621824, 2.458482828873542]
[0.027681627771768302, 3.078827615769618]
[0.027681627771768302, 3.078827615769618]
[0.0028581187819568706, 3.4375009025766667]
[0.5146621166498129, 1.806573174750631]
[0.0028581187819568706, 3.4375009025766667]
[0.11921130371621824, 2.458482828873542]

----------------------------------------------------------------------------------------------------
T:28 FRONTIER
----------------------------------------------------------------------------------------------------
[0.855968222883699, 1.5121874652931904]
[0.27055144243504103, 2.142038613981958]
[0.006684248553427439, 3.4388546042825916]
[0.09536450198101348, 2.7936766313455856]
[0.5002575640813853, 1.7545406653876752]
[0.006684248553427439, 3.4388546042825916]
[0.006684248553427439, 3.4388546042825916]
[0.026569102382806076, 3.233986410281211]
[0.48294520797146867, 1.7972583116538843]
[0.27055144243504103, 2.142038613981958]

----------------------------------------------------------------------------------------------------
T:27 FRONTIER
----------------------------------------------------------------------------------------------------
[0.003313791733693434, 3.36002617054091]
[0.13020196580009888, 2.1480920834603046]
[0.021862595245165376, 2.738503240641717]
[0.021862595245165376, 2.738503240641717]
[0.1770735213271124, 2.044502259352811]
[0.4413890545013584, 1.6602814316741419]
[0.04288197587771229, 2.4717906793307476]
[0.04288197587771229, 2.4717906793307476]
[0.2881054846689826, 1.8422677733050328]
[0.04288197587771229, 2.4717906793307476]

----------------------------------------------------------------------------------------------------
T:26 FRONTIER
----------------------------------------------------------------------------------------------------
[0.4894942349642181, 1.8305198025724863]
[0.15444262100145528, 2.373716248107469]
[0.3288946786667192, 2.0185412891885295]
[0.36722228220512654, 1.949656933329545]
[0.009458352383559354, 3.0922303459578346]
[0.009458352383559354, 3.0922303459578346]
[0.009458352383559354, 3.0922303459578346]
[0.035420343730873854, 2.791175924267695]
[0.05033009075175909, 2.7236281598757697]
[0.035420343730873854, 2.791175924267695]

----------------------------------------------------------------------------------------------------
T:25 FRONTIER
----------------------------------------------------------------------------------------------------
[0.0006616812702465152, 3.1642388982739633]
[0.2698040890551574, 1.989457922460275]
[0.14033184754929606, 2.2568738098333987]
[0.051269614306453305, 2.5605504991861427]
[0.051269614306453305, 2.5605504991861427]
[0.051269614306453305, 2.5605504991861427]
[0.3915476553256896, 1.8352508072336389]
[0.003698573926645965, 3.091259975872777]
[0.008567023266832896, 3.036319879657984]
[0.6910116222972387, 1.5067046853141877]

----------------------------------------------------------------------------------------------------
T:24 FRONTIER
----------------------------------------------------------------------------------------------------
[0.1393844490931374, 2.3659188031558838]
[0.020167167791388538, 2.9224860779180406]
[0.020167167791388538, 2.9224860779180406]
[0.0005829212602300878, 3.5262157575093025]
[0.020167167791388538, 2.9224860779180406]
[0.30676052418658806, 1.937639771930707]
[0.020167167791388538, 2.9224860779180406]
[0.5742213871159159, 1.4307992674978185]
[0.5742213871159159, 1.4307992674978185]
[0.4928617373619108, 1.5398413736964778]

----------------------------------------------------------------------------------------------------
T:23 FRONTIER
----------------------------------------------------------------------------------------------------
[0.6018974947966313, 1.540504532908759]
[0.13617121840025148, 2.3398681501093046]
[0.004945834161498234, 2.907888748112054]
[0.02267459868588541, 2.7860912405515204]
[0.41903549846185534, 1.7189904519907149]
[0.41903549846185534, 1.7189904519907149]
[0.004945834161498234, 2.907888748112054]
[0.004945834161498234, 2.907888748112054]
[0.004945834161498234, 2.907888748112054]
[0.13617121840025148, 2.3398681501093046]

----------------------------------------------------------------------------------------------------
T:22 FRONTIER
----------------------------------------------------------------------------------------------------
[0.7517817762250119, 1.5385524985131303]
[0.09051922926550655, 2.626910860334742]
[0.19067999557856405, 2.2910095784454407]
[0.02884696227922942, 2.9429567557973546]
[0.03775878529237202, 2.8953577611477175]
[0.003596211793183545, 3.165571166782068]
[0.003596211793183545, 3.165571166782068]
[0.001768772313137647, 3.24286510201835]
[0.597432897834676, 1.684338207695318]
[0.45563440026547186, 1.860494862684745]

----------------------------------------------------------------------------------------------------
T:21 FRONTIER
----------------------------------------------------------------------------------------------------
[0.1841384944197776, 2.01960433626924]
[0.07926486403430066, 2.3094079592250187]
[0.35805391073514486, 1.7598660903095305]
[0.49399619497404995, 1.6015833274822298]
[0.002021571278436069, 2.810141045430022]
[0.002021571278436069, 2.810141045430022]
[0.011467058463127584, 2.7193360857263578]
[0.0003878384546405801, 2.894927971122984]
[0.07425354317858977, 2.331877478434019]
[0.002021571278436069, 2.810141045430022]

----------------------------------------------------------------------------------------------------
T:20 FRONTIER
----------------------------------------------------------------------------------------------------
[0.7027523785845831, 1.5615677701203172]
[0.13096044076574537, 2.297567795049093]
[0.0031209931989970787, 2.914590808489203]
[0.005768580898654473, 2.852377317074586]
[0.00805386178892327, 2.8321572019274566]
[0.005768580898654473, 2.852377317074586]
[0.042261068394270206, 2.602990060494299]
[0.2897968010977646, 1.9911926697866602]
[0.042261068394270206, 2.602990060494299]
[0.5887667317999528, 1.6331638698193862]

----------------------------------------------------------------------------------------------------
T:19 FRONTIER
----------------------------------------------------------------------------------------------------
[0.09356341407074717, 2.208027342657331]
[0.023933548733546025, 2.4507620209063403]
[0.002089032777591064, 2.6912457677328865]
[0.01521585074612664, 2.498931163853352]
[0.22630488470091092, 1.9120393989316118]
[0.002089032777591064, 2.6912457677328865]
[0.01521585074612664, 2.498931163853352]
[0.7296991908291893, 1.2657624044760858]
[0.4990509171374574, 1.4997620080435423]
[0.007620836506225243, 2.5932970582954953]

----------------------------------------------------------------------------------------------------
T:18 FRONTIER
----------------------------------------------------------------------------------------------------
[0.47839930944205983, 1.6013388220671199]
[0.5858598460146871, 1.480736351887071]
[0.022351763088473947, 2.653235460598742]
[0.003027302236575373, 2.8361838150085616]
[0.00850090348852379, 2.746536551936784]
[0.07926140497362687, 2.39132137712886]
[0.09893436645354653, 2.331666935180798]
[0.5924489567582103, 1.4800902890990828]
[0.003027302236575373, 2.8361838150085616]
[0.00850090348852379, 2.746536551936784]

----------------------------------------------------------------------------------------------------
T:17 FRONTIER
----------------------------------------------------------------------------------------------------
[0.002379026250700942, 3.421459701614248]
[0.18187750609187595, 2.621609783623513]
[0.41645882264619677, 2.1350501561490733]
[0.050214282170441826, 3.0255278384761324]
[0.00808025735756538, 3.3148522299709606]
[0.7742570518232618, 1.6545465146967708]
[0.050214282170441826, 3.0255278384761324]
[0.00808025735756538, 3.3148522299709606]
[0.00045853029227993676, 3.4862817587877006]
[0.7742570518232618, 1.6545465146967708]

----------------------------------------------------------------------------------------------------
T:16 FRONTIER
----------------------------------------------------------------------------------------------------
[0.9194035272031509, 1.5545689896975092]
[0.33140379416350263, 2.2216404590458088]
[0.011597044873534806, 3.2446689217268463]
[0.00045987621421683667, 3.4890473878921258]
[0.06601204264890514, 2.8343883178690086]
[0.0034037033884453637, 3.3549914166752264]
[0.7182604280065136, 1.7608099325804256]
[0.15647282959163727, 2.557478371146002]
[0.06601204264890514, 2.8343883178690086]
[0.0034037033884453637, 3.3549914166752264]

----------------------------------------------------------------------------------------------------
T:15 FRONTIER
----------------------------------------------------------------------------------------------------
[0.9003596883967033, 1.531377527438382]
[0.13673786644174601, 2.5748276503199734]
[0.40964836494020157, 2.034969104231266]
[0.13673786644174601, 2.5748276503199734]
[0.13673786644174601, 2.5748276503199734]
[0.5439142225231599, 1.8052026629212812]
[0.03725390831384093, 3.1558221944515497]
[0.001916414455670628, 3.64041269594392]
[0.001916414455670628, 3.64041269594392]
[0.009250967093903488, 3.466720556492339]

----------------------------------------------------------------------------------------------------
T:14 FRONTIER
----------------------------------------------------------------------------------------------------
[0.8656398782820389, 1.483054900280162]
[0.015084201181457625, 2.860821213711002]
[0.35302385332279274, 1.9788284065243393]
[0.015084201181457625, 2.860821213711002]
[0.35302385332279274, 1.9788284065243393]
[0.10375536167946882, 2.516547625417043]
[0.015084201181457625, 2.860821213711002]
[0.10375536167946882, 2.516547625417043]
[0.0006044099328403256, 3.434395262230675]
[0.015084201181457625, 2.860821213711002]

----------------------------------------------------------------------------------------------------
T:13 FRONTIER
----------------------------------------------------------------------------------------------------
[0.01954262571525534, 2.961359004825967]
[0.01954262571525534, 2.961359004825967]
[0.22001444406932275, 2.158458003212339]
[0.4234332044371059, 1.7845175095447863]
[0.07330649271946955, 2.634384487707416]
[0.0006229384289143658, 3.260410470807749]
[0.0006229384289143658, 3.260410470807749]
[0.11358722747777414, 2.432577574862431]
[0.46820621329600337, 1.726744274527496]
[0.1319851775024887, 2.368898101373137]

----------------------------------------------------------------------------------------------------
T:12 FRONTIER
----------------------------------------------------------------------------------------------------
[0.7780483486477116, 1.3916483014973922]
[0.2383321178339289, 2.145273307396301]
[0.6121784941955696, 1.5695788766823289]
[0.2666358826019175, 2.069226286213853]
[0.019816596494751777, 3.015485201728858]
[0.0009391339528622674, 3.4025473522437237]
[0.019816596494751777, 3.015485201728858]
[0.07788757462336823, 2.698402407882875]
[0.0009391339528622674, 3.4025473522437237]
[0.019816596494751777, 3.015485201728858]

----------------------------------------------------------------------------------------------------
T:11 FRONTIER
----------------------------------------------------------------------------------------------------
[0.7980967267001867, 1.616564335778043]
[0.23198427547663092, 2.3415689301953697]
[0.5345776386188583, 1.918212132185637]
[0.1291282193005984, 2.5490358448311468]
[0.001808233318531284, 3.601199280443856]
[0.001808233318531284, 3.601199280443856]
[0.027766489267741896, 3.2576376711309076]
[0.07707770974502597, 2.8644716920904814]
[0.001808233318531284, 3.601199280443856]
[0.1291282193005984, 2.5490358448311468]

----------------------------------------------------------------------------------------------------
T:10 FRONTIER
----------------------------------------------------------------------------------------------------
[0.7810816233386837, 1.3021214316264862]
[0.14514551030578576, 2.3926166990406235]
[0.2102157926882153, 2.185837561972925]
[0.06911944582275058, 2.8138040573490346]
[0.009102881507925209, 3.220006492683286]
[0.40497072110020377, 1.6554504049943308]
[0.010218313560611869, 3.2000843433984913]
[0.40497072110020377, 1.6554504049943308]
[0.010218313560611869, 3.2000843433984913]
[0.000674471778496829, 3.574032609189776]

----------------------------------------------------------------------------------------------------
T:9 FRONTIER
----------------------------------------------------------------------------------------------------
[0.37566706649496856, 1.7545647468512786]
[0.3654595911373828, 1.7727138485992506]
[0.07360637425491236, 2.6035100053951674]
[0.37566706649496856, 1.7545647468512786]
[0.012764319559974063, 2.938027105323485]
[0.012764319559974063, 2.938027105323485]
[0.17128399910051578, 2.249073352248303]
[0.012764319559974063, 2.938027105323485]
[0.002816927618204696, 3.171601079382152]
[0.012764319559974063, 2.938027105323485]

----------------------------------------------------------------------------------------------------
T:8 FRONTIER
----------------------------------------------------------------------------------------------------
[0.8593404619798986, 1.576576777667284]
[0.4937953662599464, 1.99715587695054]
[0.06314822575395553, 2.8965427231494822]
[0.01631350262638806, 3.1939767646970316]
[0.0006481081304928653, 3.443134300091453]
[0.1435535360121113, 2.540896741411517]
[0.1435535360121113, 2.540896741411517]
[0.008311107143252339, 3.2700908602591467]
[0.004902840039579016, 3.3168827636897387]
[0.1435535360121113, 2.540896741411517]

----------------------------------------------------------------------------------------------------
T:7 FRONTIER
----------------------------------------------------------------------------------------------------
[0.42220984972332, 1.7499299177868455]
[0.05310314429617914, 2.6444735299585376]
[0.5733246296972196, 1.5403874413258158]
[0.014844748135805302, 2.9597968680915527]
[0.08311155165492354, 2.4679376737215235]
[0.0027629449434739203, 3.155932463185423]
[0.5733246296972196, 1.5403874413258158]
[0.014844748135805302, 2.9597968680915527]
[0.08311155165492354, 2.4679376737215235]
[0.0027629449434739203, 3.155932463185423]

----------------------------------------------------------------------------------------------------
T:6 FRONTIER
----------------------------------------------------------------------------------------------------
[0.780440927476393, 1.3549489207569203]
[0.6624520425489914, 1.4388955835474482]
[0.03670990197992585, 2.66303531457365]
[0.4046492044194475, 1.7913962394355132]
[0.008537173995558776, 2.903660604496217]
[0.15391004523395452, 2.302992197353039]
[0.03670990197992585, 2.66303531457365]
[0.0014627918402762181, 3.0469968487929133]
[0.0014627918402762181, 3.0469968487929133]
[0.03670990197992585, 2.66303531457365]

----------------------------------------------------------------------------------------------------
T:5 FRONTIER
----------------------------------------------------------------------------------------------------
[0.1086006463217523, 2.736090940804597]
[0.002415285848058585, 3.7819053958595323]
[0.03220206054402829, 3.2296614428074935]
[0.2172699582541712, 2.4448436586348183]
[0.03220206054402829, 3.2296614428074935]
[0.002415285848058585, 3.7819053958595323]
[0.03220206054402829, 3.2296614428074935]
[0.44784234946135587, 1.8666952872615898]
[0.680773155046285, 1.5705164555321527]
[0.44784234946135587, 1.8666952872615898]

----------------------------------------------------------------------------------------------------
T:4 FRONTIER
----------------------------------------------------------------------------------------------------
[0.5956585956336043, 1.890991039372546]
[0.031739841334891744, 3.2887977877173595]
[0.23730190935548684, 2.5546667636660816]
[0.031739841334891744, 3.2887977877173595]
[0.0034708936828006815, 3.5860204503130557]
[0.0034708936828006815, 3.5860204503130557]
[0.21486552489504426, 2.6292579895489214]
[0.0008969696321078566, 3.6832791394229356]
[0.031739841334891744, 3.2887977877173595]
[0.6868471679459602, 1.7781382812767075]

----------------------------------------------------------------------------------------------------
T:3 FRONTIER
----------------------------------------------------------------------------------------------------
[0.00035915900131937165, 3.1264243961707607]
[0.0004905682224758783, 3.1097662166054243]
[0.04396311090126562, 2.4435908466073135]
[0.04396311090126562, 2.4435908466073135]
[0.1268920953950416, 2.208994786347379]
[0.39577022567740533, 1.6826176021994586]
[0.00022604402543354427, 3.120774292282433]
[0.39577022567740533, 1.6826176021994586]
[0.06101448788957179, 2.3677901712889775]
[0.04396311090126562, 2.4435908466073135]

----------------------------------------------------------------------------------------------------
T:2 FRONTIER
----------------------------------------------------------------------------------------------------
[0.020561019201645693, 2.7401453772991533]
[0.0864090667143558, 2.389929479439052]
[0.011176260895133037, 2.8682561975234435]
[0.14056830935118791, 2.1816034591184557]
[0.46370145112154726, 1.624000687673155]
[0.011176260895133037, 2.8682561975234435]
[0.14056830935118791, 2.1816034591184557]
[0.020561019201645693, 2.7401453772991533]
[0.011176260895133037, 2.8682561975234435]
[0.4676834496575678, 1.6223561464363658]

----------------------------------------------------------------------------------------------------
T:1 FRONTIER
----------------------------------------------------------------------------------------------------
[0.5907038136419565, 1.677979759078095]
[0.30134224326689024, 2.091321042844329]
[0.10611051906189863, 2.5135043982113743]
[0.034010051947211205, 2.769266012334058]
[0.0027362568396333544, 3.051712803634198]
[0.012561625172279576, 2.918226098126959]
[0.012561625172279576, 2.918226098126959]
[0.012561625172279576, 2.918226098126959]
[0.0016185224840428187, 3.0770371486155192]
[0.45433179817694525, 1.8386187328548929]

----------------------------------------------------------------------------------------------------
FINAL NON-NORMALIZED FRONTIER:
----------------------------------------------------------------------------------------------------
0.386110096924 2.22856189241
0.154181860081 2.80905168186
0.00534607200409 3.67096871081
0.0930790548976 3.10512964094
0.870803794133 1.6410311092
0.537978229635 1.9852033627
0.797857304983 1.69631996261
0.204566282706 2.28712928489
0.119211303716 2.45848282887
0.51466211665 1.80657317475
0.0276816277718 3.07882761577
0.00285811878196 3.43750090258
0.855968222884 1.51218746529
0.270551442435 2.14203861398
0.00668424855343 3.43885460428
0.095364501981 2.79367663135
0.500257564081 1.75454066539
0.0265691023828 3.23398641028
0.482945207971 1.79725831165
0.00331379173369 3.36002617054
0.1302019658 2.14809208346
0.0218625952452 2.73850324064
0.177073521327 2.04450225935
0.441389054501 1.66028143167
0.0428819758777 2.47179067933
0.288105484669 1.84226777331
0.489494234964 1.83051980257
0.154442621001 2.37371624811
0.328894678667 2.01854128919
0.367222282205 1.94965693333
0.00945835238356 3.09223034596
0.0354203437309 2.79117592427
0.0503300907518 2.72362815988
0.000661681270247 3.16423889827
0.269804089055 1.98945792246
0.140331847549 2.25687380983
0.0512696143065 2.56055049919
0.391547655326 1.83525080723
0.00369857392665 3.09125997587
0.00856702326683 3.03631987966
0.691011622297 1.50670468531
0.139384449093 2.36591880316
0.0201671677914 2.92248607792
0.00058292126023 3.52621575751
0.306760524187 1.93763977193
0.574221387116 1.4307992675
0.492861737362 1.5398413737
0.601897494797 1.54050453291
0.1361712184 2.33986815011
0.0049458341615 2.90788874811
0.0226745986859 2.78609124055
0.419035498462 1.71899045199
0.751781776225 1.53855249851
0.0905192292655 2.62691086033
0.190679995579 2.29100957845
0.0288469622792 2.9429567558
0.0377587852924 2.89535776115
0.00359621179318 3.16557116678
0.00176877231314 3.24286510202
0.597432897835 1.6843382077
0.455634400265 1.86049486268
0.18413849442 2.01960433627
0.0792648640343 2.30940795923
0.358053910735 1.75986609031
0.493996194974 1.60158332748
0.00202157127844 2.81014104543
0.0114670584631 2.71933608573
0.000387838454641 2.89492797112
0.0742535431786 2.33187747843
0.702752378585 1.56156777012
0.130960440766 2.29756779505
0.003120993199 2.91459080849
0.00576858089865 2.85237731707
0.00805386178892 2.83215720193
0.0422610683943 2.60299006049
0.289796801098 1.99119266979
0.5887667318 1.63316386982
0.0935634140707 2.20802734266
0.0239335487335 2.45076202091
0.00208903277759 2.69124576773
0.0152158507461 2.49893116385
0.226304884701 1.91203939893
0.729699190829 1.26576240448
0.499050917137 1.49976200804
0.00762083650623 2.5932970583
0.478399309442 1.60133882207
0.585859846015 1.48073635189
0.0223517630885 2.6532354606
0.00302730223658 2.83618381501
0.00850090348852 2.74653655194
0.0792614049736 2.39132137713
0.0989343664535 2.33166693518
0.592448956758 1.4800902891
0.0023790262507 3.42145970161
0.181877506092 2.62160978362
0.416458822646 2.13505015615
0.0502142821704 3.02552783848
0.00808025735757 3.31485222997
0.774257051823 1.6545465147
0.00045853029228 3.48628175879
0.919403527203 1.5545689897
0.331403794164 2.22164045905
0.0115970448735 3.24466892173
0.000459876214217 3.48904738789
0.0660120426489 2.83438831787
0.00340370338845 3.35499141668
0.718260428007 1.76080993258
0.156472829592 2.55747837115
0.900359688397 1.53137752744
0.136737866442 2.57482765032
0.40964836494 2.03496910423
0.543914222523 1.80520266292
0.0372539083138 3.15582219445
0.00191641445567 3.64041269594
0.0092509670939 3.46672055649
0.865639878282 1.48305490028
0.0150842011815 2.86082121371
0.353023853323 1.97882840652
0.103755361679 2.51654762542
0.00060440993284 3.43439526223
0.0195426257153 2.96135900483
0.220014444069 2.15845800321
0.423433204437 1.78451750954
0.0733064927195 2.63438448771
0.000622938428914 3.26041047081
0.113587227478 2.43257757486
0.468206213296 1.72674427453
0.131985177502 2.36889810137
0.778048348648 1.3916483015
0.238332117834 2.1452733074
0.612178494196 1.56957887668
0.266635882602 2.06922628621
0.0198165964948 3.01548520173
0.000939133952862 3.40254735224
0.0778875746234 2.69840240788
0.7980967267 1.61656433578
0.231984275477 2.3415689302
0.534577638619 1.91821213219
0.129128219301 2.54903584483
0.00180823331853 3.60119928044
0.0277664892677 3.25763767113
0.077077709745 2.86447169209
0.781081623339 1.30212143163
0.145145510306 2.39261669904
0.210215792688 2.18583756197
0.0691194458228 2.81380405735
0.00910288150793 3.22000649268
0.4049707211 1.65545040499
0.0102183135606 3.2000843434
0.000674471778497 3.57403260919
0.375667066495 1.75456474685
0.365459591137 1.7727138486
0.0736063742549 2.6035100054
0.01276431956 2.93802710532
0.171283999101 2.24907335225
0.0028169276182 3.17160107938
0.85934046198 1.57657677767
0.49379536626 1.99715587695
0.063148225754 2.89654272315
0.0163135026264 3.1939767647
0.000648108130493 3.44313430009
0.143553536012 2.54089674141
0.00831110714325 3.27009086026
0.00490284003958 3.31688276369
0.422209849723 1.74992991779
0.0531031442962 2.64447352996
0.573324629697 1.54038744133
0.0148447481358 2.95979686809
0.0831115516549 2.46793767372
0.00276294494347 3.15593246319
0.780440927476 1.35494892076
0.662452042549 1.43889558355
0.0367099019799 2.66303531457
0.404649204419 1.79139623944
0.00853717399556 2.9036606045
0.153910045234 2.30299219735
0.00146279184028 3.04699684879
0.108600646322 2.7360909408
0.00241528584806 3.78190539586
0.032202060544 3.22966144281
0.217269958254 2.44484365863
0.447842349461 1.86669528726
0.680773155046 1.57051645553
0.595658595634 1.89099103937
0.0317398413349 3.28879778772
0.237301909355 2.55466676367
0.0034708936828 3.58602045031
0.214865524895 2.62925798955
0.000896969632108 3.68327913942
0.686847167946 1.77813828128
0.000359159001319 3.12642439617
0.000490568222476 3.10976621661
0.0439631109013 2.44359084661
0.126892095395 2.20899478635
0.395770225677 1.6826176022
0.000226044025434 3.12077429228
0.0610144878896 2.36779017129
0.0205610192016 2.7401453773
0.0864090667144 2.38992947944
0.0111762608951 2.86825619752
0.140568309351 2.18160345912
0.463701451122 1.62400068767
0.467683449658 1.62235614644
0.590703813642 1.67797975908
0.301342243267 2.09132104284
0.106110519062 2.51350439821
0.0340100519472 2.76926601233
0.00273625683963 3.05171280363
0.0125616251723 2.91822609813
0.00161852248404 3.07703714862
0.454331798177 1.83861873285
FINAL NORMALIZED FRONTIER:
----------------------------------------------------------------------------------------------------
0.386107595565 0.172627822374
0.154177079172 0.272877283396
0.00533982823492 0.42172868297
0.0930736734285 0.32400937281
0.870806056678 0.0711623953816
0.537977220941 0.130600276183
0.797858850559 0.0807106731567
0.20456199701 0.182742297488
0.119206179093 0.212334722265
0.514660878789 0.0997511891031
0.0276756035318 0.319467064065
0.00285185055947 0.3814092452
0.855970339614 0.0489113479171
0.270547805287 0.157685419964
0.00667801793678 0.38164302686
0.0953591429749 0.270222041985
0.500256184643 0.0907652756313
0.0265630672082 0.346262687011
0.482943658375 0.0981425303085
0.00330752798988 0.368029509207
0.130196949201 0.158730842405
0.0218565138117 0.260693704396
0.177068965413 0.14084108065
0.441387096463 0.0744868887451
0.0428761010372 0.214632962234
0.288102020054 0.105915577059
0.489492749736 0.103886725293
0.154437842656 0.197695698136
0.328891614956 0.136357671443
0.367219595204 0.124461476759
0.00945214903271 0.321781689579
0.0354143955523 0.269790174722
0.0503242891165 0.258124806792
0.000655391459665 0.334217426934
0.269800444561 0.131335030404
0.140326930513 0.177517235613
0.0512638219054 0.229961611011
0.391545207411 0.104703760625
0.00369231396473 0.321614108547
0.00856081115539 0.312126060464
0.691012117721 0.0479644824462
0.139379522745 0.196349094513
0.0201610696941 0.292467183636
0.000576630675541 0.396730128622
0.306757242926 0.122386136288
0.574220734645 0.034855763976
0.492860285232 0.0536871242752
0.601897114345 0.0538016505852
0.136166260471 0.191850197246
0.00493958645852 0.289946253084
0.0226685252334 0.268912059703
0.419033320717 0.0846258227123
0.751782868939 0.0534645380303
0.0905138226367 0.241421916703
0.190675573399 0.18341241666
0.028840949493 0.296002430012
0.0377528600976 0.287782175934
0.00358995082519 0.334447507122
0.00176249338381 0.347796019858
0.597432473502 0.0786414473159
0.45563258224 0.109063360051
0.184134007946 0.136541257613
0.0792593467899 0.186589781345
0.358051133621 0.0916849661888
0.493994753994 0.0643498399714
0.00201529483379 0.273065414372
0.0114608748552 0.257383573909
0.000381545952544 0.28770795203
0.0742479766794 0.190470223742
0.702752989404 0.0574392308084
0.130955431621 0.184545007951
0.00311472756022 0.291103685915
0.0057623412822 0.280359536585
0.00804764463378 0.276867561908
0.0422551874511 0.237290840955
0.289793353106 0.131634617904
0.58876622229 0.0698037383959
0.0935580373623 0.169081545449
0.0239274876549 0.211001353701
0.002082756996 0.252532430461
0.0152097039839 0.219320071284
0.226300812667 0.117965001512
0.729700066501 0.00635421775175
0.499049525839 0.046765495544
0.00761461509501 0.235616878271
0.478397715165 0.0643076143604
0.585859307934 0.043479801618
0.0223456864629 0.245968124124
0.00302103567694 0.277562950179
0.00849469072721 0.262081041679
0.0792558876952 0.200736069781
0.0989290425345 0.190433863331
0.59244848344 0.0433682278273
0.00237275331937 0.378638960899
0.181872997395 0.240506431035
0.416456619576 0.156478526848
0.0502084793969 0.310262295878
0.00807404046185 0.360228057267
0.77425836544 0.0734964797036
0.000452238484991 0.389833604478
0.919406267419 0.0562305550006
0.331400755114 0.171432504252
0.0115908625432 0.348107536024
0.000453584420156 0.390311223261
0.0660063951466 0.277252871304
0.00339744052834 0.367160016977
0.71826119125 0.0918479659188
0.1564680712 0.229431060456
0.900362241437 0.0522254344385
0.136732914082 0.232427247327
0.409646094932 0.139194723247
0.543913272172 0.0995145043677
0.0372479781568 0.332763878504
0.00191013697747 0.416451718453
0.00924476170473 0.386455422772
0.865642090072 0.0438802104297
0.0150780531253 0.281817781161
0.35302102677 0.129499333614
0.103750085144 0.222362400036
0.000598119559357 0.380872907134
0.0195365214796 0.299180462736
0.220010310209 0.160521016646
0.423431069916 0.0959422184897
0.0733009169121 0.242712597659
0.000616648237542 0.350826071026
0.113582047577 0.20786093513
0.468204518835 0.0859648928291
0.13198017843 0.196863613538
0.778049699528 0.0280944680646
0.238328164012 0.158244045244
0.612178214793 0.0588227333775
0.266632206969 0.145110872148
0.0198104949519 0.308527951986
0.000932846869277 0.375372834835
0.077882043842 0.253768368337
0.79809827463 0.0669370310548
0.231980259264 0.192143918669
0.534576596502 0.119031020575
0.129123192148 0.227973052532
0.00180195477705 0.409679637634
0.0277604658619 0.350347213899
0.0770721710037 0.282448211698
0.781083004032 0.0126333512376
0.145140640582 0.200959769363
0.21021156252 0.165249413353
0.0691138288622 0.273698009427
0.00909667466327 0.34384838235
0.404968405117 0.0736525798052
0.0102121176792 0.3404078658
0.000668182093629 0.404988006186
0.375664462495 0.0907694344533
0.365456886812 0.0939037491327
0.0736008013949 0.237380634432
0.0127581487024 0.295151088934
0.171279386283 0.176170111714
0.00281065899087 0.335488861335
0.859342611855 0.0600312573081
0.493793923306 0.132664452218
0.0631425501041 0.287986816574
0.0163073666527 0.339353098801
0.000641818186505 0.382382122027
0.143548650641 0.226567445154
0.00830489251649 0.352497855513
0.00489659191402 0.360578726502
0.422207703178 0.0899690084612
0.0530973699164 0.244454955692
0.573323968412 0.0537814290959
0.0148385977262 0.298910684751
0.0831060722184 0.213967555637
0.00275667578556 0.332782921701
0.780442301873 0.0217565561737
0.662452257269 0.0362539820584
0.0367039664761 0.247660539902
0.404646885276 0.0971301618034
0.00853096159074 0.28921606088
0.153905261654 0.185481791711
0.00145650990356 0.31396995233
0.10859541741 0.260277104892
0.00240901327311 0.440887233362
0.032196080734 0.345515773515
0.217265797419 0.209979264013
0.44784045485 0.110134161352
0.680773549839 0.0589846514268
0.595658153862 0.11432999063
0.0317338569818 0.355728505611
0.237297945408 0.228945501296
0.00346463148309 0.407058283103
0.214861340427 0.241827261367
0.000890682134102 0.42385467012
0.686847622438 0.0948405381376
0.000352866217341 0.327686935746
0.000484276730078 0.324810100436
0.0439572466869 0.209762905805
0.126887046264 0.169248621098
0.395767819265 0.0783443020832
0.00021974993311 0.32671117376
0.0610087912679 0.196672276161
0.0205549249754 0.260977298212
0.0864036196881 0.200495691749
0.0111700744291 0.283101788448
0.140563394639 0.164518192
0.463699712384 0.0682212746074
0.467681750058 0.0679372655247
0.590703323171 0.0775433555693
0.301338908752 0.148926593774
0.106105265675 0.221836840599
0.0340040899074 0.266006375416
0.00272998741941 0.314784388587
0.0125554523225 0.291731493387
0.00161224207795 0.319157853859
0.454329967348 0.105285394849
----------------------------------------------------------------------------------------------------
Model: ZDT2
Optimizer: PSOProbs
Num Retries: 30.0
Num Changes: 500.0
----------------------------------------------------------------------------------------------------
T:30 FRONTIER
----------------------------------------------------------------------------------------------------
[0.9362662388832206, 1.6744175840292412]
[0.6987590336066345, 1.932522365825459]
[0.6987590336066345, 1.932522365825459]
[0.009725165812416961, 3.8506542935097947]
[0.021331232372515996, 3.7487200050671894]
[0.223499966447417, 2.7563140093284435]
[0.06835801087768645, 3.430609515301395]
[0.009725165812416961, 3.8506542935097947]
[0.223499966447417, 2.7563140093284435]
[0.0006997039754096379, 4.148291432699849]

----------------------------------------------------------------------------------------------------
T:29 FRONTIER
----------------------------------------------------------------------------------------------------
[0.00815053233614868, 3.718458557892236]
[0.03383497293527811, 3.1595460673215787]
[0.7704252919084909, 1.5092262081942065]
[0.22358706357427882, 2.426526947508001]
[0.2938890042525182, 2.235936622466755]
[0.04453066347960838, 3.0877663514720943]
[0.7704252919084909, 1.5092262081942065]
[0.03383497293527811, 3.1595460673215787]
[0.4970260649806944, 1.8449663597194552]
[0.03383497293527811, 3.1595460673215787]

----------------------------------------------------------------------------------------------------
T:28 FRONTIER
----------------------------------------------------------------------------------------------------
[0.85953564002761, 1.5088967211407187]
[0.014790783030061115, 3.1646861753161177]
[0.005036562302974657, 3.31679186308378]
[0.2315436913741195, 2.3676233531625064]
[0.3791039163659413, 2.059586938089054]
[0.04715646734342638, 2.955231489130271]
[0.005036562302974657, 3.31679186308378]
[0.85953564002761, 1.5088967211407187]
[0.014790783030061115, 3.1646861753161177]
[0.04715646734342638, 2.955231489130271]

----------------------------------------------------------------------------------------------------
T:27 FRONTIER
----------------------------------------------------------------------------------------------------
[0.8979116833954595, 1.6387697440480837]
[0.10428476833385747, 2.90820327256306]
[0.021802914212459196, 3.401534029633824]
[0.8979116833954595, 1.6387697440480837]
[0.05155610099739993, 3.1422339327850075]
[0.44464779239906754, 2.255984297883459]
[0.021802914212459196, 3.401534029633824]
[0.10428476833385747, 2.90820327256306]
[0.05155610099739993, 3.1422339327850075]
[0.0005480438970081186, 4.147955997906543]

----------------------------------------------------------------------------------------------------
T:26 FRONTIER
----------------------------------------------------------------------------------------------------
