0.707046101983 15.3428155324 -0.00665209033147
0.263554499222 15.8354807627 -0.0758672902215
0.684604932553 15.3783694431 -0.0224888945965
0.8404531757 15.2569008622 0.00166536717713
0.988429284264 15.1746864014 0.037216917757
0.444458108487 15.5710840471 -0.0526245994619
0.592371856067 15.409979063 -0.0292715423719
0.75738512333 15.3274602649 -0.012458054248
0.492705238199 15.6408741343 -0.0383708134529
0.805077451891 15.3456586891 -0.0101060629106
0.715968123539 15.3177052871 -0.0126514192055
0.384825533244 15.6948945915 -0.0631865135613
0.614677069888 15.4019719825 -0.0286774647541
0.836575649738 15.3506792078 0.0167431634805
0.870841595243 15.312219757 0.0221193591768
0.256375314395 15.9549323116 -0.0791966476788
0.852677547431 15.2842741228 0.0184075355261
1.03244874726 15.1493474263 0.0430002278492
0.894770217148 15.3063371991 0.026036086305
0.928745491161 15.1932862953 0.0180810924567
0.671220494858 15.3868281813 -0.0241836344033
0.594928707217 15.4089766464 -0.0269247803992
0.317994719453 15.7672810815 -0.0651931937975
0.787203015073 15.2828785331 -0.0049187130632
0.137757425296 16.1781098361 -0.0900827526781
0.960129312248 15.2441152842 0.0118148062632
0.991655951871 15.161415074 0.0351828323885
0.545697360642 15.6348358967 -0.0471608368136
0.618629226648 15.3872483021 -0.0250962801387
0.787494431047 15.2886090245 0.00611752082827
0.647149518971 15.6114945668 -0.0363145355453
0.704811121221 15.4073000272 -0.00483168672644
0.925397718283 15.2460289938 0.0301061596147
0.18941577808 15.9861532701 -0.0821753392143
0.750232830972 15.504876732 -0.0228017419765
0.443069844457 15.5747102377 -0.0480619888961
0.610286423953 15.5820154241 -0.0198368764948
0.114825029599 16.1778917867 -0.0911463192607
0.455793094765 15.6599801336 -0.0562439247382
0.723011437523 15.3949363984 -0.0206640541411
0.944541817648 15.1832344404 0.0212849482943
0.64716092509 15.4033671138 -0.0273014598278
0.725657654336 15.3695379337 -0.0019111850826
0.357784872279 15.6707992911 -0.0613401263723
0.740802827832 15.2955731609 -0.00573102265907
0.801887049246 15.384463934 0.0111861502089
0.380744953191 15.7308741116 -0.0555806427695
0.742346570194 15.3274580736 -0.0134418668328
0.617665045261 15.4058046334 -0.0291405831482
0.748539194321 15.4723311385 0.00243880278718
0.322391045967 15.749652866 -0.0648169705462
0.11192556497 16.1814287471 -0.0911623373852
0.533070305399 15.5051860925 -0.0332233086664
0.480243784986 15.6541007079 -0.0403120229331
0.547361425546 15.686662328 -0.0301495426229
0.728480827795 15.305006826 -0.00679035710637
0.430462171585 15.6605094817 -0.0481956048414
0.377296053574 15.6793066106 -0.0630353484837
0.565731361973 15.4807268388 -0.0279129101978
0.880627754847 15.2763625048 0.00205663734676
0.585076852679 15.6233912639 -0.0429653487703
0.338252336904 15.9302839863 -0.0719519977936
0.506589504139 15.4968605896 -0.0393568287505
0.514146286361 15.6257005194 -0.0350066834485
0.648649050082 15.4690934857 -0.0314736149446
0.630527548273 15.3942449296 -0.019275527342
0.347309905015 15.6865064891 -0.0644234312999
0.40683007185 15.6485713607 -0.0596871699618
0.58245210831 15.6319518788 -0.0434325645373
0.990816690738 15.1582872019 0.0331762694303
0.240383863531 15.9062909927 -0.0755082679506
0.1500770801 16.0670835665 -0.0871775254351
0.512360568306 15.50029205 -0.0436189451505
0.337448697164 15.7435693464 -0.0623665306742
0.974549201181 15.1998623138 0.0368603508148
0.809133264686 15.2886501695 0.0104912175332
0.802501529268 15.2865777615 0.00905503378551
0.482894760198 15.7862551429 -0.0404972845411
0.687761229317 15.3343832516 -0.0155765369543
0.126334082874 16.1353997209 -0.089747668512
0.154148648488 16.0792175178 -0.0878124881753
0.316901457333 15.7366243217 -0.0688132698744
0.344484279219 15.6878465639 -0.0635255934543
0.165029318744 16.0495504814 -0.0867093340674
0.54864064524 15.4723303457 -0.0315867641534
0.883565264169 15.2140533898 0.0184090828865
0.84697024396 15.2396526643 0.0052848616043
0.693723570495 15.3571869108 -0.00844947472481
0.401631190637 15.6249901532 -0.0585140299706
0.203363404386 16.0850539666 -0.0798859555303
0.451056901694 15.6683290635 -0.0569112646038
0.491248951386 15.6297594664 -0.0386240349869
0.757245151077 15.3142176931 -0.0109512081258
0.278448620485 15.8023078042 -0.0737348515792
0.554784207997 15.4728158398 -0.0303075379858
0.585224093669 15.4172426479 -0.0284636172199
0.795137977303 15.2660234167 -0.00113232773467
0.160423200356 16.0985784767 -0.0851252565169
0.833547721856 15.3096909717 -0.00486816754057
1.03165302477 15.1408046428 0.036388631737
0.632379649628 15.5669348847 -0.0367149052424
0.189953970579 15.9697933062 -0.0833566573672
0.294389230689 15.82429983 -0.0737729533322
0.242546690024 15.8882424668 -0.0787769530205
0.440718953516 15.715842071 -0.0464084083143
0.613053376227 15.4002107969 -0.028388260582
0.641441014335 15.4675562419 -0.014909467278
0.741558769374 15.3552695833 0.000561975483905
0.564831384363 15.4417919801 -0.0303836823066
0.666775916212 15.3535885782 -0.015157682939
0.647173217103 15.3925513037 -0.0262400894757
0.914149729035 15.1956604038 0.0180933989891
0.287104494163 15.9934834917 -0.0771211842795
0.995049816232 15.157138476 0.0343994331513
0.859206117286 15.2278916652 0.0147906802356
0.110586150209 16.1898217081 -0.0909422439373
0.430054827057 15.6596611558 -0.0482693191168
0.212632627984 15.9180000821 -0.0801595750147
0.557176600696 15.4539734438 -0.0310113454208
0.543846026361 15.4691854205 -0.0328346660408
0.525546925046 15.5684226589 -0.0333933180215
0.824620852637 15.3279307487 0.0145221820948
0.268790055729 15.8198855554 -0.074928645042
0.741980688513 15.3264924562 -0.000557566606274
0.365194856184 15.8403709129 -0.0578039932876
0.704234276045 15.3421895759 -0.00730204435366
0.369871613959 15.7038356599 -0.0576149694526
0.792067440334 15.4125129513 -0.0151080529406
0.259839070393 15.8623182072 -0.073084685903
0.2432316884 16.0132602046 -0.0747977463016
0.19746439648 15.9590339937 -0.0829020376092
0.650091755589 15.3652638912 -0.0219264805195
0.507220021889 15.5118814515 -0.044953859702
0.730962579735 15.3497725359 -0.00156489062956
0.731808302831 15.3480986516 -0.016322510676
0.290157110872 15.7826260965 -0.0723331810784
0.463268498368 15.5742932516 -0.0440648341649
1.03105881758 15.1425590597 0.0350373556637
0.878840177502 15.2137984315 0.01298764061
0.760350110962 15.4173596003 0.00448102908088
0.471486664344 15.6701185223 -0.0416662886392
0.997402383228 15.2092008578 0.018711300763
0.697766131449 15.4943901039 -0.0278187365117
0.328167663157 15.7119689218 -0.0657127746829
0.607700113491 15.4222067067 -0.0222206575754
3.19369033535 20.7886919112 0.147567485908
2.99650776957 15.2202806639 0.191191047309
6.37480362628 16.3902227103 0.132149669609