0.978329906055 0.00180427561372
0.97832990408 0.00180427758928
0.978329908628 0.00180427304112
0.978329905698 0.00180427597063
0.978329907562 0.00180427410707
0.00180428057918 0.97832990109
0.978329902843 0.00180427882577
0.00180428219258 0.978329899476
0.978329899985 0.00180428168345
0.97832990304 0.0018042786284
0.00180428926963 0.978329892399
0.00180429243805 0.978329889231
0.978329904641 0.0018042770279
0.00180427696719 0.978329904702
0.978329963153 0.00180421851707
0.978329915141 0.00180426652814
0.978329902109 0.00180427956025
0.978329904458 0.00180427721082
0.00180427950841 0.97832990216
0.00180429124917 0.97832989042
0.00180427801847 0.97832990365
0.978329888277 0.00180429339239
0.978329886546 0.00180429512317
0.978329903421 0.00180427824774
0.00180427152703 0.978329910142
0.978329903103 0.00180427856583
0.978329904359 0.00180427730987
0.978329903911 0.00180427775817
0.978329920264 0.00180426141306
0.978330598839 0.0018035830656
