1.85281152669 8.80591370309e-27 2.58184796061e-43
1.62269853434 7.50025861979e-28 4.00089363994e-49
1.6066324531 1.18446758373e-32 0.0027199816096
1.72970969051 1.84229473589e-81 1.72658760145e-68
1.62651349302 6.42505145272e-55 1.5601070214e-36
1.63284642904 6.84773802159e-06 3.87736557228e-19
1.69455754735 1.26578184068e-07 1.7273835542e-14
1.70387947342 9.74235074546e-35 5.98415450585e-52
1.63403020427 2.64243709555e-165 1.06814400312e-42
1.68945496924 6.61204981766e-10 9.07157315223e-32
1.69827304318 1.29784802099e-89 5.83310125919e-42
1.67680941734 2.83395713813e-10 7.33462570107e-39
1.68212554329 6.67102898633e-19 2.4377271258e-29
1.61203716775 1.08555690156e-19 4.37242983089e-18
1.62654743404 0.00238423562122 5.77400503729e-20
1.67436100153 2.78508474271e-25 1.69100236305e-11
1.58679835018 1.70213981545e-19 2.23151139071e-18
1.63258778662 3.86259779228e-37 6.14882302041e-19
1.65398039768 1.04295490812e-26 4.63329429417e-38
1.63326041792 4.73708800155e-12 0.00018358608333
1.71628475754 1.36566785307e-07 1.22801234158e-26
1.62211628981 1.15465218022e-123 2.12755110518e-35
1.61819145238 5.47369877347e-09 4.33801649658e-26
1.70160841071 8.10334965955e-36 8.94504518734e-43
1.66279774205 4.74014145794e-10 2.83979330167e-52
1.66989727692 3.54583229387e-25 9.47862568233e-61
1.68026947661 2.19171606386e-53 1.7564065886e-50
1.61763226084 1.57848456644e-20 3.68772746571e-23
1.66292064915 4.86216068178e-260 4.70452182429e-21
1.69675131266 0.000542492760465 3.73075607005e-53
1.69043992667 5.89592773106e-17 2.07728364394e-23
1.73779810865 4.75906711734e-35 9.04453174309e-74
1.71889254194 1.76466486648e-59 3.2072640313e-52
1.73028586906 0.00368812215442 2.3050714174e-24
1.72725541736 2.61039062047e-28 8.25161756773e-143
1.64499353047 7.9146694325e-08 1.75448627454e-29
1.67634894119 8.75458643352e-75 3.91627289787e-30
1.72426840969 6.39870632334e-41 4.32069122523e-29
1.58497532412 9.82385255816e-12 0.00327988874768
1.70686707136 1.97734578563e-15 1.12139079743e-05
1.73795018223 1.36238338631e-192 3.51016183746e-47
1.59940921124 5.0592663184e-13 1.47360348488e-21
1.58542101351 4.03906116144e-60 5.49309438153e-11
1.65291560944 2.12297869544e-10 1.49871693095e-166
1.59866065548 2.68326202216e-83 4.98192994699e-48
1.73572573591 1.10350005933e-11 1.22786718283e-36
1.73273650811 3.67489275514e-06 1.561796829e-44
1.70771563586 1.60467363067e-59 1.69230961873e-30
1.65694222886 3.71060062285e-35 1.12203212057e-70
1.66031551472 3.30050315503e-32 1.72831696307e-29
1.73716290303 1.90037973503e-09 1.93309944477e-11
1.58541489053 9.60664175983e-42 7.53964759681e-51
1.6172061545 8.497750307e-22 4.45056100211e-25
1.70232631182 5.59331027491e-22 4.27531900079e-34
1.62494365108 3.05769290547e-29 4.1654777889e-10
1.73221804605 3.02190279177e-35 1.08788283038e-103
1.67840996469 1.22497620815e-05 3.68291666319e-23
1.64052175286 0.000312352210071 3.27889679007e-20
1.73758461688 3.50086045866e-56 4.15773118427e-13
1.67293816584 5.95778433638e-05 2.69524146918e-17
1.7212460395 1.56043118813e-80 7.39900088287e-29
1.71480856649 1.1360230537e-07 1.28391186837e-21
1.69738430222 1.71446839527e-39 2.36244367374e-22
1.59366444532 5.64553808276e-25 5.53779167966e-21
1.6510793056 2.99887282534e-44 0.000511247055047
1.64337771941 4.55190697328e-24 2.98654509554e-13
1.73557845192 1.22136643206e-106 6.52313190233e-43
1.72800668465 1.01929211988e-06 3.78446869361e-27
1.65909782286 5.57590073332e-30 2.72949050893e-22
1.65771678339 1.56099318853e-05 9.63579903276e-24
1.5840552749 1.24139223577e-12 1.15842704286e-103
1.67147649332 8.05645540691e-42 5.74420973778e-12
1.71213198973 4.15547025175e-07 8.86454252354e-72
1.64574724988 2.08205207598e-35 1.63255249815e-17
1.65598863636 1.92301795587e-88 7.2491317456e-67
1.72976871124 6.12970023523e-19 7.9431841624e-34
1.60946553057 2.2850458633e-36 1.7671738888e-58
1.63101091711 3.58338280951e-28 1.61652637605e-09
1.68323488449 1.60992225191e-23 2.96599870311e-16
1.72061885682 3.66555422533e-109 2.0467055881e-50
1.66971998776 4.73032489858e-22 2.15532029886e-64
1.65634624627 1.31127074131e-31 1.81481158076e-46
1.60585712062 3.57840870267e-18 2.31341437572e-33
1.72116419764 5.21337831431e-78 6.62628692118e-68
1.67243408286 2.20851258568e-20 6.28610978713e-90
1.60739683531 7.1648209827e-52 6.28638089921e-172
1.6604939674 1.00262459994e-15 4.30032312066e-30
1.64932270415 8.97036989597e-43 2.17260150415e-21
1.64214760416 1.38386705371e-18 8.38853866184e-65
1.59137765654 8.10796829675e-39 2.32335474945e-28
1.58535624673 4.26876518528e-56 8.26668208004e-40
1.66605097876 3.55861348657e-14 3.68244125571e-28
1.67962165497 5.19856718054e-53 5.05803557872e-31
1.6765481445 1.72350950012e-64 1.62262734531e-23
1.71710064573 2.09581928725e-31 1.11433942122e-132
1.65744006676 2.08042597568e-30 5.25857771543e-109
1.72744541537 4.74618527096e-276 7.69915024144e-150
1.6898090427 3.84282258211e-23 2.85840811473e-41
1.60845375211 1.23519423846e-13 1.845206927e-13
1.59858211621 3.43388063436e-21 2.61660545003e-33
1.72169331671 4.45145585202e-30 5.95120422698e-11
1.72285735384 2.28114405699e-37 2.53998265361e-54
1.64836981851 8.89957081544e-16 2.02798375103e-12
1.72603288579 7.39536307873e-68 2.78002080918e-142
1.62698906841 1.26078701684e-56 4.08131357373e-17
1.72503629612 1.48028770299e-41 8.12320046916e-37
1.61465188367 2.09046075458e-61 4.74569339286e-22
1.73249420358 3.9305567885e-17 8.49952566316e-48
1.63979791242 6.6636000234e-14 3.61521470449e-149
1.71437840471 2.70204991517e-20 1.28565637949e-80
1.73584030746 1.18048085987e-26 1.71764040138e-78
1.71776400841 6.12760193914e-05 1.98615807267e-67
1.71131836586 2.35656249106e-13 2.06891484003e-21
1.70241196639 5.33871478095e-15 2.56576672481e-12
1.66373743334 2.78457376056e-17 9.06247777887e-59
1.65275750298 1.40560354577e-27 4.15305099226e-36
1.6204265765 5.50855321998e-80 9.95180728466e-45
1.58723759711 7.45559531055e-17 9.33732950666e-43
1.63128723612 5.92114015609e-34 8.8121576416e-32
1.62426626606 9.51854569016e-40 5.50967274542e-11
1.7361041586 1.76302848721e-30 5.37655963006e-36
1.63812982202 4.05849340297e-22 4.15175079874e-12
1.72174413382 1.6493121094e-22 6.58783541947e-64
1.64586498876 1.49738854438e-54 8.23596963865e-25
1.65866161857 3.30687052304e-23 2.57964578476e-49
1.65768464361 1.19031000918e-51 1.03330420405e-103
1.6731860507 7.33337889364e-11 9.44301875826e-05
1.66913585268 1.09900834316e-24 1.25167349313e-62
1.59290888411 2.0442662302e-29 2.8416244657e-25
1.72532998964 4.23453017398e-30 8.28723898092e-23
1.6940090694 7.46174420135e-37 3.53133473089e-19
1.7297417342 9.15768216788e-15 5.08496566211e-64
1.59315314798 2.54522122982e-07 1.88399205403e-24
1.73320807862 2.70728637075e-54 3.2128788705e-08
1.62547775043 4.53471963957e-37 9.04387417193e-23
1.67549924456 1.63414081728e-73 5.39451649592e-13
1.69464671463 5.12149655165e-34 2.87100110026e-13
1.64927605821 1.93969235362e-17 2.68448108262e-36
1.69348358712 8.14203945703e-08 9.09795405666e-09
1.61999048842 5.64292650931e-17 2.63990245308e-48
1.66463611805 9.37762414333e-10 2.38872070323e-10
1.68132099995 9.17711709075e-44 0.0072865124112
1.69874565474 6.37963251273e-91 2.71106208817e-32
1.65845169841 1.71807333912e-67 9.65999883309e-15
1.64578543954 6.06310970342e-61 5.62018156664e-15
1.60872806159 6.45955070329e-29 1.84236416273e-11
1.66414775525 4.98471923261e-26 2.9387274358e-12
1.71818008995 4.45305168617e-45 3.69327945265e-83
1.70574075101 5.100463359e-35 1.37622708487e-58
1.71434267241 4.1377903334e-46 2.12902735952e-127
1.70680589297 2.91241070024e-25 4.70396169464e-22
1.69634942393 1.1553533569e-32 1.1622135233e-09
1.72128001515 1.40130230266e-73 3.22886352192e-100
1.72134107478 4.54632246345e-56 5.32672614936e-22
1.66009001951 6.13932899196e-12 1.27690263413e-13
1.62598723337 2.28435870273e-38 7.11328799645e-07
1.72900438316 2.2380721781e-20 0.000113961222752
1.65702684435 1.01319821045e-42 8.18157163078e-10
1.64878619462 5.38523227604e-24 9.05328286061e-23
1.63800256161 2.65923040753e-60 1.64545792385e-16
1.69583754683 0.000233857011437 3.27321159138e-26
1.67670048709 2.1874370913e-11 1.16252732589e-38
1.66840884217 2.48956424651e-20 1.41348251089e-26
1.72881251608 1.08638164922e-195 5.05720172298e-18
1.63216959532 3.54498235439e-24 2.22037521838e-31
1.71245851021 7.18354002088e-39 2.85035469323e-77
1.67988521035 1.26686975883e-25 2.50959645184e-34
1.67133295908 1.0103386737e-37 9.63357507295e-07
1.7065570212 4.22803822687e-77 4.07155292315e-32
1.70463226921 2.62553361191e-05 7.08249751876e-11
1.62573851154 9.50235929456e-23 1.36028500417e-66
1.65904638629 3.82584991736e-24 2.69852129629e-37
1.72142045118 4.35711498859e-44 1.83068074962e-27
1.67886505517 6.32025565786e-84 2.16938269152e-63
1.68975682074 1.5095803837e-08 3.98013742834e-09
1.68310140787 6.23182400723e-15 0.000569867730713
1.70882048555 2.00289252704e-75 6.91807867387e-73
1.69642059031 4.97762523084e-44 1.54912452257e-28
1.7302786378 7.62212671717e-40 2.76285329064e-07
1.71145614564 2.35230436237e-17 1.54652658333e-34
1.64063323837 9.43945304569e-116 1.26167146773e-22
1.67529577153 4.65742048169e-26 3.54515826277e-20
1.61507858118 2.61392748459e-21 1.57330240543e-13
1.61044856329 4.94551341849e-15 2.09479291164e-25
1.68178977469 4.24405767258e-35 6.71284550514e-41
1.68284288104 8.60033417427e-08 2.80954174513e-07
1.71186210233 3.3072741163e-40 1.94258999058e-25
1.7214727532 2.64342245541e-51 6.78762719994e-45
1.64152986985 1.3330970722e-14 4.26243432978e-73
1.71607516806 7.78121830276e-42 6.09592245834e-15
1.7136470007 1.27263617704e-41 9.90365431043e-10
1.72462213506 1.13342132683e-07 1.40528926461e-20
1.66500476946 3.24065668713e-75 1.09373929428e-31
1.67895671449 8.81038158985e-63 1.85834614427e-09
1.67210353537 1.24105367095e-08 5.47885765148e-20
1.60561198806 3.84317374209e-07 2.14498793387e-43
1.70984545172 6.37663767663e-32 2.94650317293e-52
1.70511840021 1.10112142834e-102 9.51534960497e-41
1.61577646229 0.0476318170331 3.16274905892e-19
1.6272566788 8.38342360845e-17 2.48843833277e-28
1.69510719755 2.93913327833e-49 2.05219899386e-25
1.69737872904 2.21304277428e-16 1.60559638802e-32
1.65086270405 2.46325998147e-35 2.6166872335e-20
1.58614440585 1.52540697966e-14 3.38682557232e-57
1.72486873648 2.90980057476e-25 9.28571527871e-41
1.64176027991 3.37481831394e-46 6.33737417765e-23
1.70645309544 1.3009088672e-70 3.1066008311e-10
1.66243805636 6.10297597929e-08 2.78076817056e-11
1.71391144926 1.41137392646e-05 1.79084418558e-12
1.69972898714 1.89250675745e-22 1.33696928276e-13
1.60984897437 2.96085509964e-32 3.44178676338e-66
1.71825337143 6.74561957607e-23 4.28444813251e-08
1.63001709371 4.24293364384e-36 1.31868689964e-65
1.66947379497 2.36392622361e-10 0.000120696778248
1.71830406981 1.1391903697e-18 8.9158096117e-18
1.6305051937 3.11320156376e-06 2.72093223e-18
1.65081260267 1.40077548549e-15 7.95884690127e-32
1.65812562897 2.44440296694e-53 1.42205658841e-21
1.65137139579 4.96757955956e-40 9.24250196618e-76
1.65175743331 1.1819451757e-13 2.57826205695e-21
1.73582409383 2.02471863414e-13 0.000106429836705
1.64513943788 2.1984938737e-58 1.06991593047e-13
1.71683068761 1.97189448904e-92 2.11820314742e-15
1.59166967971 4.08919178295e-12 1.02340220816e-53
1.66384258793 2.81534917667e-44 3.2373898465e-25
1.65545056748 1.73853063055e-32 2.89031780551e-57
1.65918620311 2.60521386096e-05 3.30003603553e-51
1.6472811963 1.40681451367e-11 8.5191228051e-42
1.64643304955 2.0877096368e-50 2.8192172755e-58
1.68264928283 3.45303546377e-06 1.58327171074e-11
1.70995661628 1.69325284301e-11 5.06551073615e-65
1.66765886664 5.08814369616e-21 1.09823745206e-98
1.67335801223 2.41172162514e-28 5.16155795436e-44
1.70502873904 7.94853616121e-17 5.11955987017e-05
1.71094795914 1.66669603377e-44 1.68537103785e-44
1.64568543945 4.31780068364e-164 9.01630333804e-23
1.63871180605 1.0047996403e-31 4.95785720108e-70
1.63041404993 4.94164597823e-19 7.52804776675e-13
1.66206915322 5.07167981042e-27 3.62383967545e-31
1.70090797325 2.89238628789e-40 3.40593949195e-53
1.72203711119 7.72498843654e-09 1.18354552956e-49
1.71305220713 4.00919356326e-61 5.97879242103e-10
1.6686169872 1.43109702962e-45 2.49283976617e-96
1.70610929716 9.55712426511e-44 4.55050548913e-05
1.61722862351 0.017230223763 4.52186272762e-98
1.59475828006 1.74007310521e-38 5.25665996142e-32
1.65714941696 3.63210477647e-58 1.66042589567e-19
1.62455709137 1.04614354756e-14 1.39608165511e-10
1.72484963084 5.40604255663e-50 7.84832294272e-41
1.68903620874 1.76691631632e-68 1.02662176051e-38
1.66598098574 2.41541078859e-45 2.93804373701e-20
1.73234781057 6.42313472123e-95 2.53891526987e-27
1.64173190568 7.4870891864e-17 2.0839734703e-19
1.66177387208 8.48027722032e-40 0.000723141783502
1.69424710073 7.10792259512e-49 2.87581308476e-105
1.69170350342 3.27337438734e-21 1.21862415608e-60
1.68331337943 7.5193121007e-104 1.5378092931e-48
1.69928494796 1.01272912435e-26 8.69155391013e-69
1.71694219207 8.98795278149e-19 1.73534624405e-53
1.6766790544 1.82806828465e-41 1.0708408788e-14
1.72322821784 3.12056514993e-20 8.12883998112e-17
1.73729743936 1.54426052958e-47 1.67129603668e-16
1.6666232532 2.086184758e-51 1.50595848147e-40
1.70517526903 2.28697247051e-48 4.42061805427e-34
1.66606675903 1.63707836983e-15 8.80840861356e-24
1.71285781991 2.96073554579e-30 9.247728512e-126
1.71450005169 4.3170112063e-18 1.27951911556e-16
1.72064743081 2.65073935953e-120 4.7133352748e-32
1.63618075927 1.53076261567e-27 1.83906871052e-37
1.61839687343 0.00240277016596 1.35080979705e-49
1.67175936574 2.2751214667e-39 6.30130625817e-51
1.6457587178 1.35314527532e-15 5.42216338523e-47
1.67591583147 4.76002333638e-26 0.000212595636645
1.73759021603 6.16586635042e-05 2.09876155328e-17
1.65818882583 5.77910609818e-10 1.94315546565e-60
1.68451576805 2.54146320831e-46 9.5353498183e-75
1.68520379978 2.8298374282e-33 9.74784552704e-65
1.65474705169 5.76821327759e-59 1.27752228185e-89
1.67576345391 5.31031350701e-31 1.53981385325e-08
1.58727091005 5.31460672002e-54 1.96211285497e-46
1.70944669567 2.00000798675e-81 3.51551652915e-65
1.62654539966 0.00132539595152 2.85856960995e-19
1.70682373351 0.00127083692731 4.76366196009e-44
1.69138375459 1.4833654321e-14 1.22689215434e-18
1.66927023366 3.71893961285e-42 2.11646648334e-14
1.68597780506 1.27463636267e-13 1.85858004031e-10
1.61532736548 3.03145429909e-11 1.55098743746e-06
1.71686665874 1.76095795872e-05 4.5357621382e-76
1.72598639163 1.09415256377e-34 3.98905543647e-85
1.65043953282 1.23485791447e-43 4.16714388403e-33
1.63576003554 1.44006592167e-16 5.89072151575e-33
1.7019827946 2.09984404986e-31 2.23821813966e-110
1.69986868988 0.0136942539358 7.29347675517e-31
1.73821239557 1.2197571544e-30 1.99777799927e-75
1.63735322304 6.47730566155e-41 4.77302410185e-42
1.67696633605 2.47334827484e-75 2.52649752033e-22
1.67090136436 5.15558180578e-37 1.51826718143e-18
1.65823815655 0.0103341673947 1.94010506387e-09
1.62232468062 7.56829780511e-22 9.83049670881e-29
1.71913436868 8.25727835703e-38 1.24553212401e-32
1.71195593021 1.08441752803e-33 2.30655559925e-33
1.69355750695 1.98363732257e-11 6.70592617894e-58
1.66669720131 3.10443456445e-06 5.1842554221e-19
1.6952179806 1.85810459073e-36 7.75126957784e-75
1.65541347334 2.19370558661e-21 3.65163758295e-64
1.63298446924 3.01100648802e-26 3.08870531633e-55
1.65605319552 8.20407002065e-10 1.73575934359e-31
1.67987800834 1.38074575067e-10 4.44268600993e-23
1.71130359877 1.56141509187e-25 6.86595622969e-23
1.63969539058 2.02571650405e-07 8.05511399908e-11
1.6435210691 7.7974822424e-13 3.18162966095e-54
1.66410350804 3.76998444456e-11 5.81857860168e-10
1.73562153941 1.7280455295e-09 0.000358949629656
1.62954387544 3.06356284184e-21 2.75788199998e-27
1.6685045952 1.2452436558e-08 5.53723513332e-33
1.7330314751 1.21344522016e-22 6.30980189759e-19
1.67349034845 5.93438674549e-06 6.74959478524e-15
1.66390684114 7.48194062489e-112 4.99088209607e-15
1.61894603138 3.39853000993e-13 1.00768494338e-92
1.68119445132 1.20999489581e-25 5.97603702427e-13
1.65332278853 1.30275654889e-43 9.55806573546e-84
1.66810047746 3.32165330519e-23 1.07271783688e-69
1.65932254658 7.06550158364e-81 1.02777780472e-44
1.71524320107 9.13340140585e-51 5.94159619849e-14
1.58688389878 3.25220386642e-20 2.98937704151e-48
1.668545261 1.07526591327e-74 3.67041872687e-37
1.59587893975 0.000188746495789 9.16706406875e-13
1.70673228213 1.03493001367e-36 7.69734904378e-15
1.6107137395 7.07547688939e-176 2.62340896428e-09
1.6858296 1.62996756275e-10 1.15892850377e-31
1.71683935115 1.01399236973e-13 2.48096226587e-13
1.6497925223 1.63708511752e-13 1.19617820356e-34
1.72981086772 1.75233430087e-97 5.65339904635e-10
1.60055437314 4.94231714165e-33 1.43424247147e-29
1.73728977553 9.4749890727e-32 1.09835603624e-09
1.67724887819 3.99608147579e-76 1.96240035039e-40
1.70606345183 2.9723409714e-32 1.48587076963e-16
1.71659131585 1.2553609493e-12 6.8736651327e-14
1.67493823986 1.63139023012e-22 1.93985606103e-102
1.73179562592 2.2993296749e-08 9.50635546555e-51
1.73822905324 1.73006004916e-43 1.01432474191e-16
1.68558239839 0.00228055306011 3.44334199622e-11
1.63567466296 2.06004743953e-13 1.27430940595e-13
1.6102592366 5.32572367648e-16 2.88119582121e-17
1.6484262175 1.09471830125e-56 4.75470585691e-29
1.69145228078 1.23630370084e-20 6.57201065749e-17
1.72370206632 7.14452637729e-37 1.75630232314e-22
1.71493502688 6.93035310417e-08 9.12812096368e-12
1.67528677074 9.8594451746e-25 2.46846355174e-81
1.69977479326 8.18853430188e-55 8.37876541775e-37
1.65329283032 2.40438828776e-186 3.26207191223e-35
1.71544304073 4.25226584938e-27 5.28627010637e-13
1.63459429235 1.80938187917e-74 9.08130687383e-22
1.68717486496 1.96608462005e-08 1.16976347887e-32
1.67528085203 1.56143556953e-38 1.48669059787e-27
1.73235357502 6.11771043872e-30 3.46731397711e-27
1.59016543924 3.5685755102e-77 1.23685487518e-34
1.64068194827 3.58937608439e-78 7.56819261574e-21
1.64695485263 7.28289464412e-31 2.38987815086e-55
1.72730778187 5.25420539909e-21 1.22575523568e-46
1.6300069009 2.31459366884e-16 9.10733952379e-14
1.67108470289 5.54257934414e-07 6.10774519045e-33
1.66516985765 0.000888896986473 1.02727678393e-37
1.72591616327 2.10644369492e-41 1.6689929828e-35
1.65183236833 5.1622259992e-05 6.47265638057e-30
1.71127051976 8.02312532325e-55 0.00279867418829
1.69543546138 3.973166237e-29 1.05439829186e-46
1.71358342727 3.59155890609e-14 7.72751498623e-45
1.56610577316 0.0196796310965 4.47166085896e-46
1.70929862623 7.51974248822e-07 4.40993378817e-09
1.61270526234 8.48274560492e-81 3.15625483473e-29
1.71821018844 2.15274368808e-29 3.37029519745e-23
1.69415783179 8.84963474825e-11 0.000282934320633
1.61390385185 1.14621481408e-13 8.83823217344e-52
1.6074348876 5.27013052175e-07 2.20745531265e-12
1.67598154237 1.52051405693e-38 1.18708453769e-31
1.72796998497 1.12025015411e-16 1.15173030431e-05
1.69404470894 5.77059560642e-41 1.38668271231e-28
1.63787411882 2.25454711966e-39 2.946427748e-28
1.72832279411 1.15508743666e-97 1.36323206891e-15
1.72454076054 5.1301458271e-42 1.84761847055e-28
1.68071821892 1.21509806266e-09 3.78474497343e-47
1.70158184401 7.50594490088e-38 1.2181229529e-57
1.71471398523 1.55215458028e-64 1.59181897935e-14
1.66380946875 2.20759391687e-21 5.65265083726e-39
1.69288764969 9.76570713769e-29 4.73226905596e-20
1.6118704028 6.46148826576e-11 2.14692936813e-85
1.66431314787 4.74362090439e-44 5.48212031477e-38
1.71647125957 9.94169922658e-150 4.94416850721e-52
1.6831389112 9.75920178501e-31 3.63068004353e-18
1.6582550418 2.2127624981e-29 1.01011332951e-44
1.64115411325 8.66552003267e-18 3.75075394636e-20
1.63203226921 4.74319296791e-30 0.00313426581573
1.6299623526 2.75209097765e-26 4.1744587334e-39
1.65647667272 6.30752773557e-14 2.33110486256e-34
1.70656177337 6.42072477393e-05 9.55397132294e-29
1.69236746936 1.25308427852e-37 1.69803866927e-70
1.67854560406 4.10121041373e-10 3.22132196623e-23
1.67042704438 2.88389528297e-23 5.07733803811e-08
1.60787885984 0.0113967685341 1.16873444043e-10
1.70725981498 1.3338058253e-15 4.97483955883e-34
1.66839806966 1.13088031242e-60 6.98391537645e-24
1.67550836021 1.61518006237e-22 1.53154177142e-70
1.64373705349 5.01877834119e-09 7.6464241391e-24
1.59961248803 1.89576423348e-08 2.1256733249e-32
1.59826444373 2.52761851421e-19 3.8100146525e-13
1.69742586894 3.151947316e-22 7.71927258368e-29
1.61440532457 5.64802335161e-181 9.21088526858e-13
1.64616752585 5.38371407683e-49 6.52375303259e-126
1.72925491034 7.07432151143e-33 8.30954968089e-25
1.68127486722 3.43905310826e-27 3.22132694552e-34
1.6198698473 1.23694218117e-12 1.16654274552e-21
1.70607190589 2.67998330732e-40 4.30560075098e-07
1.6352991369 9.02276775456e-10 9.72462052396e-20
1.71076310323 2.22254799347e-87 1.07829562709e-40
1.65473836347 4.380603701e-46 1.42913215751e-12
1.63153360103 1.3778974497e-15 1.92018561306e-68
1.59184533988 5.01240681929e-29 2.87783724116e-62
1.68927812874 5.10828130586e-12 1.55783603425e-26
1.68068202296 3.40635119514e-10 2.13423658368e-17
1.65288044763 1.81496007973e-15 5.34830123034e-79
1.67923756605 1.21460530773e-138 9.45992651625e-17
1.5900726521 4.83027072559e-53 9.97002399394e-17
1.67129620702 9.40872885388e-23 1.26958475588e-189
1.70339498705 2.26033346797e-27 2.73113243834e-87
1.65380781093 1.92035426655e-25 5.31680523598e-34
1.71334773939 2.66547234522e-15 3.08832421576e-15
1.61825630235 9.64825320489e-39 1.01105440181e-41
1.68476701207 4.690569199e-26 4.83217495197e-14
1.69762874288 0.0188793451185 1.60318059713e-08
1.6284311554 6.43178630003e-73 3.97114022818e-65
1.68993628912 1.42471066751e-16 1.74143588246e-42
1.608813728 1.53485741194e-14 1.58884791621e-24
1.70214103178 7.51705154285e-35 3.82269613202e-47
1.60745374905 5.24582735932e-16 1.82183038537e-72
1.68305863176 1.12082264404e-26 1.16407271371e-07
1.71963965254 1.20259354729e-41 6.94584850736e-26
1.70626539326 1.59818264695e-23 1.62722992076e-56
1.6515116758 1.38289050701e-69 3.01021714607e-22
1.63028014958 2.09373165334e-48 3.93427538701e-34
1.6118128089 6.98920514262e-25 4.60081378064e-27
1.70382319037 3.38971682162e-36 1.42244828628e-18
1.7362817913 5.86821221307e-42 4.08263625718e-87
1.68129322642 6.80573805897e-25 3.03317253773e-50
1.72422497215 1.22566914627e-45 1.55289752865e-12
1.61080232583 3.40305676618e-66 2.74472074719e-42
1.6495536549 1.25122298893e-18 5.05432379788e-18
1.62502041715 4.46696972367e-107 1.38102887352e-23
1.681857506 1.90707778554e-17 2.42681137812e-80
1.68647381332 3.27182152024e-16 1.34963965055e-20
1.62752663655 5.72169874964e-06 9.28664345559e-20
1.64843923959 1.30904694281e-75 1.89695325777e-35
1.73076557208 8.23111569503e-77 5.37286102156e-24
1.67586541764 7.62223100289e-11 9.86259857437e-47
1.66639890671 7.46276555418e-34 5.64729281061e-23
1.70277928034 2.61967185426e-27 5.32435393859e-39
1.71658110292 3.23205955934e-15 0.00191707421643
1.59555841043 1.43316507436e-41 1.70510802718e-11
1.70322675845 4.44321336548e-32 2.35581841832e-15
1.70231862191 2.97003004878e-39 4.62931516713e-22
1.72421160655 1.06861064176e-12 0.00018635050522
1.70670911558 4.43252662452e-49 8.36992134291e-79
1.65799806211 0.0051305331877 1.49110909848e-40
1.5890009859 4.53307467618e-25 1.67072907021e-44
1.69803332799 1.12286747744e-08 4.53347693372e-10
1.70375804856 1.54090249524e-79 7.31835537188e-91
1.6658371148 7.54512329438e-25 0.0160748441006
1.65528459958 2.78572643351e-86 2.09270686959e-55
1.67261547691 1.50430188094e-44 1.11222667624e-28
1.70080456504 9.54253683167e-15 1.79552020926e-21
1.66987568223 2.58146067144e-09 6.1459779407e-68
1.6997808156 1.40972118685e-16 9.12506700576e-20
1.63071449379 1.05718852609e-63 3.43506812566e-36
1.66685727023 1.09382050539e-84 2.3599543265e-35
1.70626792126 2.97227245973e-59 0.0231174089302
1.7199140911 2.50590961789e-244 4.39082927925e-40
1.73112728546 3.12913952895e-17 1.5848440188e-15
1.6954837328 0.000592924116101 1.85965892097e-60
1.69669566475 1.6779619072e-88 1.19061676208e-40
1.63991864331 7.53378154223e-26 3.37753681552e-19
1.59379262843 2.64010485241e-25 2.07388458033e-19
1.67374396897 1.23872782196e-22 1.19661667464e-23
1.68381286779 1.48936373902e-38 4.73749573598e-16
1.72741071222 9.66617490076e-16 1.39200446071e-39
1.70308573993 5.55386155665e-15 3.49518238132e-34
1.60424506338 1.48943386064e-33 8.40527839404e-48
1.60399870034 4.35402029291e-53 4.18808233822e-35
1.63624841941 1.9671963413e-61 6.53426262438e-220
1.66051410507 2.61629380758e-115 5.93316851561e-61
1.62872429503 1.94626969337e-17 1.95204373337e-63
1.70908614489 3.38939474156e-09 3.86412853116e-24
1.6152162521 2.72024245919e-41 7.02404346265e-22
1.72459000589 4.19482489219e-08 0.00694288374949
1.70005693443 3.84285309414e-48 1.01874553342e-07
1.62022102621 1.27873418158e-26 6.24274491516e-58
1.68706867267 2.02951927183e-14 5.94283684293e-19
1.61408438111 1.31947858638e-50 7.32563022985e-50
1.68202874312 1.61621961423e-08 1.96034631001e-18
1.72841235542 3.30435180042e-07 2.36568593259e-15
1.63615207661 6.60753204652e-12 1.6034261464e-25
1.58441758721 2.93982204492e-21 7.63721845851e-57
1.632619521 1.64971020166e-44 2.05111342268e-31
1.7286272453 4.75159872282e-69 1.53095122331e-35
1.69685844437 5.73728375563e-29 2.11449296847e-116
1.63942029036 6.41366535212e-22 1.58874123227e-33
1.70701102594 8.58170503398e-10 1.70787065586e-72
1.72190728446 4.41501103758e-53 2.65213773315e-23
1.66399997223 6.54961642546e-25 4.72166669483e-14
1.69535224261 3.38966220941e-61 6.97159689876e-34
1.68479133244 3.26199647256e-15 1.74382149297e-49
1.64262140813 3.93226882076e-28 2.22707159968e-15
1.70478757302 4.1963731176e-16 6.16811877928e-10
1.71673470264 1.50523832763e-29 7.21657201018e-14
1.72549884414 9.79041373498e-25 1.06724515199e-80
1.72303150354 5.51258239419e-58 1.89852529661e-05
1.64784608987 1.09261199823e-21 3.43373143666e-13
1.69173314805 1.84162944458e-32 1.28976786114e-36
1.60253457829 3.67486779737e-17 8.56007425579e-10
1.67130141398 1.56772112808e-110 8.50135878243e-68
1.7003633322 1.84970352695e-72 6.36924822333e-13
1.73555898083 0.00016992176015 4.26261440685e-37
1.66265704541 0.00319391093496 1.21662441532e-19
1.68677920206 4.76007455201e-74 7.11310771811e-36
1.656892248 0.0790749387298 2.72230571524e-33
1.72830038732 4.21696903577e-37 7.41708203667e-25
1.63701661636 2.15877632237e-56 9.85325606065e-09
1.68825177369 3.30486196796e-27 6.31591146266e-14
1.66992400009 8.54651886689e-23 8.44521924172e-59
1.65531058695 5.25508487005e-20 1.05363304371e-08
1.67494965145 9.02887954607e-92 1.17929195861e-22
1.68712690696 6.52565677428e-42 1.4408334175e-06
1.61440401879 4.12816898259e-27 5.59476316206e-28
1.69270297367 1.22707577046e-46 1.48546614404e-10
1.71437265538 2.10517770217e-25 4.73734613385e-05
1.6077508286 1.14277166641e-40 8.89399627297e-52
1.64248300031 1.9099373018e-44 5.25467426785e-70
1.70205346208 3.94221106012e-30 6.66010053035e-92
1.62224757945 1.10531268967e-10 4.25462989366e-46
1.60665781691 1.06344034661e-14 1.77437763418e-10
1.72575876988 2.05360860654e-49 3.2759129417e-22
1.64133166953 2.70395217094e-07 8.28479410996e-70
1.65555246081 8.12427059646e-13 5.75715171063e-05
1.60665334217 4.33172682056e-31 2.40373409204e-98
1.63323829919 4.69606219937e-49 5.44316833579e-32
1.64303727174 7.84397514644e-25 4.97501418114e-12
1.73662536086 2.46074012193e-06 6.8221746345e-66
1.70648978417 1.10223893499e-32 2.32187919516e-25
1.71976572685 9.58042954024e-68 1.37883276976e-35
1.72399206861 2.13356888503e-22 1.06106280195e-43
1.68182041171 1.97080439455e-47 8.65929378276e-48
1.67983475955 6.81491486374e-25 2.62884000388e-50
1.65738584194 2.08482694481e-29 6.44944679743e-29
1.61880922328 1.74943457252e-10 2.97819288272e-56
1.62146601351 2.69120370939e-05 8.87239745768e-77
1.6574900533 2.03174937936e-104 6.24580270774e-37
1.70612535697 3.86250426872e-32 1.61437335841e-54
1.66405274784 1.06312887065e-23 1.30292210145e-08
1.70043713334 9.87174474867e-40 1.9885301178e-08
1.63964512755 2.53977927867e-47 4.03905236813e-52
1.70256752057 8.98312087444e-97 9.31699356794e-139
1.68378377293 8.88680183896e-53 5.20078749311e-23
1.71252417857 3.74721984717e-50 3.3888523643e-21
1.70856923981 1.10310993458e-13 3.06277268137e-62
1.64399608271 4.53890682217e-19 9.95639940778e-28
1.66947737969 3.50398371466e-35 8.1676744162e-92
1.60633279118 2.06528760581e-13 1.01414817491e-13
1.59144390662 3.94554345843e-24 2.98037674253e-22
1.7002492849 6.34011306572e-59 6.75842586559e-13
1.66487280091 1.47152603985e-74 1.44526307192e-10
1.60460478435 8.12005570343e-48 2.59015650517e-15
1.66654229613 5.15842510395e-38 6.98158363715e-37
1.62939277441 4.31259887951e-20 2.39048140573e-05
1.65667286968 3.59005375052e-69 6.49889938492e-38
1.70090712815 1.49715427723e-25 1.41128170934e-17
1.71316702512 7.52875631957e-47 1.8263217145e-54
1.69099337316 2.11686302188e-129 7.87934547585e-82
1.72289684407 5.81138876988e-22 7.79958619223e-16
1.69288628383 9.53924136724e-47 2.65700703684e-17
1.67211682213 1.26823553736e-64 6.7833414795e-52
1.73094197023 2.26403604785e-30 2.86548524357e-51
1.69643698079 1.99343943298e-39 8.74496818817e-27
1.5959119147 6.72292578755e-22 2.92928442964e-79
1.59905342381 0.00893604219837 4.522064499e-59
1.73757642611 1.68452268387e-09 1.48054199309e-35
1.59570955266 1.16486386706e-18 1.83756097683e-15
1.62213335351 2.32072191535e-59 6.72856709607e-29
1.59674149206 4.13897839695e-11 5.51443194199e-07
1.6447740071 1.31228152084e-24 1.86564869451e-17
1.58965940703 2.05096719543e-23 1.98721309854e-61
1.66589772088 3.90395374383e-53 6.26047645627e-43
1.6214006003 5.23360412962e-26 1.15862889771e-79
1.68307744678 8.25867926825e-215 1.2980574127e-85
1.62998661569 6.06243681208e-48 7.86155086005e-18
1.59764452485 3.28950747836e-35 2.44815625192e-75
1.64137332948 6.60897996068e-34 3.13708987992e-39
1.73567418 8.2227790511e-54 1.0061488357e-62
1.73774730938 1.38929026177e-131 7.52460198781e-20
1.64260845994 1.20886160023e-29 2.35372077669e-72
1.59175855281 5.95095494659e-30 1.02747403685e-36
1.62370262309 1.14550927993e-42 3.11420574422e-76
1.68423768251 3.08790713698e-05 1.90966703991e-14
1.62594172485 1.67650986236e-70 2.01737299944e-68
1.57496537657 0.0167015314233 3.55496260081e-12
1.71467915104 1.79772347756e-05 8.18525865019e-36
1.58491745399 1.26383466554e-07 5.81260726845e-16
1.60819511012 2.61615672038e-104 1.35456322616e-10
1.63953230346 2.11463561623e-17 1.59763226562e-34
1.58379507496 2.20219854984e-54 8.44270122805e-24
1.61420235232 4.54264092942e-25 6.15539670362e-86
1.68414679182 7.53966192436e-09 2.98273530129e-62
1.6441288614 1.2438874687e-181 4.00416286092e-30
1.64064077427 2.20601517179e-44 1.25370290052e-70
1.71853430824 1.55643426606e-31 7.35442922678e-51
1.71840981766 5.65501911334e-56 4.27074686533e-22
1.68420223931 1.01836843597e-08 2.07529838882e-17
1.67832252255 9.86773468278e-16 1.56348665649e-08
1.7022005744 2.06596461717e-29 1.8600662573e-127
1.70929380613 2.61303656378e-13 2.92155278266e-18
1.63743705122 5.91920339175e-94 2.34834123001e-08
1.63505448707 2.57808804007e-07 2.63203864397e-55
1.71171069081 2.54046424163e-29 5.34946686072e-07
1.64025346808 1.92802749672e-10 5.90663821084e-13
1.70254784831 3.58329501874e-65 2.43566059818e-67
1.63021646612 6.84392364016e-07 1.92810383126e-30
1.72824785149 3.50170832889e-57 0.00666490347808
1.58761770408 8.25642180612e-14 9.50514297158e-23
1.63429072915 2.3372317181e-18 1.34547866831e-61
1.62415213779 1.12716078157e-25 1.42577590244e-64
1.65496242476 1.54768832874e-28 3.55945986353e-83
1.67131130942 3.67338915254e-60 6.32534813161e-22
1.71440695131 9.99972814513e-33 3.0274799754e-92
1.68045915326 6.06640619922e-07 1.08352980929e-22
1.66594832148 1.36173560374e-62 2.00854833402e-17
1.69421729648 2.77679648028e-49 3.97765703072e-18
1.66669361547 1.62822665019e-38 8.94403262571e-10
1.72149538695 1.4788998304e-18 1.12906869584e-51
1.72728476377 1.05920557653e-64 5.14833073803e-22
1.67468613477 7.5608446689e-21 1.35346259353e-68
1.73430001388 2.7514695387e-41 5.03979711801e-61
1.59740724624 9.75820110278e-06 2.99930754679e-56
1.60948180934 1.5523806155e-44 2.12628304769e-48
1.6911762453 2.07608210398e-35 3.99313672014e-38
1.70827038511 2.47219895108e-39 3.11730659297e-124
1.73619271097 4.23168361733e-23 1.20685976489e-45
1.65931765736 5.33487420658e-40 4.25235568372e-08
1.69633979342 2.94437163871e-44 1.2881447677e-54
1.67522818818 6.85344375595e-27 1.20331664666e-33
1.73240424475 3.27197971254e-20 5.41819531502e-31
1.66867387066 2.44529756867e-25 2.37223873514e-67
1.7190064589 4.48627186693e-32 1.00124777773e-30
1.63740705974 1.97016319877e-45 5.18082919534e-09
1.70237990953 1.11234351852e-69 2.96445237047e-38
1.60610185134 3.4305041103e-09 8.88435381444e-09
1.69567804364 2.07500165556e-23 1.3211736945e-36
1.73697489625 4.21634825434e-47 1.28057509257e-17
1.70291937724 3.16174981898e-32 7.18620945808e-12
1.61732927136 4.82208868624e-18 1.39901395093e-49
1.7307139995 1.33494542903e-28 3.89223359545e-17
1.68756607158 2.15290485957e-12 3.1741242495e-32
1.64014935174 8.98458922881e-53 6.14059119239e-37
1.61543653723 2.95553780117e-06 1.43355689802e-09
1.62902196365 1.10312915123e-11 4.76503322999e-28
1.72850848747 6.99499035914e-33 6.54427551621e-68
1.65520051063 1.59184453167e-10 7.11866879609e-16
1.71614251863 2.66371727742e-46 4.17854906914e-09
1.6392289368 8.11610494886e-81 5.32128602954e-74
1.67944292563 3.31124398704e-12 2.41261060503e-76
1.7077741571 2.26683938878e-70 4.40446166831e-81
1.70092676683 1.80426869513e-06 2.51724477041e-26
1.6907732239 2.22069874644e-152 1.54579326124e-45
1.60060901672 1.51442245671e-29 1.44923742218e-58
1.6270565401 2.87203580153e-21 2.53314680966e-30
1.72054691149 3.3025175906e-08 1.77818704504e-10
1.71425556614 0.00121047485846 1.64354539494e-36
1.66641765116 6.5912938923e-121 1.39711800262e-65
1.64799459958 3.37997235076e-19 7.77795424036e-33
1.60847198511 1.30779986957e-42 3.91637322271e-25
1.65158168625 1.11319298646e-14 4.4626960067e-61
1.65417851059 0.00769098990164 1.48369937981e-32
1.7204923621 1.32631645607e-05 1.69323170335e-13
1.66989550668 1.2976492736e-34 8.0118444507e-07
1.71790535686 7.9781388993e-71 5.46229263794e-12
1.68635480979 4.35376122198e-59 3.17090633954e-18
1.6964932713 9.98018492615e-71 2.65386231015e-21
1.65402457072 0.0178571240073 6.62605002529e-46
1.70596502499 1.60490742499e-21 1.66594202523e-16
1.70906057877 8.08505301715e-14 1.02119531922e-06
1.72479808255 8.94154662387e-14 1.17417233464e-12
1.69895502869 2.84336056036e-81 5.51689609837e-63
1.67640836304 2.50966456222e-40 1.05201138959e-70
1.71911089259 9.12267955847e-14 3.2241634656e-15
1.67615473875 4.28738135743e-16 5.28891816113e-27
1.70361294774 1.46535761326e-46 1.6862288214e-29
1.66029248645 3.14989391394e-10 1.08944529381e-16
1.64205509958 3.04057656432e-14 1.49373088942e-86
1.62144857023 3.79743038107e-31 3.05787134586e-62
1.65169908638 4.18468861793e-55 0.000293326025267
1.72352446573 1.00169885983e-61 4.13859289642e-59
1.67916868285 2.87970444632e-26 7.79345266938e-22
1.73610088015 1.65780241504e-31 3.08110517887e-41
1.71869769318 4.64706437e-117 4.78042888213e-09
1.69209377382 1.9427360581e-56 4.1538386329e-36
1.73826272345 1.17514594115e-10 1.02629129822e-29
1.63773921573 4.31385296823e-11 0.000185322580257
1.67949256278 5.53346510519e-69 7.30127437828e-09
1.6193611808 5.83930483731e-63 3.3370069885e-19
1.62186438185 2.06785200726e-08 2.89040401638e-06
1.58442453773 6.90868749277e-94 1.98952016136e-49
1.63812448969 3.7048464458e-20 4.66236163081e-101
1.70515006586 2.3732292648e-112 1.36637921839e-42
1.63592373102 1.0728143063e-10 5.74838165043e-40
1.67982209376 5.87788111349e-29 9.4702118437e-12
1.63769749483 4.35049466786e-37 5.78360847583e-36
1.5996403114 0.000228706303853 8.55931591312e-20
1.59184983795 5.16703400144e-33 4.65258641561e-16
1.65656217939 4.85330521184e-58 4.2584453625e-08
1.71096958962 4.60580764935e-27 1.70448272947e-12
1.69052057891 1.85234794208e-60 5.39545452982e-30
1.63207326599 4.21167711506e-35 4.35878500752e-84
1.58620945855 2.6005059591e-75 1.70366000341e-23
1.6920039352 2.46150729192e-25 2.99900027426e-91
1.72789958474 1.56939664941e-41 6.74413343435e-83
1.73465720421 1.09177535345e-20 2.55589458496e-08
1.61917644929 9.66353371907e-64 6.44498700563e-125
1.71211756956 1.79729417841e-60 2.94027226685e-14
1.72050902783 1.15403946342e-69 3.27291327466e-17
1.5856402367 7.78908290043e-26 8.10651299978e-78
1.62037034561 2.06389161693e-56 2.69486638411e-08
1.64383561901 2.07840346015e-09 8.27763146115e-23
1.67468407888 2.55993393552e-51 2.90744522109e-71
1.69892556341 1.03460525855e-43 4.28042314151e-10
1.70131528212 9.25116186088e-05 5.17609643699e-35
1.66188188749 5.09096804844e-19 1.09122549105e-09
1.6976222623 1.64333026732e-21 3.37444091335e-31
1.60063680342 1.85391538488e-62 4.5105711788e-32
1.73638447277 9.01860287216e-51 3.07994310702e-37
1.67006372439 1.31384462225e-39 5.93522627596e-09
1.645613012 3.9189354085e-30 1.2339895894e-66
1.67234716346 3.78002080922e-31 1.0390357985e-64
1.73571113063 2.5170436527e-109 2.31138744736e-14
1.6295627325 4.7386782958e-90 1.1046377307e-23
1.70112302602 1.69920682177e-38 3.30626277838e-37
1.64553601476 2.05185547193e-18 1.41453601501e-33
1.66554621506 1.59095759153e-28 1.78484641912e-45
1.59466562834 3.5410682911e-18 6.8076462937e-09
1.71208787297 4.22500676507e-27 7.81001318875e-90
1.61113818122 2.52871022512e-09 1.06608490442e-65
1.71160852065 6.23912356506e-76 2.14098678767e-18
1.60766431871 6.02536634402e-69 1.00777420733e-21
1.61830749758 2.6843759272e-71 4.41864061975e-72
1.59300002707 1.04124608604e-42 3.98943576866e-07
1.63436178043 1.25714779455e-30 1.23745755122e-116
1.71806433316 3.51500330247e-46 1.35642090927e-28
1.67526762962 4.1933776046e-40 3.9170767548e-30
1.68002475079 1.98798720368e-20 7.71465255763e-12
1.65792432851 2.29233848176e-36 9.47433902741e-32
1.70851591627 1.89026393455e-41 2.92683849731e-93
1.67490490184 9.67639008786e-13 4.63474141489e-20
1.65285599808 0.00188499611738 3.99838264424e-11
1.60485567706 4.31600160814e-41 4.29905394193e-53
1.67704186532 5.8070753685e-20 3.9753255004e-18
1.6457119495 2.76361930008e-37 2.25125335515e-17
1.60680145767 3.66309806563e-27 2.69892992026e-32
1.68902313464 9.58364126438e-46 3.76874526093e-50
1.69210817342 3.15275195998e-17 5.70939866411e-15
1.73242583453 1.60536595899e-47 4.5978790514e-98
1.73836076242 1.7322369771e-61 2.80318509903e-51
1.73094838161 2.267757099e-51 3.78269742235e-20
1.62160860799 4.22747056821e-34 5.85283052004e-49
1.72754851336 5.29882860615e-26 3.59162839857e-28
1.6150550442 6.18157634019e-16 6.7254240732e-13
1.71081170428 4.45463348639e-36 2.67972723636e-78
1.71866026686 1.17656639764e-17 2.77796672473e-41
1.692685599 1.01753048822e-18 6.10024050016e-36
1.632660779 1.93134994821e-29 4.4583929352e-55
1.65732064167 1.85115248934e-36 1.6114987544e-22
1.73586759116 9.28218114461e-74 6.41164324408e-68
1.66407167991 1.31342206976e-35 1.61915966808e-50
1.66052389149 1.6212883266e-54 3.29866921935e-50
1.7297929705 2.99484401459e-20 9.28933132616e-39
1.616734958 3.89533761442e-15 1.70822437097e-24
1.72416642618 2.70044219275e-36 1.42966581664e-38
1.72852583197 2.64780404694e-26 3.2444646046e-147
1.67310733966 8.85456260117e-74 5.63760923254e-07
1.71685187638 1.38950787163e-47 3.2110716951e-65
1.72437022857 1.76514410082e-14 5.15445184261e-73
1.6838524074 1.03028867161e-40 5.75453939114e-57
1.64716191321 3.16300376238e-70 1.00841391652e-40
1.69277351934 0.000740791186167 3.33928553804e-60
1.72217522595 8.85639692895e-64 9.67921929797e-21
1.6670498456 5.99652119526e-29 2.09780471976e-07
1.70489645521 8.35979418892e-42 1.35843299771e-15
1.70737032253 1.56114561263e-31 4.23465670882e-61
1.73143127931 1.13608244331e-82 4.4904251787e-42
1.70760025029 2.59570473039e-30 0.000485479116967
1.59789720423 3.65022844797e-30 1.37023002267e-35
1.65782520095 1.31129973291e-09 4.87873343866e-34
1.6690234599 1.91700757607e-49 6.74032175706e-38
1.58748113959 3.41494710684e-73 2.50817593242e-31
1.58761234168 6.50367210937e-13 1.0934384354e-63
1.66284708139 5.83610462498e-61 1.24971863078e-06
1.64663998074 4.26476578756e-55 1.90935487504e-25
1.62465985111 1.57819920783e-09 4.47674636269e-34
1.60362521254 9.38388032778e-57 7.66750429365e-19
1.65433670951 1.29889428085e-47 2.68643336857e-11
1.73800777119 3.64492478196e-44 4.24144784455e-28
1.62584924322 6.94613774851e-11 2.90266783743e-76
1.66342595425 2.20539880806e-07 6.60558583943e-59
1.72694486607 2.31008517337e-09 4.83526138476e-11
1.72141042469 3.50510416171e-18 3.49131090247e-38
1.6782814325 4.09788402492e-23 4.85671776242e-47
1.73466492464 6.65517808958e-28 3.98533088361e-27
1.62143282866 8.76465582443e-13 2.33422827414e-06
1.73432199405 1.63324918584e-41 1.00419911e-31
1.67476252265 1.51579419907e-50 1.26339750049e-20
1.72112293653 4.8784511313e-78 5.96550539776e-18
1.72186708646 2.85720482754e-12 1.40864717051e-20
1.72679101676 4.13336853199e-49 5.62400968971e-25
1.70717179754 9.59909877522e-28 6.45152630598e-43
1.73426191002 6.62175043696e-135 1.14594277882e-24
1.69012477978 3.34763534408e-20 1.57155730274e-58
1.67215573804 3.69966780377e-13 3.60796470744e-26
1.65174493232 2.36168399166e-33 2.22833369009e-40
1.73616510206 4.72349180499e-14 1.7190134185e-123
1.59821518659 2.33044960958e-14 1.27675320029e-26
1.71249816257 1.02674290843e-32 2.01047083047e-22
1.69790221179 2.1995476122e-48 5.51602045089e-13
1.70682788032 5.333750776e-18 2.88116045553e-61
1.63254235206 1.46209135229e-67 8.2049416759e-14
1.67235742158 9.52169086305e-35 1.40234291932e-70
1.62236286487 3.89960874616e-36 2.54505542399e-24
1.70576466953 9.46973646709e-67 1.47054747805e-57
1.6863851064 3.37801820422e-50 3.0816473432e-113
1.63838088767 2.7206593211e-18 1.76837962554e-69
1.65929023132 4.23629726008e-05 5.39595464577e-14
1.6254846737 7.59353890318e-62 1.0215569897e-50
1.69047022712 7.91745436149e-14 0.000373280292184
1.69225259721 3.07250565451e-32 6.21742107505e-52
1.60264865663 2.50483036566e-23 4.96317448703e-16
1.71356975163 2.59656055738e-15 1.05301273808e-64
1.66367758838 2.43196195376e-16 6.40436374887e-62
1.62383548754 7.48704696031e-10 5.25173922935e-14
1.61801162965 2.85145349084e-37 1.45137326209e-38
1.57907417875 2.23015614595e-33 0.119570012561
1.72332302985 4.47037467404e-20 6.59849935454e-30
1.61523697418 3.4705337903e-94 4.46139110165e-45
1.63731485167 1.35235115865e-52 4.11421900053e-60
1.70107395792 1.79644287182e-24 8.86787965016e-36
1.59032062997 1.45867870437e-44 1.87491898879e-25
1.69784521338 1.10171603899e-54 6.88991533146e-57
1.73596876998 1.63080846936e-63 2.38378304813e-33
1.69572009511 5.98805838666e-93 6.59909238346e-16
1.69780199335 1.31853614109e-83 7.97808592384e-80
1.7328232148 5.56341819069e-54 4.93843402166e-13
1.70932782409 1.24765887285e-11 4.08636633056e-95
1.71160363175 3.69095910443e-11 9.75352278994e-170
1.68619756629 9.16401250583e-18 7.40273108909e-54
1.7244984512 1.67042085339e-83 8.27122499825e-15
1.69119983389 9.42449418736e-16 3.59177587426e-23
1.58668371155 5.86542121378e-128 6.11089011517e-32
1.64812142765 4.85501963206e-38 2.11463144779e-21
1.71077552107 1.40990567905e-38 1.82218966302e-08
1.72773437196 1.17377381631e-102 3.38570650267e-20
1.64699229379 3.20744927179e-127 9.18184909238e-28
1.72609436635 2.73864606775e-10 2.9080943656e-34
1.6980599972 2.4605939885e-106 1.19800588263e-05
1.61062816473 9.04544980877e-92 1.75170469818e-22
1.62537618598 2.22107430834e-26 1.2893355162e-18
1.73711635077 7.82827379664e-95 1.40120870279e-11
1.67325756089 1.32583171994e-25 8.21838524783e-69
1.64519809358 4.48238676935e-116 1.97231049547e-22
1.6557921941 3.48146106625e-97 8.14545104609e-49
1.60788168658 1.06775490644e-23 4.4583518162e-81
1.5877914752 1.93134876487e-32 2.63185411798e-41
1.7284837252 8.72579477309e-59 3.78594734091e-72
1.69119628239 2.40824904998e-29 2.92421522101e-17
1.66348960969 2.31946731018e-28 2.81494643471e-62
1.67274275132 0.00531143772715 1.52205203244e-39
1.71405403498 1.71981392902e-34 8.41496541777e-32
1.72776483476 4.84182676909e-66 5.86400333296e-21
1.68266319716 2.2333883422e-78 4.99906891514e-44
1.64545578625 4.31203632772e-21 1.35191859111e-08
1.63265715748 1.69747733098e-93 1.19280645524e-25
1.63428297243 1.72042754044e-36 1.00014802394e-76
1.68041604958 2.18684642668e-22 2.03810936607e-184
1.59479307753 3.59606511491e-31 1.69617104366e-69
1.59609925732 0.0554499446028 1.32963320082e-52
1.72072636683 4.66847648447e-53 3.98929222781e-30
1.7031877807 3.62542850455e-15 3.12594128437e-17
1.62046533073 6.53088566417e-17 2.70466130014e-33
1.66644265975 9.41619406586e-19 2.30654932388e-48
1.69114178649 6.87547558501e-14 2.07375692168e-37
1.72717799565 7.43757439371e-26 2.4609698214e-25
1.65040053821 1.5983859947e-13 1.67651991854e-09
1.62541398993 1.09230476198e-23 1.84409024687e-14
1.63535802664 0.0016903481475 1.24216891462e-11
1.67876003988 3.63834381906e-08 7.71748164153e-41
1.70802718575 2.2030788112e-18 2.99378912318e-17
1.68726199496 4.07163688441e-70 2.34780590766e-27
1.70369216615 2.43554655433e-05 7.37330823618e-22
1.65263568986 3.78970572199e-28 7.6091720109e-12
1.69809007114 8.84102670395e-34 1.90738533758e-87
1.68958719606 1.33718325872e-11 4.39903210708e-49
1.64322434325 1.14742478611e-44 1.14321150087e-30
1.70916923374 1.26400653973e-83 1.2295976284e-13
1.71543680954 2.68346615281e-55 1.18247006898e-39
1.66978101782 2.89138923342e-08 3.21440513522e-78
1.71443183127 3.81131738741e-87 2.23543039089e-36
1.72693451786 1.29880010448e-67 2.5634839582e-41
1.71088110628 2.72513944471e-86 1.93609241945e-25
1.68421211543 1.94270191348e-66 1.16781385421e-35
1.63132572093 1.42517442815e-40 7.52900132791e-05
1.66135526479 1.92324325202e-11 2.01182963398e-10
1.7150754351 9.54733432882e-17 2.01402153614e-12
1.66097978812 8.65269608845e-09 7.07444242561e-58
1.60251140057 5.31199987183e-47 1.67799245567e-08
1.71967902563 1.81484471317e-65 1.73419678039e-21
1.69987934676 3.39118450681e-25 3.40765625334e-07
1.70254146806 9.58082063106e-57 1.73976780143e-14
1.73178147877 2.22120038534e-41 8.76105635133e-47
1.70137543962 5.09775565797e-26 1.02510781227e-20
1.58580036475 1.53610308994e-07 8.79988158939e-41
1.5838115125 4.84958397752e-16 8.26965479692e-13
1.65081424306 1.11341509604e-13 1.05118633008e-33
1.73362700992 2.45002071813e-150 4.24124758542e-63
1.73497647124 8.0307168245e-21 2.79834813963e-13
1.60026393408 4.83012722506e-25 6.13394732503e-11
1.73749574841 2.97419424959e-06 8.96415988365e-36
1.62333025544 1.52411220643e-38 5.00310992936e-45
1.71546038654 1.78386785842e-09 8.80779076429e-43
1.65594461296 1.24793443765e-57 4.19091276736e-13
1.63768011246 1.75956785532e-37 8.33075582859e-39
1.67233177537 1.91480515754e-12 3.64235009535e-33
1.71692171682 4.71930332493e-37 5.25212351935e-20
1.69833468116 1.0782957876e-18 3.20967626621e-124
1.6939212413 5.98680593794e-14 6.33046997136e-12
1.73214267834 1.3928774092e-50 1.64121119625e-24
1.6804267817 1.59040169835e-30 5.92238446905e-68
1.66725597724 1.22350325035e-33 3.19480116577e-36
1.63667539942 6.37535835766e-20 1.96211322017e-38
1.7146492819 6.6483577776e-224 2.0325557176e-05
1.66567089483 1.48216599154e-31 2.38162812892e-97
1.73487665685 1.43082301871e-11 1.38892084444e-32
1.63435666228 3.5667530668e-35 1.88023515263e-37
1.59774981324 1.46000758079e-26 4.5025088637e-13
1.59191091581 2.32822353851e-22 6.30742597024e-32
1.61241734721 1.34594452716e-53 1.79738760268e-26
1.65583139613 9.06784967661e-44 2.50726727093e-21
1.72541937804 5.79877468779e-61 1.24359840399e-66
1.61389481371 6.32296517882e-38 6.81768350094e-57
1.66439471307 3.30353734496e-37 4.925043769e-26
1.62235181138 0.0555420636427 7.18684441434e-52
1.59094950709 6.14474942459e-35 3.22029551548e-42
1.66457972462 5.99830748245e-37 1.81737852329e-53
1.71579227292 2.13210101104e-36 0.000153020316829
1.64576071836 6.92118868562e-48 1.90055544019e-47
1.60432086995 1.45625796614e-17 2.38157437106e-08
1.71764469478 1.40694127988e-33 6.99982028884e-27
1.70583834255 3.29257756465e-15 3.75290974484e-26
1.58573836428 2.15175025233e-107 7.53522991465e-40
1.61614406924 5.98379206794e-56 0.0266421466863
1.72592289757 7.06366363923e-78 2.86545616038e-14
1.73696960201 6.98107527405e-56 2.53337993892e-76
1.71205176783 1.50241193136e-71 2.02246299506e-96
1.70728988516 1.02590532978e-60 3.64472516442e-07
1.62024969364 3.32877621497e-39 4.9649134988e-50
1.64255842165 3.74952109243e-81 1.00152480987e-25
1.72520494385 7.8107187091e-66 9.76756583575e-65
1.69103798806 4.37005553798e-107 2.19546075049e-23
1.73427726142 1.21180370773e-40 3.02117556126e-36
1.66827174755 6.34110373686e-41 0.00371959596899
1.73526338668 5.255757026e-29 2.56646464773e-19
1.59787750591 2.55833809904e-152 2.40835758631e-36
1.67555206211 6.2905749766e-98 6.06912122705e-37
1.65755964362 0.00140847013391 3.89800939916e-07
1.73683588474 2.03761087367e-73 4.20700097011e-22
1.58565443819 1.32592762077e-26 5.87399056961e-96
1.63416205779 9.98989662171e-36 5.18442975223e-63
1.69032647814 1.41483461115e-12 2.44828610195e-21
1.69305121752 7.42261869165e-45 2.04564394793e-111
1.60882062462 2.69402106307e-28 0.000107535191173
1.63273536173 1.75621764004e-87 3.10847105032e-54
1.73338729503 1.49933427102e-35 1.31716873561e-11
1.7002955818 8.66799887189e-26 3.07742334555e-29
1.62281739116 3.28647286045e-08 1.55214120885e-12
1.67431752953 0.0244488614984 1.13057967759e-82
1.6746304369 0.0162917263777 1.71852734494e-09
1.62636023116 6.86888532982e-08 7.97349614048e-27
1.58306299562 6.55522034637e-10 0.000183535265092
1.69951615198 9.27212532742e-38 3.25513803022e-29
1.72577429273 6.35419256962e-26 7.98136835414e-29
1.68629653627 2.80395950987e-24 1.61003561771e-45
1.60172896136 0.000130620095447 3.79982715854e-67
1.60750220385 7.19098254809e-69 2.18355276635e-31
1.61495430517 2.68529905932e-07 6.4333547036e-24
1.7115357886 1.45159488206e-20 3.33168298891e-19
1.69739232854 3.42330838702e-53 9.4360053781e-47
1.58805233438 1.48825059093e-97 1.1836492142e-62
1.69678433292 1.28378898803e-16 6.07355920813e-32
1.73388918049 1.64268310965e-18 2.19981486477e-20
1.71410341728 2.51474098486e-30 4.31705458533e-17
1.67840783905 1.21674925537e-26 2.43237563467e-67
1.68045723083 1.84742354969e-13 1.54846178854e-10
1.68739660108 9.31825023007e-46 2.77554375779e-65
1.69158693133 7.57939383533e-06 6.68011880044e-38
1.71774407169 1.71703729808e-45 1.0203892332e-17
1.60664062698 1.84991280938e-24 0.000552848534985
1.58530970245 8.38651276474e-15 1.66648994072e-46
1.69937885186 1.05374654669e-67 5.99605579038e-84
1.67560371651 1.61821104819e-76 6.32768545656e-96
1.69142290681 3.26162022132e-30 1.89150769723e-59
1.72263998377 9.24319453968e-40 1.69457673947e-18
1.58961680934 1.34980651469e-51 3.96334489596e-17
1.70419655244 4.36505088653e-31 1.59706034442e-25
1.63951229669 4.48889528521e-08 2.66294486831e-44
1.61948637993 3.0307269849e-17 0.000577752036436
1.62685968635 1.27064900444e-39 1.89346192262e-50
1.66704379424 1.33899253565e-20 2.30363069548e-11
1.73200568674 2.07519976083e-19 2.41235606797e-27
1.67263348629 7.49704500313e-25 1.90647344635e-23
1.69071172893 5.19071535675e-14 2.06041069217e-28
1.60513367164 1.3300344009e-62 2.25924737186e-66
1.72734470642 7.59880406728e-26 4.93889845825e-34
1.63836101477 3.06976031202e-18 4.75062264463e-61
1.69034791114 5.20218874287e-26 3.02552268464e-63
1.6113150827 7.37065075267e-28 4.71214923597e-40
1.70863542237 1.00092880591e-52 9.97706898354e-102
1.68254285031 2.58586976706e-67 1.4588166516e-52
1.70102332341 1.19788227602e-91 2.45697638493e-46
1.63260281285 2.11754711797e-82 7.43618327532e-69
1.65533794604 1.09808314367e-24 8.35500019623e-69
1.724331314 9.87070377559e-64 2.11724833906e-36
1.70807327387 3.01496854169e-19 1.25857681646e-19
1.6886998616 1.13730498377e-39 0.000178790010392
1.7019469997 2.95754571545e-36 1.35610946139e-26
1.58655354114 4.96266058279e-75 2.53560744976e-20
1.67788204519 1.31639235025e-18 3.77941044858e-05
1.72627015178 0.0119975224995 9.30175729446e-15
1.72290941746 1.2430439195e-46 5.18004605388e-07
1.71551225458 8.72018976205e-25 1.29664681791e-88
1.65585988506 1.61087622822e-57 3.61395861578e-72
1.71148283349 2.64186367654e-10 9.21053388806e-11
1.67915580927 2.65934706977e-28 7.56904895232e-45
1.69640088194 4.43060997596e-12 4.6836233093e-08
1.62057039403 6.11829876765e-05 2.78344506938e-27
1.7239288992 1.96854559867e-14 5.51998304726e-06
1.66248880793 6.17155121776e-18 1.53274513344e-06
1.68169438308 1.27407698439e-10 1.0399183701e-44
1.62400951931 7.21558503527e-20 2.47058962577e-05
1.70230929156 2.05830058302e-143 5.02564525609e-43
1.62243764146 1.97985440935e-25 6.31762507921e-35
1.70299356663 2.50954798338e-68 2.85528044823e-08
1.73195128171 1.93233726345e-37 9.11247154349e-34
1.70505256224 7.44295163563e-51 5.39651255188e-20
1.62687712892 5.29211106016e-33 2.71866995546e-17
1.66070193607 1.13536083052e-10 4.01974734109e-32
1.65189241783 0.0128623914254 1.05331673254e-11
1.63805904157 3.54673113411e-11 9.28338272403e-19
1.68358227602 4.10836214233e-11 3.04720786125e-28
1.64760125226 1.74837765979e-48 4.89385294265e-11
1.59741924249 6.72534876513e-22 2.80104353003e-31
1.7056176307 2.06733068455e-40 6.52149232075e-42
1.63414156765 1.77366902624e-24 4.98300467802e-11
1.69773763134 7.68430433206e-16 7.1420878251e-42
1.62879093 4.13067188837e-41 5.09986271584e-65
1.58733669318 1.36872461172e-45 3.8222839469e-65
1.64001757975 6.28460344378e-113 1.70893601942e-59
1.60740060828 5.65669695507e-36 6.84020900092e-54
1.6587578393 1.13722891028e-70 1.02040737068e-16
1.64310255389 6.05431625751e-60 1.66850601071e-52
1.70381540361 5.68682427607e-27 1.83307021177e-31
1.66903173312 2.61901080905e-48 3.14176672781e-17
1.60245361398 1.6478938623e-38 1.32567530112e-88
1.61838872049 5.73740740251e-56 2.63573069543e-27
1.71899862557 2.15198542908e-84 1.1226120456e-59
1.72795462133 2.13607672357e-87 3.80732398725e-14
1.63856943279 2.42256347457e-60 6.89831952948e-35
1.60067779375 6.4012777861e-17 6.45501509032e-05
1.6676593983 3.55225666764e-31 4.91914365772e-41
1.69836423213 2.39904733782e-31 2.61336226913e-84
1.70632348363 1.49186148793e-07 4.12866764861e-37
1.61025848823 4.12338494339e-96 1.57695808492e-41
1.66653071234 8.79169728853e-15 0.0336824407179
1.61621382847 3.13233570389e-39 8.44130201436e-24
1.60805058285 2.2939923049e-56 1.65441661666e-92
1.6838247067 1.5364783847e-27 3.11012682235e-93
1.60782900051 2.02080724477e-26 2.26931387113e-29
1.68388764828 4.96232298026e-75 9.0617710446e-74
1.62091223481 1.08879836974e-15 2.9011979226e-21
1.36425420567 1.88163407371e-21 0.312048468539
1.66480587949 1.82745031119e-20 3.15865039451e-36
1.63249091695 1.97182578932e-43 6.0722890721e-25
1.68850636679 5.84256409185e-28 8.65566072769e-06
1.6955462245 1.76191203989e-26 4.1143615479e-16
1.72947341453 1.20683344607e-05 2.75060630209e-33
1.68462767984 1.45016487568e-19 3.64968997264e-28
1.67033271937 9.09743888944e-20 5.70259452254e-24
1.64118353164 3.84340055872e-80 3.27186931968e-32
1.62189552601 1.17560234701e-13 6.40843791282e-43
1.67699240599 4.88548286346e-127 1.15818999815e-22
1.61623061708 3.03916661062e-21 1.91426600093e-174
1.60859285651 3.67030730595e-32 6.27876245683e-47
1.71508933883 1.6693980759e-85 1.07997127627e-11
1.69548661805 0.0 6.59560264043e-69
1.67931955672 2.49487729136e-37 5.31016331164e-98
1.6927687854 5.70310084143e-22 0.00120863034696
1.6598292347 3.64404237903e-24 1.17989702202e-59
1.62912261697 1.751808162e-15 8.33063875979e-50
1.73594007572 2.09856449876e-42 2.22477612878e-11
1.73569065845 1.45880240959e-204 3.85901878091e-83
1.67581897236 1.10734875112e-14 2.44951370382e-45
1.61616412729 5.51380558342e-53 1.85693575766e-20
1.63800938452 7.20415886454e-68 5.75917560018e-26
1.71028873366 1.6708727545e-30 6.5116740713e-96
1.71767766711 5.96504422506e-21 8.50882702858e-11
1.72853393405 7.11330028142e-12 4.25512303357e-33
1.72053720006 6.56623644014e-45 1.33320787262e-09
1.65889838725 3.6695789552e-51 0.000474034723864
1.69451677036 3.86907413069e-32 6.61714990758e-14
1.70454559355 9.5072719359e-27 3.68232710878e-07
1.71506212862 4.28086399438e-80 3.17606616305e-25
1.66865998184 1.06123203752e-25 4.00436664287e-16
1.67706355633 2.0254539692e-10 2.63550933866e-25
1.73204664213 3.66892811265e-35 1.23955380129e-46
1.68458214671 2.28738287234e-09 4.1565849267e-28
1.60618180544 1.84535466076e-07 8.1232257317e-15
1.70746611743 1.93295001165e-36 1.34132922195e-24
1.73581828616 4.27884373519e-55 6.35534756869e-35
1.67271996708 2.06680101926e-83 1.63689622161e-08
1.68813866557 1.69316022248e-09 1.01651454178e-42
1.66391027698 1.43878417981e-23 7.94719889401e-45
1.63962500494 1.22747650202e-05 5.62064344889e-07
1.73766162424 6.61141356532e-65 7.53133259462e-17
1.72619203443 6.13990428494e-28 2.10464632465e-25
1.72614290426 2.28461011549e-48 2.29436517231e-35
1.52287222452 0.0709055951565 1.07454520285e-15
1.63155793333 1.48541088119e-09 2.18393765063e-38
1.60950626669 1.742501398e-19 5.16861135003e-63
1.70495949909 2.11978486162e-43 9.68718703703e-07
1.59284288393 3.87344291079e-28 5.98107287377e-55
1.65976335785 7.677978038e-63 2.73237134576e-49
1.60277894422 2.65131266945e-46 6.68323212074e-06
1.72517766605 2.67379926913e-69 6.4329046155e-47
1.63820406725 6.75989499081e-51 1.12259411075e-48
1.65600455824 5.76770528626e-23 3.16879957167e-32
1.72752748753 2.44454808129e-35 1.06086288297e-101
1.69970159202 1.30827450593e-18 6.15137942795e-46
1.64498522621 2.30819533683e-12 2.52162116397e-19
1.70797002968 6.09516426085e-32 1.25672802231e-34
1.58494059616 8.75074849786e-24 2.93433352945e-44
1.66053006873 3.93949666367e-62 4.55284615106e-23
1.66472033652 4.56225219718e-68 2.97443369774e-29
1.65128014097 2.48138778651e-18 1.25001206776e-62
1.65924590953 2.21563290335e-17 1.17912429143e-55
1.7272879668 1.18932973524e-39 7.08214816193e-56
1.65543647441 2.36106873971e-05 6.50181822758e-19
1.68620774417 1.221729461e-51 9.92285352451e-39
1.69131385256 9.24309482195e-86 1.91302681407e-22
1.65567228931 3.547840969e-27 1.12485104704e-33
1.67711373145 7.99664933096e-35 2.5020223108e-53
1.60225340467 1.76874919507e-56 7.5983883091e-36
1.65944845759 6.56954237493e-54 6.67585217526e-59
1.70785447621 3.67905241129e-73 1.08479594064e-05
1.61856064391 4.69679893009e-26 8.65329348263e-05
1.68465734372 4.00617571236e-28 1.10155492656e-41
1.70727298263 2.4742473677e-66 1.85605452005e-16
1.69254266833 6.68194213053e-115 3.47417113458e-26
1.6237651757 2.91019323412e-66 1.0581271989e-14
1.62256238669 0.000271532378117 2.15218671191e-38
1.62986670006 1.0368962503e-52 1.95232591701e-32
1.62658015612 1.22870297596e-37 3.02465333005e-41
1.66047880223 1.92785240071e-20 3.63055440105e-45
1.71649845237 1.78179914582e-63 4.60311609706e-49
1.65928912889 1.84590052623e-31 3.96879796883e-59
1.73418436809 9.63539482432e-30 0.00261626926277
1.61915375861 6.2452248457e-24 1.04957981997e-19
1.61403812336 1.44240168721e-07 8.93686194395e-09
1.66292989329 9.5298658953e-11 7.17654170193e-92
1.73296967387 1.2947501302e-27 5.53228888663e-12
1.61882735501 2.96564225897e-117 1.07604802107e-10
1.68194924056 7.85055260103e-20 4.33655686722e-09
1.68860393866 3.08066598048e-34 1.88588535216e-21
1.6327271165 8.2539406583e-37 1.4058883113e-50
1.71498014595 8.7690655731e-27 5.55222896356e-56
1.67212073418 2.41208472581e-19 8.04990514881e-13
1.72836056344 3.39061840071e-37 1.68757173957e-15
1.69292477774 2.51242191735e-37 1.47767720598e-51
1.63771769794 2.03485712328e-22 5.91127632132e-25
1.73789461071 7.74026660291e-120 1.51814550284e-11
1.63707949803 7.02832835853e-55 1.33541589105e-71
1.64566757227 4.19562903243e-19 2.81901427055e-22
1.71980915626 2.29823446307e-69 4.42557832023e-49
1.70626308726 1.48386216785e-47 1.5675876681e-30
1.73403329091 4.24542874922e-42 1.69359328781e-11
1.67148817682 3.28642985858e-26 2.48831710246e-10
1.72254048962 2.02740745851e-21 5.50223399682e-06
1.61440354691 2.26054315785e-42 1.20335052615e-79
1.72800562123 2.16625534809e-39 3.18126224826e-23
1.58680217944 5.0461772777e-11 1.56215414468e-52
1.72256862874 3.72793847763e-35 9.75435949578e-49
1.72023786114 2.08133097216e-83 9.09737286037e-95
1.72993019793 2.6735446395e-33 1.43518096369e-86
1.65896446993 4.87586264227e-75 1.41295185195e-31
1.70844983204 1.82312498607e-62 2.90338928287e-09
1.63256215132 1.21973902299e-23 4.92714025432e-77
1.64086295398 1.17556207855e-59 2.07841588624e-17
1.69534651308 2.59332545896e-74 1.97437885558e-67
1.66413060462 3.34318220591e-129 9.75858373224e-10
1.72919458916 1.72501491337e-15 6.30178025635e-33
1.7361439279 9.62759737888e-78 1.54591247746e-20
1.72493601205 1.29706292802e-54 1.64172239161e-09
1.69168562203 5.24140364146e-24 1.89717677706e-24
1.64798421737 1.17288173223e-19 5.61660995388e-14
1.72799335693 6.00639640646e-13 3.77103362082e-35
1.71580409568 3.01080797037e-76 4.6082035514e-30
1.61370215737 6.65154999836e-90 2.90170945952e-61
1.72704434499 2.22630635402e-15 4.19973329248e-10
1.66048748691 1.76232784879e-31 4.02454532479e-31
1.66523710625 6.77656881788e-170 9.73293116724e-35
1.72350976297 1.73505794159e-43 7.45472459668e-94
1.58658813393 1.63944730069e-16 2.12101145102e-40
1.635701002 6.49597584806e-27 1.20886876157e-59
1.66987800042 6.44317411501e-19 4.21637586893e-55
1.62311307215 1.3493112793e-23 1.17037342258e-23
1.67521007674 9.82581199695e-23 6.79618985175e-20
1.70689694512 8.28492823836e-15 2.57975251792e-43
1.72419466221 5.18905836935e-29 4.61942003947e-90
1.72511054497 2.62150442885e-28 1.06401802825e-67
1.66681353255 5.33839609213e-67 4.40708422163e-25
1.69661640633 1.20299432948e-40 1.87177204438e-58
1.65931278925 2.95159925303e-12 1.12172398126e-45
1.70616322734 8.36509740181e-31 7.87928949952e-43
1.66921601486 6.22979738508e-25 2.07230355515e-21
1.70737108076 1.26378149032e-154 7.91184543704e-33
1.7203736739 2.59076306577e-36 1.92254648392e-33
1.72423606239 2.62652801415e-93 2.00915875218e-29
1.71196598489 1.10059334685e-125 8.02181172603e-32
1.59241380479 4.51052590383e-24 8.14196591022e-48
1.63897529406 5.66075129553e-17 2.61874657947e-19
1.58563212686 6.2060843046e-24 1.79830779554e-24
1.73600615469 1.8909132662e-89 1.12335543991e-20
1.61332890235 2.30579050391e-72 3.6409844488e-48
1.71157474926 5.97497697953e-47 1.00396772391e-24
1.64471548389 1.07058621495e-34 3.7891225292e-47
1.65152214234 2.19472106749e-15 8.6092192483e-114
1.67341561842 3.32018505953e-30 3.26087026914e-40
1.68119817155 7.66923903568e-23 2.00981103763e-19
1.65011339247 4.7614750416e-23 6.47697720259e-08
1.65399150144 1.39238995727e-35 1.03289044261e-72
1.69074810218 8.66645071356e-50 7.0399360836e-43
1.69042042709 5.43416512489e-34 3.76075968071e-52
1.68701966148 1.35468071736e-19 1.6205480902e-49
1.72097680111 2.80536484945e-11 1.74479605168e-10
1.58741863876 2.25068697115e-33 2.95289972967e-73
1.63666920273 3.36882536114e-08 1.43598511614e-54
1.65292201543 2.4997092845e-104 1.87181693934e-37
1.70962901247 6.22955675821e-34 5.48148992026e-25
1.72556990472 0.00240929382324 5.44811766325e-22
1.58797572549 1.54022008889e-169 3.08557996535e-23
1.68645568418 6.72936621257e-73 5.44532211281e-58
1.6434149064 5.1369010302e-25 1.10072579081e-39
1.69470289289 0.00391697579585 1.77865156707e-20
1.73072744944 1.00732583871e-65 0.00194205930266
1.65418914385 2.58969472545e-10 1.57477009223e-13
1.60799339656 6.80911373424e-57 4.03120395817e-33
1.70088400301 1.83382476669e-45 4.7139866075e-58
1.63020592748 2.329900332e-35 1.64113152916e-69
1.70118639405 1.03469579949e-52 2.9376266788e-32
1.64969995976 5.63040685539e-28 3.96166094953e-19
1.69386504465 1.19020486677e-19 5.60046546935e-32
1.73426902647 2.77571150263e-100 6.05304771807e-125
1.66720447084 3.55841166049e-28 1.09805597015e-31
1.70882007658 5.06709131658e-07 3.14751364627e-46
1.65544747376 4.01996722076e-50 1.40730695708e-13
1.72055361418 2.82317342631e-38 1.06672834173e-14
1.72259592752 7.06795119447e-14 8.3060199075e-21
1.68228415363 1.13386322068e-07 7.30957719204e-34
1.67977052003 3.44890295205e-13 6.68437403671e-80
1.62717579272 3.49821195584e-06 8.11024080831e-28
1.66164716956 4.93959045353e-35 1.10260865728e-27
1.62343527836 1.7756578179e-120 9.68580241947e-55
1.65958443934 5.59801230936e-28 1.88384502437e-09
1.7292121263 4.65500649634e-52 1.92129518503e-69
1.73798281582 6.28417114091e-90 1.39523914673e-17
1.61394201593 3.6226581422e-12 1.51231051861e-16
1.62604632384 1.52419115606e-18 7.20630476528e-19
1.73198263153 3.18934211255e-19 6.2204037529e-25
1.6072669292 1.6846414989e-30 9.81495780189e-29
1.62545180442 5.40326102397e-25 1.18081804757e-08
1.68428019961 3.79103513626e-59 5.93658838022e-10
1.60585816172 3.23424879726e-45 1.74273337139e-38
1.72198448705 3.24214671183e-30 2.28144175022e-68
1.68296959618 3.59718677876e-99 2.22684970761e-59
1.70890709063 8.07534153199e-22 1.48590613555e-09
1.61321525631 9.78835455217e-13 9.06496390038e-107
1.61934475001 6.4807913461e-139 2.72688315644e-22
1.63301551754 9.29308156091e-108 9.81333820101e-13
1.60273453133 6.90985937351e-19 7.49236778363e-12
1.67535008437 9.55738916532e-26 4.94247312412e-48
1.62438983662 3.73372276886e-26 1.71542199845e-35
1.6571164208 1.99534112343e-19 1.36108630406e-14
1.64538241633 2.21164654593e-61 8.74411977681e-08
1.61307622674 1.89406720012e-11 6.46509977846e-06
1.65185172369 5.34585941764e-62 5.41715198356e-78
1.73379908879 6.62423563075e-22 5.18329998228e-59
1.72883189266 1.28677823561e-09 3.2806237668e-06
1.67691139874 1.29450863723e-36 1.10188500214e-10
1.6798402735 1.54986957075e-130 9.32536148334e-16
1.62524023798 5.24563165149e-24 4.18035367238e-32
1.61064391572 3.00132722993e-26 2.66383452298e-06
1.59776761267 1.40986418045e-59 1.70608911273e-32
1.72795798534 1.68935111898e-14 2.96329575888e-33
1.70939838093 1.61658327654e-30 0.00321624093927
1.70872141704 4.28327307434e-12 2.92034737258e-86
1.65755767955 1.2416540021e-36 1.88803150281e-29
1.7027248389 1.72776598859e-46 5.23670373386e-13
1.62770512621 1.41899720985e-14 3.34352644456e-12
1.58607783273 8.59541766667e-79 2.34770403355e-56
1.68576943219 2.38124944859e-25 1.64090024789e-19
1.70898209866 4.82961927301e-15 1.89616577698e-27
1.69216645224 1.26432670382e-39 3.5945476991e-33
1.70766613402 1.29457538415e-104 2.40881939284e-27
1.61153086618 9.2945784889e-37 8.69229752461e-45
1.6541025255 7.62915108879e-59 6.51495353775e-52
1.73167926365 5.27108023853e-42 7.72952296396e-98
1.66713831223 7.93653929762e-47 2.34233339718e-110
1.60793647287 0.0104871645144 1.46994938585e-53
1.63352562512 4.91229361295e-80 3.19475774841e-51
1.60733800966 1.20516396856e-73 2.5874596639e-24
1.62772184267 5.84676462299e-07 5.69941799649e-10
1.64845672075 6.05091002294e-09 8.90377200679e-40
1.70569673222 1.33517030313e-57 1.97161769537e-24
1.68278845894 0.00887926589939 8.17201259511e-47
1.62533338066 2.99841234068e-21 1.14570458585e-26
1.73330391624 3.89519655829e-21 7.94912085218e-20
1.66133687629 1.21708858318e-19 8.11415362767e-52
1.69533164201 2.41369021801e-95 0.0106251833607
1.69103685935 6.98971538721e-33 3.10882445552e-29
1.61282747315 5.68520578804e-14 4.459379235e-20
1.66556205777 1.13947918157e-31 1.74670278359e-51
1.63772624274 6.0959495872e-36 8.2650132425e-48
1.61883245536 2.84003526712e-29 1.86110132913e-17
1.70041269359 8.40906668167e-40 9.23176682e-21
1.65927881184 1.06746242558e-14 3.43395634091e-51
1.69102891731 6.67147680801e-139 9.68836137103e-76
1.59579262175 1.86999352227e-39 1.41217092548e-25
1.58553533045 7.14820516256e-11 2.08170390516e-52
1.72107883687 5.58868502136e-20 1.76063528689e-45
1.5903784949 1.76906276608e-17 1.74936184045e-254
1.6248313898 5.65452546893e-36 1.10501087682e-17
1.66971604488 3.88519514229e-16 3.80812731892e-16
1.61781641256 6.98118413024e-23 2.92077260728e-52
1.65606092781 2.61337701568e-30 3.53606462511e-33
1.69968239104 7.03135354479e-63 3.35710943434e-13
1.63685823448 3.15472824055e-18 5.45108190954e-54
1.67876718877 5.13182316945e-53 3.89883670859e-10
1.72192688955 7.62084153923e-37 6.43063156715e-31
1.64320582265 2.40088698964e-33 1.64446966025e-80
1.73033169502 2.09754243047e-19 1.82484601104e-46
1.62280088059 1.1153387977e-26 8.32909530944e-26
1.72352500801 1.57276057922e-31 1.20802832585e-22
1.73798465258 7.950156626e-63 3.90469767688e-79
1.67423452896 1.19371948841e-30 1.56018155968e-60
1.58749253569 1.99828292628e-100 1.98132437125e-71
1.69002785738 1.33292074262e-22 8.47700895663e-188
1.66295098411 1.26570222483e-53 5.63107635736e-22
1.69213142701 1.65350311166e-34 1.12280071305e-32
1.70521864012 1.76784765908e-42 6.63951697478e-19
1.62962434374 1.85140310749e-20 1.76866919699e-06
1.66363547489 1.29220531179e-30 1.47245504191e-23
1.71040356493 1.22995511651e-15 1.86646111397e-10
1.62169047955 3.50372495297e-21 0.00128005210992
1.6223506689 1.51246514001e-09 3.4216368487e-22
1.72098080287 4.98749807918e-31 2.46215206419e-94
1.60035246902 0.000581555337608 1.41696426554e-39
1.69818795808 1.44485036256e-19 3.70256377113e-09
1.59071990561 1.878980588e-12 5.35551311661e-25
1.73412796256 3.60746849892e-06 7.65086826827e-110
1.71315489602 4.68514462435e-15 1.18599175382e-15
1.6139358089 8.38800026332e-50 4.6719119486e-07
1.72050693775 1.4673799377e-17 3.22579265172e-36
1.68714443723 9.15208743078e-30 9.0363041685e-60
1.6927228527 1.04346833658e-37 2.58140522808e-45
1.59514078485 5.47037412984e-25 1.35009819527e-10
1.7181786983 3.54342428056e-12 7.96111973501e-22
1.68462794405 9.74772973768e-26 2.96260490743e-38
1.67877556153 8.16808433823e-12 3.78082982316e-37
1.61874121836 7.49323619336e-29 2.6763936819e-13
1.61843562293 9.89998213284e-76 4.95744569937e-25
1.61616529604 6.60489847444e-40 3.02050517603e-09
1.68112760144 4.37768004247e-62 4.20894287892e-152
1.63505271785 2.6860071745e-05 1.07741200322e-28
1.62673174313 5.75589205188e-67 1.75992852423e-08
1.67601911738 3.31014933252e-23 4.15765482024e-39
1.67334354458 4.02746499253e-75 1.92025168259e-25
1.59632002293 2.32896629132e-06 2.3310834834e-46
1.58927527784 6.46689496624e-14 1.46426355007e-05
1.59141074893 5.92032166517e-19 3.04047178336e-54
1.69102955475 1.08696736693e-41 4.12639669984e-08
1.5911367556 6.4810169246e-29 1.38522579115e-14
1.66103368715 2.25044768187e-11 5.23779605516e-60
1.67173651448 1.42758379256e-07 7.33582921706e-27
1.63540945189 1.10529475711e-25 1.20133888086e-91
1.70557491713 6.77820831827e-21 9.01776317176e-33
1.66296597676 4.04224455275e-56 1.83358510863e-27
1.6353105291 2.613833686e-53 8.49392448528e-30
1.59131338159 2.2585916941e-13 2.30747205624e-31
1.58566153001 3.14272162626e-36 0.00296578425871
1.61092249084 1.88700734438e-46 2.88146113131e-43
1.62180044233 2.37867838978e-85 2.69321670342e-39
1.59091277307 5.13734179916e-62 2.88074415746e-56
1.70096707805 1.64822916849e-05 6.99062828311e-34
1.73098924397 5.75140215349e-77 1.78251442755e-46
1.68371049934 1.48878011175e-44 1.53780899481e-52
1.62713396454 0.0242123410979 1.40031211676e-36
1.71617474747 3.09652885573e-30 1.1339226813e-51
1.58842604403 3.5495858967e-60 6.07167374763e-42
1.67466122315 1.87715904239e-28 9.93113147849e-41
1.67802418031 7.53596565573e-55 3.12232176325e-10
1.65893485515 1.31038069262e-66 2.50505433843e-26
1.60557361292 9.74195035008e-22 1.03545811565e-12
1.60537038897 2.6455352801e-31 4.0881946765e-30
1.65680441896 1.22292654791e-37 2.78201515505e-34
1.6833924163 2.42396863156e-59 4.25832498747e-18
1.70189155726 5.45156027315e-24 4.06381395662e-42
1.7151481837 4.59859595658e-120 4.68384695616e-77
1.67546855047 2.76216528051e-52 3.26179383467e-60
1.58551730964 3.66558232177e-12 5.09495760011e-47
1.7338827422 3.12768112873e-56 4.90760357296e-13
1.60486861953 3.98576821289e-124 2.59907267526e-29
1.68673877135 1.30171406408e-33 4.27984536623e-17
1.59210700302 2.87711358771e-42 1.64616272272e-05
1.61884310337 1.01021839771e-97 2.81337498147e-28
1.59557018993 2.11153014877e-105 8.49683608859e-40
1.69968878532 3.56179301874e-141 1.9340035013e-18
1.64288087434 2.55729763847e-22 5.25601320565e-56
1.7274329493 2.0265556836e-18 8.52098334635e-13
1.7320999717 6.63218018381e-06 3.31807898609e-38
1.64472724956 9.17680164333e-19 1.28174200883e-78
1.60771863741 3.57171984444e-32 2.18003680057e-46
1.6746555343 4.58315931959e-07 1.51616178958e-43
1.67264699758 0.000154278976559 6.02663167806e-12
1.70848010104 3.23384089908e-62 1.08829216289e-05
1.65167842408 6.52298738026e-29 5.91323254831e-52
1.61896237519 6.08744045984e-19 1.97932510972e-15
1.73668776973 2.35468667408e-28 2.45540062041e-109
1.69176549954 1.62329084899e-42 4.58626999074e-37
1.68321966073 0.000742890285935 1.9612416357e-06
1.6650880256 5.59741037695e-50 8.588528821e-69
1.63313167144 9.884631655e-52 9.63382944061e-11
1.73203634185 4.51982304155e-57 2.47808404688e-44
1.70000717655 8.92027629844e-47 8.55116085455e-38
1.72503598923 1.4166989205e-55 4.84643573776e-53
1.63635109827 7.75797334036e-45 5.10456452905e-28
1.71287222133 9.06405653544e-51 1.41299784768e-09
1.67672201197 6.33742091298e-25 5.40316297292e-66
1.69953801524 1.97940813957e-11 6.02356910073e-45
1.70029362696 1.44167496077e-25 0.0229897608225
1.68769777101 6.23853126393e-26 9.37044965182e-22
1.70231567563 9.56499424762e-05 6.34389535774e-22
1.73008356164 3.70247810601e-09 1.52885348632e-15
1.59070533493 3.26297719667e-52 1.58857567928e-66
1.7178898931 3.23852113814e-17 7.46303535979e-24
1.71305094244 1.77007245574e-25 2.4157846225e-46
1.73788691377 3.86145576719e-42 2.08709223986e-29
1.62453718771 5.84869649826e-47 2.68652437115e-22
1.69792250291 3.33506043293e-50 1.727833234e-26
1.67549996049 1.12976781655e-25 1.74997747631e-18
1.70486812707 8.49005028575e-21 3.75281327476e-20
1.67659814451 1.06655154448e-07 7.49948433219e-36
1.60805028358 1.98613367088e-35 8.48755391634e-41
1.71393785757 1.05092220441e-23 0.00688263985678
1.65292388607 7.36388567198e-28 5.40869991348e-35
1.70157841519 8.03226733242e-25 4.74006550353e-12
1.65894098765 2.16481871191e-33 4.21010858728e-30
1.67511590092 3.08103920775e-16 2.32267965712e-21
1.69667540036 4.07363274406e-16 1.51570908797e-08
1.72676535889 6.37618990836e-21 7.38754728135e-05
1.61774579521 0.00199176502218 1.92090734528e-13
1.73247876416 1.81563342544e-18 2.86966889609e-45
1.64237186798 2.1611934448e-11 1.7441898593e-19
1.65691016518 1.34064390132e-14 2.71973944953e-22
1.73085512896 1.05573447544e-84 3.13909913648e-38
1.66537228401 1.09538197663e-43 6.59863678223e-26
1.64199553565 2.58707079795e-10 5.18918434027e-08
1.58611972901 9.13966853267e-13 3.42013525246e-34
1.68859353543 2.91988946254e-83 1.5177303258e-08
1.64698432013 2.08999726725e-49 1.38718768311e-27
1.73115340271 1.37455148055e-12 1.26477991544e-11
1.73141890887 3.8775586417e-139 1.45402576929e-13
1.68513979255 1.49265018104e-63 0.000569873901323
1.73316602292 8.87966781965e-36 2.41192713024e-24
1.61683572634 2.03196624768e-21 7.78994176967e-06
1.67587185606 5.55619556109e-18 1.71934404035e-34
1.71313786033 4.15934362448e-44 1.53392875651e-14
1.7199587252 1.68299864906e-45 1.10243655611e-47
1.64573059128 4.70313395745e-39 8.379764965e-06
1.73592187754 1.2240549828e-26 1.01014150034e-65
1.63814028165 2.92630853173e-149 8.2072311437e-08
1.64512824695 3.15740461141e-28 6.06791060404e-10
1.6466315393 9.43853427926e-27 1.08111557847e-26
1.62394538091 3.0756898012e-58 1.02864482751e-05
1.73718035201 5.25895687969e-55 1.91538987421e-57
1.70089088589 0.00462762640277 1.41885091065e-21
1.67400553763 4.18703076313e-67 7.92996549413e-54
1.68530372517 3.74973250125e-46 1.38966268644e-117
1.72986421623 6.08138454947e-26 1.55219505984e-45
1.60857947768 1.01786008676e-30 1.9662379464e-31
1.70655388748 3.24799606234e-61 1.61066376299e-30
1.7145204605 5.9797873849e-16 7.29947032507e-23
1.73787430232 1.02124112238e-51 1.04970805927e-36
1.6961282715 6.11607248268e-06 7.79162950033e-19
1.71155503217 6.27741078633e-82 3.65501515348e-55
1.69981649556 4.13305927279e-115 7.91245068181e-40
1.61466887171 2.67931923029e-68 1.74336439059e-08
1.63414785627 2.72047631627e-27 7.6949464255e-37
1.61216758231 4.71895453282e-33 2.16947949709e-21
1.63464981355 1.91859141784e-54 1.6813809297e-14
1.71104345566 2.99057857954e-28 8.41893799356e-26
1.712920415 9.12777499279e-14 2.10529538116e-20
1.66922152662 2.21919050514e-13 3.85439775038e-21
1.66336756933 1.11084200921e-07 2.29609585657e-32
1.70216501696 5.93609838797e-13 1.41222736217e-39
1.63175424146 2.25938198731e-19 7.42448193352e-31
1.73346846602 2.73569900645e-67 7.25350574811e-35
1.72019391113 2.85976037514e-52 6.34778336875e-27
1.59334151666 1.35426899955e-21 2.38997105015e-58
1.70483593228 1.59862107262e-72 7.95636436914e-13
1.62111716807 3.10479684991e-12 4.87708484014e-35
1.65889723337 7.65286483311e-26 9.83839828932e-17
1.63683837885 6.09669772591e-21 2.28055517807e-38
1.67662539378 5.09283310181e-17 6.56932086999e-27
1.68864112729 9.24423364552e-29 1.58605880489e-64
1.71179425949 1.4450536293e-46 1.44953761313e-06
1.63025728844 3.18034500336e-16 2.07720958825e-78
1.73661985205 4.60552095152e-13 1.84117923414e-125
1.65300386499 2.91679394747e-16 1.45205282607e-60
1.64516453223 5.69293606498e-53 1.30207619155e-49
1.5977222132 1.52790141646e-33 4.38761601118e-60
1.64557457367 1.92052411959e-59 1.56127057173e-46
1.71900949266 4.46074597213e-46 4.62963302401e-47
1.65168938991 2.44584951257e-104 2.66622874576e-15
1.62323983003 5.92243785778e-37 3.42408246417e-85
1.61217299744 1.46603716636e-54 1.22797900037e-40
1.70967512068 1.18146618666e-20 2.76667881615e-137
1.69857338078 1.33519215702e-25 1.31133487251e-28
1.72416347881 1.60254538245e-167 1.88680811865e-39
1.68211259899 2.67492492773e-24 6.26128283379e-14
1.737324943 1.10203863548e-30 8.29092873951e-118
1.65553091389 4.3979948289e-32 4.04653963732e-46
1.64247055752 4.01654596796e-20 9.88697508052e-21
1.7283402456 7.76111522234e-25 7.07821445767e-73
1.7164549052 1.00833278058e-103 7.29220004034e-48
1.70344418542 1.60080491056e-44 3.42076938523e-43
1.70891721521 7.34438569228e-13 1.54368088404e-23
1.67922232874 5.48325867436e-22 5.68701502528e-14
1.62774404585 4.24917413227e-34 1.41382535935e-30
1.71686080893 8.54016726184e-51 2.87789295093e-47
1.58536771468 1.15736940822e-13 9.51021725924e-24
1.65543411263 1.84213251966e-30 2.55509098159e-24
1.60796953468 2.44109109656e-26 1.93905084088e-62
1.71140475173 1.95232593226e-36 2.1509876058e-12
1.62452832654 3.00079201211e-14 8.01096515928e-46
1.65014515796 7.81495357393e-44 1.15642688794e-22
1.71606732823 2.76513039779e-115 1.42754083765e-08
1.69068001657 1.81118344137e-64 1.57011924834e-14
1.6078315642 6.65675033404e-60 1.23275684761e-37
1.72049789408 7.42652574298e-16 1.74030654119e-52
1.73146273422 3.98678960891e-21 9.09385154115e-09
1.71942141184 2.49534979082e-12 1.13654624373e-34
1.67581325321 3.71878760575e-63 1.61335874014e-11
1.60445007087 1.46156107329e-81 1.05577920144e-28
1.65389443019 7.52564998642e-33 1.1476368621e-32
1.71595381059 1.15825061141e-64 4.41755110643e-48
1.69507364192 0.000822102090725 1.28426047313e-36
1.71643937984 1.50771931982e-09 6.17287139301e-84
1.67101643886 9.33959386689e-100 4.03083168811e-48
1.62528378357 9.78383721149e-53 2.29407883071e-22
1.59329789879 1.75037147294e-84 5.82898704101e-19
1.67333685631 1.34186161093e-32 6.71427943625e-87
1.69894846406 1.18539746336e-36 1.83665833086e-53
1.72070542912 1.12971726345e-21 9.00583678482e-54
1.73686428439 2.4885578929e-81 4.87436447607e-62
1.65583415215 5.50038349303e-124 8.10981456104e-24
1.60494100748 1.19898803533e-21 1.9188296283e-35
1.73722470463 4.10353709118e-21 9.17524218082e-36
1.64475320456 7.8501208565e-20 1.0180767162e-17
1.68525899019 2.09445415958e-59 2.17089464865e-89
1.64146144807 5.07011691581e-32 4.40690834648e-53
1.70947273986 3.4343212935e-44 3.38977260205e-71
1.45748920989 0.171175097998 4.76097692122e-32
1.65089191722 1.38048930281e-27 1.77207031768e-12
1.70206333004 3.85988241295e-23 1.92011571674e-16
1.62405964546 3.40619588515e-66 3.21125800587e-21
1.67055778258 2.71738379573e-19 1.55142363581e-52
1.67526570276 3.66122471601e-32 2.8798381074e-195
1.59743058227 1.31827804698e-153 2.5363991908e-20
1.73767881758 1.65731648605e-26 5.69570669091e-14
1.62276425889 2.7457833375e-05 6.87341838486e-28
1.73122781176 3.69753209969e-45 1.36340435531e-109
1.66944896345 2.23367654745e-07 7.33921885953e-07
1.61839827527 2.09340662072e-247 7.00783547884e-18
1.67035507098 3.02416058257e-09 4.86994576203e-07
1.62800666548 1.04737846553e-101 1.18607472811e-30