-168.051960339 -168.051960339
-164.243452095 -164.243452095
-164.267418389 -164.267418389
-165.117500723 -165.117500723
-164.223768862 -164.223768862
-167.666425978 -167.666425978
-155.61190341 -155.61190341
-164.040560197 -164.040560197
-164.582581576 -164.582581576
-163.952486393 -163.952486393
-165.565147268 -165.565147268
-164.261662954 -164.261662954
-163.255043877 -163.255043877
-164.437881294 -164.437881294
-164.736129278 -164.736129278
-164.537291349 -164.537291349
-165.122040244 -165.122040244
-164.267312797 -164.267312797
-163.614584455 -163.614584455
-165.899366396 -165.899366396
-164.149902291 -164.149902291
-165.161498878 -165.161498878
-164.842712782 -164.842712782
-162.543408333 -162.543408333
-166.044782881 -166.044782881
-164.964980008 -164.964980008
-164.716430579 -164.716430579
-164.916531587 -164.916531587
-163.278018549 -163.278018549
-164.310466217 -164.310466217
