4.92826035403 -12.3836632005 15.2944206339
4.89100395473 -12.7510758453 15.7758384739
5.27656449903 -12.6758323756 15.4072126907
4.9055933524 -12.6996251453 15.6614803609
5.23758818351 -12.4886933286 15.2311512498
4.69430858317 -12.8446926022 16.2166062421
5.21703164416 -12.4926621128 15.2420938809
5.2058846905 -12.7307077795 15.5327082457
5.19633630086 -12.210375793 15.1088998213
5.14159265078 -12.5545440758 15.3281047598
5.19518671078 -12.3235448004 15.1508602308
5.25972633653 -12.6000685546 15.3212607009
5.25724904064 -12.570412787 15.2921853271
5.25641036798 -12.6813367103 15.4249080022
5.09683975382 -12.4889457644 15.2903088905
4.44519107253 -12.7682934165 16.2387685987
5.26380677261 -12.4677232139 15.2067156874
4.51238143612 -12.7056921984 16.0162175105
4.63784552165 -12.8082566671 16.1454184508
4.99075959174 -12.6077240058 15.4671719268
4.36081285927 -12.7660666185 16.338804748
4.63198908221 -12.7981067498 16.1202762572
5.16986831731 -12.2777979189 15.1396854409
5.28706239614 -12.5161179068 15.233225198
5.1575470963 -12.2259786954 15.12453703
4.50579662779 -12.7119806776 16.0364476716
5.04243157925 -12.7708287693 15.7153429179
4.89782597763 -12.359256486 15.2943919152
4.81565528233 -12.8238008222 16.033511977
5.01010945493 -12.3984474164 15.2640056377
4.49532488355 -12.7382762587 16.1062333433
5.18702505342 -12.7356102623 15.5523647173
5.31599063255 -12.4525757864 15.1792363784
5.17379731127 -12.6475713142 15.418779467
4.55245342339 -12.7906646118 16.1799660964
5.38260273069 -12.5385951252 15.2165469936
5.30664896282 -12.7420376668 15.5008853367
4.54535630424 -12.7810776542 16.1603562533
5.12141527793 -12.500421923 15.2885855946
4.70343244142 -12.7345189773 15.8910191497
5.1624901244 -12.606438424 15.3732868446
4.87556874358 -12.6741552592 15.6384318969
4.64080115195 -12.8085923057 16.1435604153
5.04620200438 -12.6067310588 15.4342138732
5.0708089389 -12.4689952097 15.2864100034
5.07836245422 -12.1491699205 15.1239363562
5.26961248128 -12.6204832496 15.3395636223
5.05684933255 -12.2588381202 15.1700529661
5.13608081448 -12.8107764906 15.7584886768
5.40960824304 -12.5001447499 15.1797893811
5.34923089816 -12.4047072534 15.1427783128
5.07846342187 -12.4073706766 15.2393411172
5.43059103733 -12.5874151056 15.2412972658
5.04004169902 -12.2251105498 15.1625414614
5.0591546839 -12.270853262 15.1743540999
5.34800769436 -12.6816517003 15.3824414088
4.55671474459 -12.7924887798 16.1807414311
4.882201883 -12.2467119226 15.2396656529
4.3319877693 -12.7512358715 16.3394846728
5.05517583046 -12.4254194765 15.2615761674
5.29941524175 -12.7002450709 15.4326860548
5.18773255204 -12.4633042909 15.2322198224
4.61670135825 -12.8124078558 16.1796234193
4.93210113592 -12.1749545366 15.1857476312
5.08603802042 -12.3464742202 15.2005721345
4.50735630049 -12.717320953 16.0460930336
4.48276555581 -12.8226995988 16.3587540329
4.95414931908 -12.4056380323 15.2961866132
4.92852665045 -12.8107639072 15.9023354734
5.11765448999 -12.229710926 15.1379107123
4.85890064927 -12.3016275096 15.2805293044
4.82367119649 -12.800820373 15.9556499219
5.22344007417 -12.7906990654 15.6517450883
5.06648001887 -12.3586295479 15.2150471751
5.08067188733 -12.6265160743 15.4401538742
5.19203821003 -12.5071165279 15.2635303005
5.1859012865 -12.7144823486 15.5144430527
4.60215448451 -12.8072204005 16.1779588662
5.34820552269 -12.658297115 15.350950087
5.14228659548 -12.2596997315 15.1412591291
5.01915487686 -12.4144402463 15.2705468449
4.61476630343 -12.802528922 16.1507163205
5.34090937214 -12.725527673 15.4541786412
5.28923564292 -12.3623076229 15.1398304496
5.12952878265 -12.6777934947 15.4854616616
4.77054573626 -12.694484676 15.7534682918
4.89224632573 -12.7456792231 15.7629243708
5.17608585099 -12.4158559382 15.2056381968
4.93230274046 -12.3595019652 15.2766764295
5.21248480049 -12.2239754549 15.1088417571
5.23618199068 -12.5224847186 15.2580603781
5.32585700509 -12.6629113035 15.3667700283
4.78351953824 -12.7609185702 15.8832789102
4.60639143033 -12.734273344 15.9808817656
5.17347925688 -12.2383840388 15.1241487622
5.34666161882 -12.6488756508 15.339776635
4.44148639328 -12.7339531418 16.1581791698
5.29215315549 -12.7468225563 15.5174709474
5.17678181984 -12.5763585013 15.3336152664
5.16978676786 -12.2797795533 15.1404907464
4.7963954124 -12.8110043743 16.0089385286
5.20188263571 -12.5221530293 15.2718549129
5.03192435345 -12.5403225304 15.3685528162
5.05039662656 -12.4340920197 15.2698238574
4.55322807845 -12.7728032828 16.129460535
4.56808050869 -12.8217748941 16.2608385251
5.1214994964 -12.5200991661 15.30541178
4.99560776414 -12.3276314867 15.2280423911
4.34679452822 -12.8248308492 16.5365613239
5.28380191563 -12.3757923864 15.1477184896
4.88556403664 -12.3516586901 15.2961148081
5.04089412318 -12.5693513867 15.3939622826
4.90022718259 -12.6618531835 15.6013302175
5.09101462204 -12.2152835608 15.1413058922
4.98118754453 -12.6804461579 15.5777379662
5.08216763437 -12.3438514733 15.2006955996
5.0650873459 -12.5861902129 15.3997326012
4.98250955475 -12.7955819446 15.8192961791
4.41436087752 -12.7805820949 16.3098811782
4.90487473679 -12.7648589635 15.7974537396
4.56567595364 -12.7521590627 16.0637869377
4.42480373964 -12.8242469425 16.4335899202
5.16607256352 -12.2923314148 15.1467260544
4.87343415639 -12.8153691163 15.9591398378
4.89890204649 -12.6971240903 15.6616729884
4.37442917806 -12.8111898186 16.4535480666
5.30636573699 -12.4313274893 15.169816847
5.00056172035 -12.2454684779 15.1860035282
5.34071006282 -12.4898565416 15.1950844813
5.03353150493 -12.7045833983 15.5858133445
5.2617246426 -12.7467757804 15.5333172561
5.18211754478 -12.3938638776 15.1905338992
5.01008000152 -12.2153558181 15.1699062726
4.88600304376 -12.7894429307 15.8741239533
5.08504168739 -12.5176169217 15.3203629628
5.33437858054 -12.5063926771 15.2088661549
5.06386755974 -12.4019868632 15.2421565506
5.14951670185 -12.2630512798 15.140275351
5.05301317767 -12.737648511 15.636035525
5.12688165501 -12.6202389656 15.407679961
4.91840969247 -12.7208935132 15.6925610544
5.00310755785 -12.7622819656 15.7217331424
4.91318530097 -12.7922895566 15.8611180366
4.44807023097 -12.7157469932 16.1098289162
4.91714841598 -12.7639851158 15.7863176476
5.30428422234 -12.7596075812 15.5367608019
5.16435912796 -12.530807426 15.2955423896
5.25400805798 -12.2736036162 15.114248705
5.05730277478 -12.5379728432 15.3531162037
5.09795541274 -12.390618283 15.2208101204
4.48280684842 -12.7876426429 16.2482995878
4.98655309905 -12.6260816729 15.4936201263
4.33644680457 -12.8041627366 16.4817561497
5.2487487968 -12.4681105754 15.2124168134
5.00145695251 -12.4846436979 15.3330971238
5.01506074276 -12.4198418385 15.2762180135
4.99374428424 -12.1650791476 15.1575815751
5.04589753771 -12.798904387 15.7843816552
5.02153666909 -12.0601701703 15.1175986821
5.19788912878 -12.436185639 15.2101580318
4.93501925083 -12.4286198211 15.3229236055
4.41703497322 -12.7367008284 16.1940811916
4.78569889797 -12.7195571869 15.7899280122
4.66539823502 -12.850330429 16.2665666642
4.86918107982 -12.7164996029 15.7194806705
5.09174450968 -12.1738631708 15.1273027414
4.60431084146 -12.8414004566 16.2932584529
4.49816500988 -12.8434967753 16.4169753913
4.50340080975 -12.7044317194 16.02339424
4.97466370234 -12.8254956654 15.9138985435
5.08885815368 -12.6947812567 15.5356494553
5.32248541342 -12.3981403716 15.1472161688
4.97255307938 -12.4687203891 15.3347696605
5.13027425884 -12.6757497568 15.4819361956
4.47905832472 -12.7833827664 16.2404388521
4.77818390146 -12.8397506024 16.1213428287
4.6209071875 -12.8057887966 16.1545618458
5.15040645168 -12.3598966799 15.1835033109
4.73967774812 -12.7548733886 15.9059106282
4.63197209478 -12.7898427051 16.0962500533
4.89582443918 -12.7093462197 15.6863759492
5.17401919625 -12.2858156273 15.1415842069
5.23763830297 -12.3568778983 15.1527834545
4.4920606946 -12.7737761615 16.1990052138
5.1292324115 -12.405684499 15.2174387529
5.27074437935 -12.7069106944 15.4573945977
4.94406720269 -12.1640118872 15.1766607526
4.92420543038 -12.3513892695 15.2757305657
5.38272407911 -12.6157737446 15.2871478762
4.38011137425 -12.7684935354 16.3200558763
4.65202055264 -12.7890638643 16.074557839
5.09890576033 -12.429721832 15.2453821615
5.2177307515 -12.378149946 15.1697164232
4.33917644494 -12.8029617466 16.4742440424
5.11787058709 -12.5317795344 15.3176398296
5.00871096396 -12.4939968393 15.3374371314
4.50478002948 -12.7621471537 16.1540878587
4.44765364612 -12.7885023591 16.2919916829
4.92585781411 -12.1554412965 15.1811538302
5.3435357039 -12.5692499636 15.256642911
5.26119693386 -12.4609090047 15.2031206796
4.96352631397 -12.7667472421 15.7595043024
5.01080236513 -12.7343914727 15.6566146976
4.79552739804 -12.8488161728 16.1404271573
4.30450705158 -12.773415298 16.4358487874
4.99042224491 -12.5252412183 15.3759340044
4.88479424888 -12.2182684038 15.2251867588
4.82152825849 -12.8404507086 16.0864969849
5.25825346234 -12.614987152 15.3383480707
5.19449183976 -12.4481391336 15.2192295394
5.15086564863 -12.8083438045 15.7422488466
4.86326511246 -12.2623816667 15.2571048896
4.86408601036 -12.8211263464 15.9848794787
5.08805471575 -12.610753167 15.4163894592
5.30437764317 -12.7042510751 15.4366037318
4.79838704507 -12.8238029238 16.0481748625
4.82463377822 -12.7902725533 15.9250536374
4.88118129755 -12.2123767161 15.2243267159
5.33236033259 -12.5889884756 15.2796450404
5.31934631091 -12.4806104152 15.1960314698
4.87922158482 -12.3334046393 15.2882033004
5.38672846325 -12.5561087983 15.2293433398
4.851400217 -12.8047171435 15.9444904241
5.09871612645 -12.1513353771 15.1184955243
4.32978990893 -12.8074267616 16.5013027381
5.14083895971 -12.7162159416 15.5426084944
5.37205190709 -12.6251398231 15.301516949
4.99242469742 -12.7661561764 15.7380039429
5.14390250239 -12.4063625393 15.2121152336
5.06116304628 -12.8226863335 15.8435946558
5.3318379052 -12.5475552924 15.2420390434
5.35009313925 -12.4696482667 15.1788112558
4.54481572792 -12.7193254232 16.0103761025
5.2096557027 -12.7232145103 15.5169891966
4.61336449838 -12.7464645594 16.002122859
5.1946291913 -12.5616798092 15.3108095901
4.97716919687 -12.7384503738 15.6873357634
4.91273596944 -12.6306292878 15.5463605531
4.32779451372 -12.7608149107 16.3696164593
5.29248778226 -12.7381678364 15.5008375887
5.2522519411 -12.4330162839 15.188697207
4.93638039574 -12.1739946417 15.1835682901
5.02166330085 -12.7144817317 15.6111647918
4.98736774903 -12.6915916614 15.5924250991
5.27404659349 -12.3626262896 15.1444174391
4.98195038361 -12.3767377966 15.2632223578
4.90928573661 -12.3401063318 15.2764630494
5.07278920577 -12.0842764081 15.108351825
4.43281795211 -12.7260446204 16.1505419796
4.99609753046 -12.4061697432 15.2758129774
4.67628420999 -12.7452519816 15.939696482
4.96152106829 -12.8016479035 15.8512710056
4.72818114775 -12.7998952586 16.0350445404
4.83418302514 -12.2666589418 15.2749347456
4.98135611963 -12.6890614079 15.5919898986
4.5008002797 -12.7911727059 16.238080283
4.71749294697 -12.7127746754 15.832945906
5.05715571246 -12.6539792855 15.4908516678
5.31315459039 -12.6710388124 15.3834413153
5.39610597755 -12.6510356952 15.3217469706
5.00388847939 -12.1498113855 15.1487596222
4.74548296352 -12.786731476 15.9822410403
5.01196997672 -12.763056584 15.7175277586
4.96176887534 -12.6919043914 15.609616905
5.15878863794 -12.686132103 15.4824008515
5.28273414909 -12.6778420473 15.4071489225
4.74128798467 -12.798170568 16.0182962107
5.05113885488 -12.6121367163 15.4381587036
5.03289964522 -12.7230510095 15.6201219073
4.52837413107 -12.7614674892 16.1264700814
4.64371158324 -12.8383573062 16.2419177807
5.09133758806 -12.5527332531 15.3505789003
5.26001080756 -12.5508435967 15.2728459965
5.03048526389 -12.1598935788 15.1427222573
5.13497512173 -12.3847688959 15.2028144405
4.87580800706 -12.8410145299 16.0436258266
4.95911312614 -12.4177746102 15.3022918795
5.29640394896 -12.7288478873 15.4818827056
4.65709239568 -12.7079071722 15.8767528265
4.96221833833 -12.7934545798 15.8280721187
5.38530017812 -12.4714417067 15.1689436722
5.37165589955 -12.5457864489 15.2261326049
4.53263727297 -12.7952154883 16.2146975991
4.82968832065 -12.704410003 15.7258151602
4.93077614716 -12.3904478696 15.2977077953
4.95095101553 -12.6318404314 15.5234724991
4.34626087159 -12.7894351269 16.4235017625
4.66315337523 -12.7900629089 16.0667393635
4.78617991755 -12.7239805367 15.7986023319
5.03893113307 -12.1865346119 15.1487467886
4.96936519284 -12.4186701576 15.2977277084
5.04480358078 -12.2411190073 15.1671576745
5.06721556671 -12.3540007933 15.2121662898
5.24147701522 -12.3710448263 15.1584182273
4.95134048704 -12.194551918 15.185202838
5.06684003633 -12.4823057404 15.2988622705
5.25625024594 -12.4886127311 15.2240502404
5.36831522859 -12.4942528485 15.188964485
5.01056730411 -12.6592184911 15.5261353544
5.2614982283 -12.7412012443 15.52264044
5.18470039823 -12.570014284 15.3235156116
4.66312249089 -12.8240390748 16.1721019627
5.04004815052 -12.4102189838 15.2580762012
5.00844833378 -12.0785173106 15.1263473896
5.01417305556 -12.4541721366 15.3019145244
5.37454232559 -12.4574836253 15.1638445761
5.24516371607 -12.3366595152 15.1413066765
5.0631520552 -12.1873900327 15.1408096239
4.45714105092 -12.7932748188 16.2947331025
5.047152961 -12.2132908421 15.1554861139
4.94358945367 -12.7572553091 15.7515733306
5.13662947475 -12.5316330134 15.3087966086
5.21895935716 -12.6410467791 15.3879187076
5.28257720596 -12.7083070215 15.4537864131
5.34777494721 -12.5403903495 15.230263644
5.31211094879 -12.6315109871 15.3337513139
5.18264331908 -12.2159129422 15.1142357019
4.69968982219 -12.7074133222 15.8376604819
5.06737790622 -12.3687193124 15.2204267127
5.05698739075 -12.3369862816 15.2070902167
5.39174781095 -12.6398079503 15.3102019364
4.6459485135 -12.7951077956 16.0977936284
5.01590390828 -12.6986596624 15.5864595968
4.93953113515 -12.3627333545 15.2750723171
4.68112656235 -12.7802708745 16.0227314269
4.90730984486 -12.2697450578 15.2386383798
4.92149487564 -12.829400617 15.9668580872
5.07344934822 -12.4471117697 15.2687300209
5.07611460184 -12.4503283994 15.269879968
5.04713643349 -12.4288471089 15.2676088447
5.38427923972 -12.4608578062 15.1629017128
4.88907314842 -12.775987343 15.8366383923
5.26413671092 -12.6616086069 15.3933709144
4.56938718543 -12.7620041965 16.0844391905
5.18247338828 -12.6564861196 15.4264587775
5.25366970196 -12.7280851618 15.5024011643
4.99890131027 -12.2646772912 15.1951913023
4.41168896281 -12.7472367846 16.2258404704
5.19465454555 -12.4243763935 15.2039560539
4.72221289366 -12.7112565351 15.8258494772
4.96393127343 -12.7644531492 15.7538136644
4.42730128484 -12.7043773459 16.110515669
4.66643301073 -12.7778468729 16.0299668009
5.20414453314 -12.792221067 15.666836379
4.88184002332 -12.2339611608 15.2337970735
5.20675955034 -12.319183331 15.1453417297
5.29226626717 -12.4216081387 15.1688227121
5.30857076014 -12.6950326079 15.420265282
4.91831973076 -12.2155375977 15.2082430869
4.73446319255 -12.7712128304 15.9507510966
5.15425259265 -12.7233454086 15.5478696592
4.38689907751 -12.8199406005 16.4666028381
5.0467695762 -12.1665692283 15.1393783664
4.55827190839 -12.8457416291 16.358690931
4.76065745305 -12.7678775891 15.9196451297
4.31375795705 -12.7665019415 16.4041008789
4.39188739311 -12.8072745661 16.4182916113
5.30993245787 -12.7293285356 15.4759741038
4.97189699902 -12.3987060671 15.2825055461
4.64443477 -12.7882074282 16.079458661
5.35301862423 -12.4969332659 15.1958290774
4.93864726744 -12.3572891757 15.2721141557
4.84798416106 -12.2574083719 15.2626460619
4.66916260499 -12.7864709092 16.0509426933
4.50977463663 -12.7734964603 16.1783957665
5.03523218147 -12.0961593831 15.1224565989
4.43954781071 -12.7658267559 16.2390014159
4.8532401481 -12.3010142326 15.2832627709
4.74494421225 -12.8499141133 16.1897856528
5.20660906741 -12.2360993104 15.1142117736
5.1331273107 -12.3358304117 15.1775014159
5.12686470379 -12.3608305373 15.1926266498
4.35364260316 -12.7313086232 16.2625072932
4.57278507293 -12.8378422732 16.3129426713
5.04870023524 -12.128217553 15.1270600855
5.09363582023 -12.4080056345 15.2333473101
5.27659847875 -12.5557024389 15.2705149773
4.98403753491 -12.1732080142 15.1641006233
4.71641482156 -12.7837000412 15.9997588314
5.16444369902 -12.1876833365 15.1106138503
5.04320192813 -12.0864091196 15.1174855647
4.70901358387 -12.7394287134 15.8970034196
5.23556010575 -12.4112318823 15.1816669805
5.2351438585 -12.2798784505 15.1215122904
5.20336094225 -12.7181718919 15.5114320714
5.00794515808 -12.5494755992 15.3907002287
4.50590462259 -12.8419804234 16.4022586848
4.71181606063 -12.7268277008 15.8669885159
5.04804228021 -12.3935311416 15.2436727483
4.53383232085 -12.8077791539 16.2519137864
4.96672502021 -12.2183083116 15.1883666065
5.19443442074 -12.7252517303 15.5289445442
4.95788020807 -12.6261688852 15.5113125113
4.26228383912 -12.8101455355 16.6073112411
4.92138398097 -12.6263888696 15.534793817
5.03089539028 -12.3865263412 15.2468476608
4.37866894063 -12.796071797 16.4004339458
5.34874709211 -12.6793110477 15.3788224987
5.12524879548 -12.4797902696 15.2703240316
5.1993620393 -12.4275682098 15.2041931931
5.06234805201 -12.4559097971 15.2802993902
5.17986191593 -12.4978257728 15.2611630209
5.23620700782 -12.6479407216 15.3885256448
5.09038621669 -12.6757366767 15.5042435423
5.07908796253 -12.6732361029 15.5068702728
5.15142914997 -12.180487138 15.1120365584
4.91102008106 -12.3274341767 15.2680479477
4.97542560154 -12.1473316982 15.1584293196
4.96469293876 -12.8111780635 15.8766604863
4.82304277996 -12.6856995152 15.696663985
5.18072419062 -12.2353965372 15.1210785572
5.3018913956 -12.3720038969 15.1406320918
5.02494962719 -12.049458959 15.1140263851
4.47267006893 -12.7794527499 16.2367935338
5.27928452585 -12.5334669895 15.2501661762
4.39886953464 -12.7704577243 16.3013899193
4.56635024929 -12.8242345088 16.2710869055
5.30015288729 -12.4570006061 15.1871876816
4.55548162927 -12.739037023 16.0431997229
4.77084715489 -12.6994542455 15.7625243354
5.22275101345 -12.7156793165 15.4967481248
4.86892648927 -12.7413906231 15.7709672809
5.05779922555 -12.1177760423 15.121312305
5.16505317846 -12.4214415226 15.2132633875
4.95580211714 -12.6158547949 15.4987758382
4.42973018741 -12.721672794 16.1445327919
4.91411073715 -12.2859358187 15.2436106834
5.18642889084 -12.6779136779 15.4551662164
5.21482502353 -12.5073255004 15.2543645148
5.26713932114 -12.4701142362 15.2071337096
5.17216045681 -12.5836736278 15.3434290268
5.0306433833 -12.6008757066 15.4357538237
4.8830848648 -12.3296264795 15.2838603828
5.3714231149 -12.6895879437 15.3833292781
5.15190508217 -12.4082900656 15.2102016026
4.93274988475 -12.1836195322 15.1888025824
4.74585862341 -12.8509158743 16.1929194032
5.23677792408 -12.7384894045 15.5306133818
4.81364624785 -12.7843380471 15.9179423211
5.15981457291 -12.7282852702 15.5538481932
5.10998549224 -12.1231196047 15.1076851836
5.11596459331 -12.6031000759 15.3926773868
4.50429383611 -12.8053972502 16.2772396309
4.90611773972 -12.2870543602 15.2481183515
4.92260695232 -12.1985109077 15.1991730252
4.94145790092 -12.8330355863 15.9638920025
5.16902164315 -12.2485504597 15.1289958611
5.27467915185 -12.6104755994 15.3260591365
4.73743154875 -12.742815568 15.8798984083
4.96037325474 -12.4665048512 15.3393999061
4.6295669788 -12.8158667001 16.1779044615
5.01268359665 -12.7414758805 15.6698917449
5.07002526816 -12.5582580534 15.3669450716
5.02571472601 -12.7178132841 15.6147858687
4.60718453003 -12.8136130456 16.1931408639
4.82164494852 -12.7009152854 15.7253810001
5.0661326536 -12.8172008131 15.8233120582
4.4505740537 -12.8192786039 16.3850771531
4.29697630919 -12.7729646093 16.4453856936
5.22398204072 -12.4821419639 15.2315773371
5.30473387633 -12.4969876747 15.2124670588
4.77340967763 -12.8307400409 16.0933699732
5.03017892054 -12.1985479141 15.156114984
5.15409394309 -12.6695672473 15.4598332811
5.38606759298 -12.5866195956 15.2567291939
5.31133355451 -12.4693885127 15.1913375109
4.95753996084 -12.7484208875 15.7220478254
5.22120751439 -12.493868826 15.2413637793
5.12533109446 -12.7265037484 15.5703753558
4.92443364274 -12.8012893494 15.8777162789
5.08710013709 -12.3152414136 15.1843089728
4.69513904123 -12.7750030556 15.9957885652
4.93930526006 -12.4403558171 15.3296467704
4.82167301059 -12.786309173 15.91667304
4.87224444042 -12.8132209212 15.9534336703
5.41204584788 -12.5386756688 15.2066407806
4.99436017452 -12.7043662822 15.6102558553
4.73665524435 -12.8417404835 16.1659488285
4.9918922732 -12.7850151205 15.784683786
4.62654149628 -12.7731961513 16.0559099368
5.15311327859 -12.2602375587 15.1380862542
4.94093542118 -12.3141423723 15.2457816305
4.58041669594 -12.7741734943 16.1047733251
5.10844892415 -12.416289127 15.2325057944
5.20835278949 -12.5842060453 15.3273101999
5.13161330068 -12.7615855797 15.6378962049
4.62344730602 -12.8026752171 16.1424737517
5.04645069149 -12.1380833486 15.1306538308
4.48491356199 -12.8239668445 16.3606423058
4.99280607244 -12.7951994897 15.8109597165
5.00116849703 -12.6028369876 15.4549727002
4.37001013166 -12.7858253316 16.3813872933
5.25327319199 -12.7353554223 15.5159386336
5.05391156356 -12.1626723837 15.1357708878
5.26551015614 -12.6907762868 15.4345734532
5.007114894 -12.4560029515 15.3068271824
4.47129774233 -12.725585947 16.1044550724
4.67077282681 -12.7299679184 15.9104005027
5.26372587594 -12.7028242663 15.4542951163
4.43901385472 -12.8208490881 16.4044055474
4.9238877875 -12.2225389599 15.208750393
4.97585428301 -12.6261885657 15.5002583538
5.13861107935 -12.1674077714 15.1117872126
4.96044475177 -12.3159746698 15.2376084307
4.4200098382 -12.7358836293 16.1885325896
5.16928050972 -12.1987278552 15.1125819711
4.74288526112 -12.7784739117 15.962262272
5.0695199074 -12.4855664767 15.3002592663
5.16126475813 -12.4606271962 15.2409085806
4.85177810432 -12.2619172648 15.2629272052
5.24856094799 -12.4972604562 15.2333325654
4.96808721781 -12.1471112318 15.1611594607
4.36928196822 -12.7452073169 16.2747638147
4.5699776657 -12.8107231292 16.2224241185
5.00215725849 -12.5198315986 15.3644131372
4.92682251252 -12.3268383067 15.2597872385
4.53797603237 -12.8076005266 16.2468231162
4.89411301582 -12.6878858464 15.6487057262
4.87758088534 -12.2717422222 15.2545010848
4.96705063446 -12.1633301219 15.1671744139
4.96018314505 -12.6353991037 15.5226528277
5.41675868882 -12.6392921364 15.2996587988
4.89115585248 -12.6984842854 15.6696148822
5.05982821589 -12.1571284181 15.1321215167
4.91815613218 -12.6260053155 15.5363571968
4.84830374834 -12.721285154 15.7445720777
5.11429773392 -12.6558441009 15.461486525
5.02739097091 -12.0487852115 15.1131396635
5.28833278308 -12.746306558 15.5184468106
5.14535127787 -12.8034137666 15.7320113421
4.90986334001 -12.8421535887 16.0206214999
5.09201635877 -12.4043692105 15.2317196272
5.27944632981 -12.631126012 15.347637457
4.47525119378 -12.7297673695 16.1093244049
5.1252164876 -12.6397748857 15.4335827051
5.1283572578 -12.4135244267 15.2226578069
4.60114269087 -12.7669248698 16.0646989873
5.23325111843 -12.4211094525 15.1881746267
5.28739288638 -12.5799180106 15.2888958672
4.92525717301 -12.7206187627 15.6872055908
4.7015955562 -12.8443211248 16.2082780019
4.51034596922 -12.7404155856 16.0946257864
4.95343510809 -12.2927149761 15.2285384703
5.04565646776 -12.3606928461 15.2248965254
4.88946984552 -12.7006405038 15.6747416772
4.89596205968 -12.3192641767 15.2710132904
4.57478042368 -12.7432484068 16.0331273866
5.33463513143 -12.5998231603 15.2896176441
4.50731667553 -12.7644224241 16.1571400948
5.23096111346 -12.3564002565 15.1546457529
5.39403722462 -12.6562136375 15.3289435963
4.66616197207 -12.8393149249 16.2233885166
5.32611873415 -12.6648346664 15.3692008702
4.40236055462 -12.7554020172 16.2577286112
5.21455487442 -12.7346892713 15.535428783
4.93312036538 -12.6311036858 15.533790149
4.93265221799 -12.7181931485 15.6773286061
5.13771757858 -12.21379 15.1262800819
5.11508379535 -12.4769231845 15.2725622438
4.33742403797 -12.8263395944 16.554642661
5.22421440378 -12.2982931162 15.1315394255
4.6069576002 -12.7374324516 15.9874744731
5.222219809 -12.767994861 15.5991367016
4.37934996674 -12.7773765138 16.3452678375
5.18377327136 -12.2580267245 15.1280826501
4.4733894711 -12.839239504 16.4294692743
5.35218038325 -12.6071957382 15.2902084317
4.85795162005 -12.8334440184 16.0311521177
5.27059947374 -12.7467253142 15.5285269421
5.17830641394 -12.5675951646 15.3240075844
4.84364075232 -12.7783860053 15.878076212
4.55097654775 -12.7554308797 16.0871675838
4.29596330874 -12.7936150854 16.5060413243
5.08530526506 -12.2727418068 15.1656452886
4.96794038061 -12.7364194442 15.6894142873
5.41869905909 -12.589545259 15.2475217386
4.50978181049 -12.7378567971 16.0892734924
5.08671537099 -12.1391850154 15.1185749252
5.18029259845 -12.7254999783 15.5372000903
5.0267188053 -12.2198094554 15.1653805749
5.09609971035 -12.7885085525 15.7238320722
4.81796577695 -12.7024379712 15.7310604509
5.368404089 -12.557365873 15.2369593104
4.98357502843 -12.6443103948 15.5207843676
4.79264774717 -12.7998476143 15.9787038366
5.36696115782 -12.7181635071 15.429449665
4.39899986274 -12.7493816843 16.2469229235
4.52431055189 -12.7331694166 16.0627232098
5.05055909171 -12.7890846986 15.7551156748
4.94585481275 -12.6417557134 15.5407841035
4.70484668082 -12.7693095638 15.9722278025
5.21323005441 -12.5921773583 15.3335131071
4.45364879108 -12.7893625153 16.2873530272
5.13598364887 -12.4485215839 15.242747272
4.95245988707 -12.2627972262 15.2142181304
4.52560195084 -12.7467139038 16.0929680906
4.49437845703 -12.7749637983 16.1996055551
5.29703110399 -12.3803251851 15.1459723167
4.47105847365 -12.7016198152 16.0536929208
5.30839516044 -12.4756512514 15.1964435972
5.37419172957 -12.6194067861 15.2943979748
4.64283744662 -12.7648434948 16.0185128365
5.20613877502 -12.7430890145 15.5562254396
5.26155403032 -12.7396530075 15.519663112
5.26715318084 -12.468708649 15.2061826925
5.01669448566 -12.1095215936 15.1320824489
4.82927178273 -12.6992581335 15.7164862117
4.97678774061 -12.2115859379 15.1814993733
5.05591807789 -12.7408380492 15.6406814821
4.94662192144 -12.3661345688 15.2736807211
5.05477665964 -12.2609494958 15.1717134136
4.50991683359 -12.7844480526 16.2084994112
4.94169814157 -12.7863187266 15.8239747596
5.08247558252 -12.5801787355 15.3838957918
4.35030641944 -12.7551561908 16.3245185382
5.13341605268 -12.6738197218 15.4772991833
5.02486883313 -12.7533177176 15.6871178327
4.64614863319 -12.7649980971 16.0157369077
4.45271608977 -12.7376545836 16.1535180842
5.19524538959 -12.771620359 15.622673281
5.12819951948 -12.3074085073 15.1658149325
4.99158193092 -12.5332936844 15.3832158059
4.96952246405 -12.4961427227 15.3600919804
5.37773849852 -12.5082822388 15.195572998
5.25779733736 -12.3140672218 15.1282437339
4.9696897774 -12.3861878298 15.2752299143
5.15453187945 -12.6100018171 15.3813557649
4.90598807157 -12.6508252717 15.580367839
4.99447106874 -12.6146751613 15.4738528175
4.46628762509 -12.7948221828 16.2885668989
5.22713866513 -12.7226813418 15.5066862565
5.01013043752 -12.212245883 15.168675821
4.72710215474 -12.7442499529 15.8920737872
5.36695770767 -12.6000795253 15.2771036896
4.78281527568 -12.81050362 16.0189993823
5.23616949501 -12.3056187464 15.1309982251
4.97198944986 -12.4534410825 15.3226689356
5.05673289861 -12.2644883127 15.1725003207
5.14531244088 -12.4670608432 15.2521355557
5.37720899548 -12.556116499 15.2327324633
4.58461831312 -12.7550544793 16.0514690554
5.12397919767 -12.4006577459 15.2164483463
4.51135087541 -12.7984451811 16.2478882505
4.82721112046 -12.7540335564 15.8315508066
4.83549307767 -12.8195628683 16.0031551711
4.79616889999 -12.846543121 16.1310914784
5.14559219884 -12.8060203069 15.7390533408
5.14500285579 -12.7376703352 15.5803063914
4.68671642937 -12.8044175514 16.0866270151
5.03577267132 -12.3107222449 15.2021369822
4.329253187 -12.8172805927 16.5345127573
5.15120644446 -12.3776473652 15.1927339508
4.81259676359 -12.7953538543 15.9491195617
4.84908316013 -12.2794660798 15.2736084761
5.07327882287 -12.5049043588 15.3147920681
5.02131836845 -12.2943559835 15.1999544463
4.83255896738 -12.8272401777 16.0308405705
4.46299147258 -12.7913160857 16.2820361857
5.07973990756 -12.2078587752 15.1423780043
5.33367123175 -12.6406608271 15.3353381969
5.05074264289 -12.2404795187 15.1647247062
5.13519311033 -12.2470610193 15.1387249119
5.05459834891 -12.2676815394 15.1746736722
4.91038048509 -12.3634777764 15.2904745173
4.51248471639 -12.7495680934 16.1141417987
4.94631473696 -12.1699911739 15.1779278572
5.22188845244 -12.6250341293 15.366717826
5.21565054359 -12.5239121781 15.2676135016
5.23318638822 -12.4380948 15.1984851957
5.21432012528 -12.3739206568 15.1686707788
5.01631605026 -12.7523971291 15.6907595539
4.4890383587 -12.726911734 16.0873380527
5.0394719726 -12.5870924903 15.4145784319
4.97235148475 -12.8177134713 15.8909217506
5.02091996073 -12.3403339837 15.2239756673
4.6348389425 -12.8500697604 16.2958749528
5.16061780003 -12.7579272668 15.6126683347
5.02807708738 -12.1450232446 15.138820436
4.9955740387 -12.8233254149 15.8916785419
5.28833972483 -12.5912395219 15.2998151715
5.1606419554 -12.659696472 15.4421929542
5.10410105852 -12.6415157413 15.4472188596
5.30407679058 -12.5148508455 15.2259600455
4.84530658947 -12.8335851008 16.04203331
4.60068543587 -12.7322062971 15.9818636831
5.14931141189 -12.4100889684 15.2122954817
4.99846269981 -12.1696812122 15.1574226382
4.83544719922 -12.7529361257 15.8225215054
4.99655673161 -12.2001293715 15.1692153196
5.12076690608 -12.6365629884 15.431693418
5.14870840431 -12.4856910246 15.264780274
4.94342282197 -12.165096034 15.177322012
5.27461202442 -12.3090115371 15.1216699937
5.12205933423 -12.4338062006 15.23842418
5.16049406675 -12.7417954494 15.5794714022
5.04577490819 -12.5109499523 15.3336391344
4.61450102467 -12.7239287678 15.9502023932
4.72908315916 -12.76877522 15.9492698589
4.67363854735 -12.7857263965 16.0446575883
4.90204808505 -12.3687440369 15.2983005287
4.48634569167 -12.742503712 16.1262492601
4.30683605165 -12.770469006 16.4245163969
4.78736540046 -12.7261932417 15.8022378563
4.38655154046 -12.7514621019 16.2678489892
5.08702352539 -12.71425273 15.5704742138
5.04441221293 -12.8283711034 15.8733329231
4.37868952045 -12.718409336 16.2008144823
5.38061664672 -12.6208605808 15.2934215045
5.31356077302 -12.6569879235 15.3645164538
4.98916805378 -12.8244212036 15.8998254803
4.97352800619 -12.153289892 15.1611688971
5.12235510257 -12.536438374 15.3198491466
4.96362507733 -12.2267506276 15.1932005664
5.03909455484 -12.7099981891 15.5920191448
5.02053761333 -12.519688687 15.3545780666
5.24369306629 -12.6909587598 15.4456815201
4.93565216361 -12.249330078 15.2154676399
4.53236409058 -12.7324620522 16.0524931413
4.54606174278 -12.8280724661 16.306312029
5.39613342769 -12.6583564255 15.3307449057
5.01442508862 -12.8157443116 15.8546396408
5.05318977913 -12.2503951155 15.1678728843
5.26909762889 -12.7595505744 15.5552289603
4.51476158507 -12.7911129924 16.2222838471
4.42651415497 -12.7520962287 16.219635454
4.90307823806 -12.8210180059 15.9536461762
4.52689778448 -12.7138831583 16.0176953643
5.09718531255 -12.1829704139 15.1284956858
5.13264936646 -12.1550045761 15.1099581188
5.00437870134 -12.4867513623 15.3333953775
4.98498893931 -12.4917313923 15.3478580368
4.67258439248 -12.8409698167 16.2233335404
5.28938862232 -12.6342438742 15.3469383911
5.0486819324 -12.0669992128 15.1111216434
4.57019692452 -12.8006284454 16.190743648
5.15582324274 -12.6306760865 15.4059297642
4.6017790805 -12.7554298254 16.0351398516
4.97364538834 -12.4397179028 15.3111414123
5.09782481036 -12.4165876707 15.2371187719
4.79652142928 -12.8423319132 16.114877357
4.9421376007 -12.2230229535 15.2008395714
4.84626527042 -12.8124984984 15.972098382
5.05368367709 -12.3629509011 15.2228086943
5.30419302594 -12.3596608157 15.1343899516
4.96486314411 -12.730236527 15.6789195194
4.26085434661 -12.8098997765 16.6086624573
4.99738503901 -12.5041349472 15.3523815955
5.08996780086 -12.4393972998 15.2559017806
4.36019563643 -12.8227123545 16.5111645742
4.74638500502 -12.761901965 15.9170803081
5.36939071158 -12.5830091988 15.2595748333
4.73294169732 -12.8381344662 16.1560067732
5.14601398639 -12.7102497773 15.5291802222
4.66280900182 -12.7808820545 16.0415747594
5.28800573812 -12.4278788109 15.1737362328
4.80370231973 -12.7499366842 15.8409138104
4.39447441642 -12.8108638307 16.4265766861
5.0893738664 -12.5266028528 15.3264460126
4.92399410494 -12.808152356 15.8979799412
4.49638117376 -12.8401828541 16.4062879978
5.02510552853 -12.1507268394 15.1416237182
4.80358771916 -12.7416143404 15.822277839
4.99496159856 -12.1363852295 15.1476484521
5.07471006756 -12.7675366922 15.6866889056
4.76317620229 -12.8081473208 16.0287896479
4.68478275911 -12.8172501862 16.1287988813
4.43562529143 -12.7157949633 16.1246575831
4.79063207487 -12.7356837989 15.819753135
4.68049441752 -12.7916207008 16.0548026393
5.29134398812 -12.5779510003 15.2853611455
5.04741323888 -12.3177082446 15.2009522874
5.01310057761 -12.7038018941 15.5972585865
4.60641521156 -12.7848328578 16.107491981
5.00561838684 -12.0909896227 15.1306054047
4.51763838 -12.7386786428 16.0826089628
4.37952651011 -12.8215838288 16.4818035524
4.29797692935 -12.7686940435 16.4323751319
4.98784230342 -12.562678438 15.4159395131
4.30800253018 -12.7927817166 16.4863477019
4.39514476706 -12.8152427679 16.4401549674
4.86502212525 -12.6840792364 15.6628250869
5.0938780901 -12.2083946663 15.1379663065
4.60825546218 -12.8235217569 16.2249284857
4.99605211706 -12.3104977118 15.2187183021
4.99027847978 -12.3830702782 15.2633109726
5.26593896549 -12.5727334187 15.2907902728
4.99422526679 -12.4766750702 15.330090003
5.06968031659 -12.3333050278 15.2000784857
4.86481401397 -12.2699798944 15.2602054943
4.97537054515 -12.2309712057 15.1900817012
4.94210964646 -12.1648887483 15.1777888995
4.67504873238 -12.7269515701 15.899975959
5.14297083951 -12.4993409531 15.278130806
5.13784263425 -12.5327098717 15.3092205892
5.35905314699 -12.4413383933 15.1592360589
5.22060645182 -12.5465969618 15.2853676258
5.12457450346 -12.600244021 15.3849789287
5.36816515692 -12.6533071691 15.3361286219
4.84181873253 -12.8313568015 16.0371831353
5.3108922624 -12.7181087116 15.4561008355
5.19359775756 -12.4811004099 15.2427400403
4.97122931499 -12.5162135622 15.3777695099
4.79724625957 -12.6979716961 15.7387715418
4.4553684541 -12.8028736561 16.3260400111
5.21588922891 -12.6788743982 15.4414547594
4.95323148546 -12.2809523502 15.2226851282
5.27256532926 -12.7256856389 15.4883554936
4.90773612418 -12.818065484 15.9406626779
5.40797517683 -12.6716951389 15.3429213775
5.27721257255 -12.3817669323 15.1526093147
5.14526557049 -12.4294211974 15.226093255
5.37781289683 -12.6780068514 15.3642242293
5.2545694506 -12.510322258 15.2410401293
5.23431174114 -12.7582194152 15.5713571557
4.97118627244 -12.5067497447 15.3688818491
4.64051114753 -12.7605382249 16.0099246621
4.70764248714 -12.8326193164 16.1595265649
5.22163792117 -12.4087437065 15.1850330887
4.99525472823 -12.5154496713 15.3639664581
4.95872484642 -12.2619862713 15.2110579199
4.84940406535 -12.8360035222 16.0471642268
4.75566187414 -12.8500405288 16.1805666287
4.96382263277 -12.6812169126 15.5902125478
5.14248606769 -12.7189119237 15.5465056402
5.10682054937 -12.5856401148 15.3774587596
4.59631486352 -12.8441741795 16.3121774695
5.14915120907 -12.2296316291 15.12824139
5.29339014352 -12.7051029443 15.4432939837
4.4715332786 -12.8104798511 16.3310890596
4.36896351834 -12.786003608 16.3832751511
5.10516270003 -12.8117750379 15.7812781935
4.42863119531 -12.8279791658 16.4420262045
5.06455434639 -12.1687482781 15.1342428665
4.31926444099 -12.8103797842 16.5254799244
4.32372288061 -12.8233455361 16.5630107302
5.16814200411 -12.4899420979 15.2598731825
5.39000532271 -12.5355981219 15.2116729824
5.29555082394 -12.660440476 15.3771922536
5.24228944829 -12.2604701401 15.112831208
4.93942407618 -12.8380142827 15.9827855751
4.89582708898 -12.8395338372 16.0222075883
4.57311477309 -12.7811751364 16.1313541476
4.91558857673 -12.7872652048 15.8458056388
5.03220558188 -12.1736861314 15.1466884058
5.06103755524 -12.1381514254 15.1260567847
4.55620814463 -12.7536432259 16.0772674152
4.84074428518 -12.6749394384 15.664883835
4.2931456238 -12.7976415 16.5223227808
4.9140769996 -12.7574992772 15.7734308144
5.10901873094 -12.5229473233 15.3137597849
4.84421494824 -12.6967028825 15.7005501936
4.31820687147 -12.8078281342 16.5186887228
4.59714508894 -12.8218138392 16.230535934
5.12388624531 -12.6343728587 15.4271796429
5.07215985961 -12.7505410279 15.6506754367
5.39014414317 -12.6904491837 15.3763262644
4.3094587814 -12.7974792674 16.498506102
4.64998309119 -12.8264436631 16.1931467282
5.21151744826 -12.2359917736 15.1128717299
4.75225539227 -12.8303355363 16.1107237715
5.08150661285 -12.1176003931 15.1142332963
4.99031659742 -12.3270742255 15.2300887931
5.27688778232 -12.941037251 16.9169169635
6.21427925505 -12.4465779064 15.0261414215
6.19929863201 -12.812774406 15.3011456146
5.97290212031 -12.4808200451 15.0529897446
6.00794613644 -12.4728475904 15.0467453999
5.71581547021 -12.1358201706 15.0333199125
6.07582215158 -12.635087986 15.1099178597