7.61869845345 -15.4862139155 -12.8498030468
3.6740513104 -14.9561232013 -10.2670735423
5.15422403378 -16.2332138811 -11.6685843225
4.04645368816 -16.7116741586 -12.9765099177
4.05792267425 -16.9442542095 -12.6872973391
3.78322572866 -16.7254061182 -12.8752721522
3.60123012604 -16.5714354589 -12.8277333691
3.96198725219 -16.7349550429 -12.9943617207
3.92538034821 -16.8104612728 -12.9473872346
3.6921886921 -16.9710374295 -12.5320188203
3.68921356839 -16.5894225375 -12.9396478559
3.86339269053 -16.6871514046 -12.9945541556
3.62335104283 -16.9215471461 -12.5004786557
3.9116490221 -16.7520917728 -12.9664762176
3.85277969888 -16.6881860575 -12.9947040322
3.62331987984 -16.6288612168 -12.8072537412
3.95108873368 -16.7433623244 -12.9826966282
3.70318030899 -16.7528377114 -12.7560564197
3.63303278804 -16.9340441809 -12.5105633192
3.79667020211 -16.7224452322 -12.8711049277
3.70378092321 -16.9735526675 -12.5167318121
3.62841801214 -16.5520475624 -12.8699994802
3.93256513659 -16.743808604 -12.9947176353
3.85501537916 -16.7393510578 -12.9478461527
3.93444637373 -16.7484706843 -12.9792982867
3.7050934281 -16.5454860582 -12.9255914334
3.92931957941 -16.7274625534 -12.983342879
3.97652566446 -16.8034769231 -12.9379861153
3.81162920142 -16.7171579259 -12.8631781193
3.78127778325 -16.7359364498 -12.8596380716
3.84536928221 -16.7384987565 -12.9379483834
3.88921063645 -16.7160807559 -12.9439238089
3.8440744143 -16.975674251 -12.6977887259
3.83836794772 -16.9790817512 -12.6818002667
3.78112805586 -16.9889858892 -12.5842173244
3.92348461552 -16.7501894381 -12.9944621355
3.80711175832 -16.6214769618 -12.9851784034
3.76657681705 -16.9874964569 -12.6018282223
3.65006108826 -16.7867315284 -12.689358338
3.76408354101 -16.7367573904 -12.8359074602
3.60073116317 -16.8578819588 -12.570275827
3.79844800352 -16.6169714472 -12.9828219027
3.80890590489 -16.9828461086 -12.6691183916
3.91854950798 -16.7535230482 -12.9932038475
3.90878340435 -16.7556616548 -12.9946323089
3.89465364949 -16.7032175315 -12.9917414327
3.72795925881 -16.7542829585 -12.8092466478
3.84576593313 -16.6843366088 -12.9947916666
3.89614885608 -16.7594121862 -12.9756427896
3.60298284745 -16.5571524705 -12.8239728305
3.81757164183 -16.7279435111 -12.8822438731
3.62827376885 -16.8056975651 -12.6504124387
3.63708792213 -16.6441639991 -12.8104651837
3.77177431418 -16.7267601161 -12.8770919709
3.90715306535 -16.7209395469 -12.9631480341
3.90975217174 -16.9338889882 -12.7991203051
3.89273532569 -16.7300244286 -12.9644477725
3.71397425796 -16.700187229 -12.8441940217
3.92844242207 -16.7509208096 -12.9899929328
3.60089938817 -16.5944008383 -12.8456236195
3.90981201492 -16.7803245011 -12.9677622992
3.79434972028 -16.6261869595 -12.9842463672
3.95920079335 -16.8724693416 -12.878896278
3.62958544948 -16.620048868 -12.7901486673
3.95759990166 -16.7345648852 -12.9947884819
3.65658166884 -16.6640755252 -12.8198986721
3.9178464169 -16.74145407 -12.9900648665
3.88175026606 -16.6647142158 -12.9947878157
3.65168200434 -16.666340764 -12.8256102852
3.60002499923 -16.5980321804 -12.8385828855
3.93158146339 -16.8528622275 -12.911138232
3.9325409181 -16.7494653443 -12.9821564168
3.69938859627 -16.7473624768 -12.7357901808
3.91687502478 -16.7449250549 -12.9922288087
3.72731152924 -16.9825580544 -12.5716958042
3.8876048901 -16.7468873545 -12.9837387709
3.6044499226 -16.5743518079 -12.8439879404
3.85860855717 -16.738316363 -12.9494276553
3.62476043675 -16.6212293117 -12.7970451168
3.92027874355 -16.749550771 -12.9947809494
3.60000026427 -16.8549507718 -12.5116889706
3.62467967664 -16.7950733035 -12.6039101533
3.69809524698 -16.7434419719 -12.7244078288
3.90990206694 -16.7464960877 -12.980633855
3.60000557999 -16.8704147898 -12.5706078947
3.63661783043 -16.6435625419 -12.8101836409
3.83696726304 -16.9779618681 -12.689019571
3.80433640292 -16.7272857103 -12.8750165422
3.79345118843 -16.7125988876 -12.854862751
3.70893966217 -16.6875080185 -12.8280901023
3.60360558148 -16.5977597578 -12.8113527631
3.95790399403 -16.7347444623 -12.9947735419
3.73756117714 -16.7405104605 -12.7990316009
3.64502503632 -16.7801483076 -12.6548942379
3.6760792741 -16.5702182273 -12.922374495
3.68679192262 -16.6898638401 -12.8381142061
3.9482340735 -16.7331182822 -12.99347663
3.90944331401 -16.7528912574 -12.9945703227
3.62380927322 -16.9165455629 -12.4734527718
3.60098253041 -16.8513527236 -12.5559863786
3.69005614736 -16.6906656303 -12.8380444849
3.94098007792 -16.8554758254 -12.9051452605
3.60955036827 -16.543321646 -12.8320017594
3.96270969554 -16.9078292841 -12.8247020402
3.7397708995 -16.7514963521 -12.8247517297
3.96254472903 -16.7353011273 -12.9941015342
3.65090348492 -16.7736802852 -12.6602509761
3.83981307269 -16.9777041253 -12.6890420505
3.87163399933 -16.7129746996 -12.9921035932
3.80389801786 -16.7398260594 -12.8958992606
3.81736493175 -16.9885782428 -12.6110667211
3.62244292374 -16.6094546489 -12.7868207776
3.94625095344 -16.7376175695 -12.9946555113
3.95394389422 -16.8972827757 -12.8464372819
3.90599709195 -16.9597179631 -12.7291038129
3.70831634545 -16.9777243681 -12.5567282911
3.77678143108 -16.7288758021 -12.8805093597
3.80623442147 -16.7363059324 -12.8950284144
3.88446565839 -16.7578770418 -12.9623746312
3.68101190018 -16.6729909438 -12.81861131
3.79196542025 -16.6155526948 -12.9813597369
3.80793166115 -16.9880060266 -12.6187914912
3.93820984352 -16.8012486977 -12.9498575657
3.75319780569 -16.9865141141 -12.5697464636
3.89002134008 -16.7288507041 -12.9610894432
3.89824224969 -16.9560069709 -12.7458954033
3.87295317826 -16.7341953131 -12.9055072716
3.60423312681 -16.844161262 -12.5911415864