0.299200541308 1.03958853335
1.11440841401 0.246527510404
1.09431448403 0.211945298429
1.07302670477 0.19254191522
1.00401677068 0.296866073218
1.05843675223 0.216626783667
0.281050201119 0.980079525564
1.09021700338 0.185671430265
1.07934917679 0.261453308937
1.11569773207 0.187771951228
0.193907305233 1.10044693591
1.0641672162 0.251016702054
1.09988119794 0.185623530919
0.978219666414 0.354747320185
1.03639237862 0.280476376293
1.05857300683 0.232849528889
0.976740008583 0.268830902474
1.1251246547 0.189657380747
0.975590317158 0.347816057494
0.275692442438 1.02343790563
0.178334114275 1.10769297677
1.10334471583 0.211535724701
0.994579166394 0.342061407842
0.220391354366 1.05690719735
0.979152881804 0.265564119692
0.978203727842 0.342108770137
1.11588108128 0.214533145527
1.13438692843 0.192581050261
1.05756861229 0.199819347061
1.13433485135 0.189594114692
1.09124549128 0.153616258005
1.04144444104 0.289611056436
1.08656922182 0.21658862593
0.329539756231 0.976527019837
0.172451669792 1.11883705407
1.11249284934 0.196674798088
1.01401982292 0.294870294924
1.08291888274 0.181926586777
1.04754087482 0.25008994428
1.00260352684 0.317321120073
1.08366103058 0.196214120319
0.177967267589 1.1280860224
0.494843486872 0.956525516403
0.28353209517 1.15134262488
0.516653404553 0.876400367754
0.524198236136 0.9035721609
0.485165845555 1.01993876742
0.815229332283 0.623116387225
0.882346947766 0.512421112876
1.19043401214 0.409183900174
0.646692209396 0.885391781364
0.942346533247 0.708836699439
0.91819215885 0.479135668149
0.549435382582 0.928975686209
0.581371226772 0.879278696001
0.670231111447 0.816483326068
0.920271254137 0.521282436735
1.12896024856 0.336593763304
0.951693352442 0.532977423686
0.603670128619 0.874688588846