0.860977221652 0.55418749675
0.835763787369 0.664203305657
0.670970739408 0.76442179798
0.857187253236 0.563112426207
0.846291318264 0.678152472994
0.859753439037 0.641039304821
0.464410416665 1.048055072
0.856551039799 0.676662117534
0.662752823249 0.808929209267
0.641697206621 0.850399620448
0.638659178896 1.14104521189
0.852412074764 0.88765486529
0.841995307161 0.961924472409
0.634552525236 1.14087080797
0.132688693088 2.52917847054
0.271727862818 2.41924014341
0.33748412902 2.94009928253
0.783765958087 2.05001335136
0.798229055626 1.70860743023
0.0757016945486 3.17417676806
0.968515210393 2.26536267765
0.477337915271 1.20007529226
0.661137351581 1.06285873893
0.864524775514 1.04837045066
0.443429575546 1.5817243238
0.631218938565 1.38912450603
0.45749241886 1.64115398514