0.360389571171 0.364240683382
0.0651471937849 0.654621033486
0.000440635110607 0.753941134469
0.0107452683209 0.720844956889
0.738773203155 0.00187867888696
0.0345644128265 0.686052642812
0.736129619797 0.00232975812232
0.732921872283 0.00379757275198
0.717307431092 0.0135052301911
0.00393234863106 0.738608307162
0.360438469826 0.364198251471
0.0555089497536 0.66408747673
0.0252983799734 0.697792953418
0.713728346566 0.0167685861319
0.00123876969279 0.747869699889
0.73165549957 0.00439945458955
0.0152016365726 0.713219922207
0.748565400015 0.0