0.419018074218 2.4664951103
0.0706764432247 3.27225048889
0.00622972841902 4.04425277398
0.905507505103 1.78520182559
0.693583806764 2.0027756916
0.906328442232 1.8926296535
0.405093947049 2.51172830983
0.332470639657 2.65398158515
0.00642168414532 4.2022137721
0.127624096441 3.09993146739
0.0170309717797 4.03607427435
0.0854819314989 3.33532949696
0.816160229596 1.92135638948
0.395428014578 2.22454973043
0.0122597251193 3.7660661216
0.249978712202 2.59309486596
0.0869798535787 3.13528690083
0.631844823241 2.3748746065
0.0415945984985 3.86320747466
0.21448387694 3.10198067424
0.312120169487 2.85908604583
0.080427104486 3.57930365046
0.016068115992 4.20822388954
0.0298661724919 3.99735834997
0.373114903806 2.73677325836
0.981170560463 2.1964831152
0.683787072139 1.80847778003
0.554219211692 1.94355215738
0.0920786529613 2.89992159252
0.34818080252 2.26018973006
0.0343410255207 3.33619383703
0.00984922311937 3.7347339514
0.0172426603237 3.53394877252
0.274606472598 2.39259462002
0.000569835378302 4.32309795349
0.0246579023055 3.82368214055
0.0862962050987 3.4658246114
0.237747019998 2.91882309939
0.299985651147 2.79702106755
0.93241571831 2.12993857502
0.608408435481 2.41558433443
0.132848472651 3.27644682782
0.726982542451 2.24546658754
0.262467099348 2.83118591412
0.120259915659 3.28697981577
0.000992867419293 4.29763315933
0.453256154603 2.43601863778
0.02781468021 3.9153140221
0.0827383482052 3.47514279251
0.920978769377 1.60722307384
0.0328335748584 3.63648667962
0.593520034076 2.09627160247
0.215870780472 2.8832976774
0.0112390733447 4.17699612155
0.311537234054 2.33052262637
0.00542201229132 3.80419260185
0.18099164975 2.72107889698
0.0213387633613 3.47539686927
0.904800156375 1.90549766064
0.0739457640835 3.15754805284
0.846321693692 1.95596318411
0.244247287992 2.86435332028
0.028545388684 3.7698683309
0.00375935365557 4.53171238125
0.460741365794 2.34157575118
0.572571786594 2.13145312207
0.971157602214 1.79008881116
0.597389681875 2.37953314438
0.00268740499647 4.4156251183
0.115250205771 3.31033396817
0.0594436664315 3.6342022825
0.259813413016 2.95681005475
0.00706303866154 3.94975402829
0.0353539763627 3.71865076975
0.426394605117 2.41025882573
0.0980006469736 3.41539090173
0.211895071109 2.98102136492
0.529310791955 2.30337880893
0.850283151947 2.00015505227
0.0647050541294 3.32120239377
0.735723791723 2.14262124064
0.00914187302273 3.99797971419
0.000190832613868 4.2057012007
0.0899240539704 3.21132679273
0.654145822393 1.85471728281
0.00159173140415 4.16649675914
0.220659502803 2.87335857747
0.0292878693597 3.76324765835
0.716729501689 2.14192208203
0.95825869941 2.02897838258
0.00706344734957 4.03290713818
0.0280510040059 3.79185381571
0.129356438866 3.16149138057
0.341317307576 2.56152537706
0.828168730476 2.02135115579
0.0761390298047 3.27251406012
0.00446862196339 4.01578761483
0.677644997508 2.15748492653
0.111078756431 3.19013867375
0.430517175243 2.52549743667
0.00105995736544 4.09070989207
0.410882187001 2.52597286553
0.736507241424 2.0490951971
0.0546456490992 3.56763746256
0.187492804787 3.044349969
0.996837696348 1.74598810561
0.139582398902 2.93057389898
0.296612143527 2.50306847896
0.0262727548732 3.49145722803
0.0746450819708 3.15263291418
0.756131971824 1.93723193053
0.00696866283412 4.04074060026
0.950567001664 1.78492117926
0.160063995433 2.61857506818
0.0238206761062 3.55940105874
0.0015680393158 4.13424840206
0.602629782509 2.10932555745
0.791336584307 2.22335751784
0.00508941993785 4.46041598347
0.205830656251 2.98027074131
0.0477991341649 3.85148100208
0.248492531611 2.86261856416
0.147372406443 3.20264596468
0.00907911460951 4.36099866901
0.0167657293262 3.88145494114
0.879812655695 1.84594199651
0.0742592240398 3.52681976849
0.40938311307 2.61659083656
0.00255200912683 4.43021567716
0.224731456087 2.99135941144
0.871826694137 1.82753013786
0.0178054108191 4.03679286255
0.108024014271 3.18514132199
0.548124520525 2.26121598823
0.221770681773 2.86325341523
0.0516388519336 3.65011871362
0.169868615081 3.00545690527
0.456680500103 2.41295950731
0.106752590476 3.12898591435
0.0109700745592 3.96978694962
0.789622212793 2.05429083763
0.0475003790703 3.57360513757
0.000302519044887 3.97185584336
0.0451188401122 3.33947971867
0.0110271225666 3.5936794612
0.19576476335 2.87351919085
0.64050063612 2.07410393191
0.343835552464 2.46884296323
0.029494290515 4.01968977819
0.213894952276 3.05779446132
0.0830260684239 3.58216168752
0.644301490054 2.20450252961
0.356214675776 2.70580896279
0.0185584815199 4.17916098054
0.00594451023058 4.45672561478
0.707508232062 2.16214212121
0.823950006551 2.10370503567
0.363693353022 2.64372166908
0.0775855597861 3.11001763799
0.0246637754629 3.67539297177
0.0010754804945 4.38823659273
0.614363741819 2.29370843727
0.965998101084 2.0046483441
0.101061077175 3.09586554958
0.00659381961237 3.82367940016
0.745385670485 2.19003310771
0.34893464337 2.6146522001
0.0209350480598 3.58320213321
0.232251735112 2.56684127327
0.098730270801 2.9790088149
0.463424033872 2.10935387719
0.00536930173883 3.8158981882
0.00059925490166 3.98465380626
0.847011754289 1.74602726037
0.153617797911 3.1354715467
0.276962389539 2.60828509422
0.0101178995091 4.01260134488
0.0277464409296 3.76578584296
0.109481513055 2.94241327323
0.564589560721 1.8661087584
0.0307057419107 3.49638683201
0.0101059993036 3.69040458514
0.00174280763925 3.88818245134
0.251637715623 2.52976416206