104.501066315 -104.682678826
15.5563891219 -13.8448605972
23.0719054704 -22.942872553
13.4055762647 -10.0794649776
10.3792814679 -0.165039913365
215.635523314 -215.226886638
201.57405376 -201.607370248
218.986252136 -216.366130724
11.4022644986 -5.24030372973
10.3159379168 -0.49212009139
112.156539067 -112.392221312
18.113822829 -17.4550714985
52.0593340168 -52.2444122641
13.6786617293 -10.5205592763
11.3890251008 -5.04177092084
217.484278036 -216.073479303
211.284188135 -211.468873564
223.111619203 -217.265580799
220.856567696 -217.421144607
22.5544306015 -22.7330676293
213.955177415 -214.044537948
98.1989362937 -98.3552556093
187.985552431 -187.707428699
10.4278347627 -1.29105298291
222.659407208 -217.594069212
11.9320386635 -6.76094711707
216.791822356 -215.932052283
14.6868409558 -12.3681855052
108.391754373 -108.640586423
20.5011904481 -20.3460240695
203.54968927 -203.646644924
11.6447618093 -5.97516375957
16.3877978454 -14.8730766106
213.810171617 -213.858705291
10.3263104738 -0.609673400915
217.496135751 -216.185318866
221.498561417 -217.137690296
113.209398373 -113.457994929
15.9616319037 -14.5088107611
11.8828526672 -6.15608406029
22.8955680245 -22.7746374873
10.1412074474 2.46539251147
210.440028739 -210.677884679
218.609827219 -216.818834931
221.258884968 -217.417054861
214.880439028 -214.777613055
224.40494707 -217.572531365
24.5807958479 -24.798846415
84.7805805838 -84.9589167362
218.549485686 -216.676465542
214.217014398 -214.093934145
14.5190621856 -12.0594386114
10.5608999245 -1.38013083914
154.559229616 -154.670447035
10.8501220725 -3.04548021459
216.844206142 -216.03054073
10.5121654941 -1.51587227255
115.815193346 -116.055506985
67.1751531029 -67.4251075148
10.9637973272 -3.68478973634
16.6715532527 -15.5414735393
13.2647110364 -9.14793340727
219.442693562 -216.998677303
216.831830588 -215.989464587
213.496948022 -213.650100787
10.2682966901 -0.190954018535
37.9673762746 -38.1987742855
115.608633335 -115.855336609
17.4644422722 -16.4572202933
12.7407265688 -8.64174447087
218.618667662 -216.824009685
11.3094087451 -3.95886546512
215.305352878 -215.085047345
110.496850005 -110.745345027
10.5227367882 -1.47480219113
11.2577492489 -4.49404147176
24.7836033752 -25.0303287864
217.788844057 -216.318784539
14.7967052996 -12.6263058926
220.810980596 -217.485130499
214.40854719 -214.428397375
195.634992254 -195.560987625
112.94462597 -113.177200521
19.1789169664 -18.6166717782
22.6238717081 -22.7201241126
10.331549373 0.695794428957
13.4445059512 -10.2081783397
217.165366142 -216.182101381
11.6617130146 -5.98845324311
223.540749535 -217.485268443
207.138107049 -207.130974067
114.696191302 -114.940230742
218.756958737 -216.666606307
10.5863881372 0.667627664763
197.867332602 -197.663449784
214.93043596 -214.548381747
23.4065885086 -23.5972708084
15.6863181211 -13.8147826996
11.6683255269 -4.48294599464
220.992282123 -217.106508014
219.948546452 -216.964895644
179.963890594 -180.160482794
13.816499391 -10.7356089539
100.931733176 -101.175524699
18.4439764638 -17.942953955
218.581317278 -216.498098179
212.745134491 -212.506003502
11.750664804 -6.27960559787
10.568817256 -1.9833713045
222.939233761 -217.707023045
177.546034166 -177.724097131
112.300108612 -112.549924257
214.867712254 -214.757004172
215.690759843 -215.234205391
11.9950263911 -4.46624728004
220.034520603 -217.188655962
12.5091194408 -7.67979015181
28.749089746 -28.7703012226
15.3383241671 -13.441589221
13.0890811118 -9.42490044087
20.0641947253 -19.8740906272
214.901406577 -214.821495918
216.324818871 -215.770195603
104.100931161 -104.322184454
217.331134894 -216.188002099
10.8753633557 -2.8981175152
223.927139867 -217.648139448
168.193226159 -168.424094755
106.933631295 -107.181808544
18.658091752 -18.2167552266
10.6650214727 -1.45625614845
218.764970542 -216.811837434
211.979936684 -212.213987694
222.849013061 -217.671184542
12.7465252195 -8.5536661093
19.3378752696 -18.6038062887
216.789628525 -215.886347667
109.773314849 -110.005216887
24.1642733621 -24.4112940273
12.6233381596 -7.23502879108
218.517852559 -216.763941725
14.7903984834 -12.3429057387
10.4196345575 5.29911537779
214.910278784 -214.784504134
10.5380830408 -1.01320478081
113.431190098 -113.672050758
11.2470617262 -4.5410235184
17.5795679934 -16.7876111877
220.252677942 -217.399100788
12.5613748911 -8.28637269323
215.723162656 -215.329649058
220.677603297 -217.478672275
40.3812935012 -40.4830584834
10.3697233944 -0.458831325151
37.007619124 -37.1872016307
19.4869915771 -19.1727811944
109.679436909 -109.868674191
12.7163769087 -8.62235042089
10.8535360354 -3.35313355693
218.869936677 -216.833395893
216.717116833 -215.913463231
211.970503663 -212.125934527
107.974254908 -108.215189079
191.856657871 -192.088847072
11.5508625841 -5.24970958611
24.811011686 -25.0589073402
14.3721465739 -11.6324743062
216.689222158 -215.921123316
218.58780204 -216.899896271
222.219240293 -217.711501368
119.863684582 -120.095234955
14.9442540652 -12.7822168717
10.3947395189 -1.09433369564
219.913161974 -217.23388645
11.4207165421 -5.34533741049
214.155444451 -214.229475292
217.10566601 -216.143597408
19.1463795378 -18.5557550834
195.667354453 -195.908636516
104.421186526 -104.670218419
11.6777948294 -6.0837292702
10.4458820595 -1.30426579585
17.0623347654 -15.9259629431
13.9070423776 -11.0839807625
200.272873214 -200.407185066
217.367504707 -216.32823167
222.370441348 -217.558623887
213.085437165 -213.293911117
108.00866998 -108.248085427
17.0777394015 -15.8226359745
220.732810554 -217.433980298
10.5531357364 -1.87705645172
12.4757614786 -7.94023824346
30.7712578749 -30.9338758023
208.279726012 -208.527078842
217.154657735 -216.225315381
109.923703662 -110.16646563
20.1568619829 -20.0019139555
11.4191322025 -5.36205249153
15.5102106828 -13.6399006017
10.9127020118 -2.29085943389
197.232444627 -197.482221606
216.312421407 -215.724917208
222.262675568 -217.175508832
218.292127493 -216.659572191
10.6547345141 -2.46947555539
43.2598082149 -42.7346150069
108.542011506 -108.785010463
13.8598466852 -10.9765065354
16.3324983926 -14.8680905803
10.503133675 -1.17351657443
219.733777195 -217.101487026
213.238083591 -213.285571195
218.025186916 -216.578024977
223.211009454 -217.68402505
166.992053428 -167.107744793
106.277160004 -106.469435896
216.914038964 -216.125235117
212.193866611 -212.442835998
219.082797118 -216.972988976
11.8540607763 -5.98683987314
23.6245198155 -23.8414161211
11.5065775687 -3.73359213863
17.9706303881 -17.3297775017
10.8299587019 -3.21761998979
44.1463306321 -44.3083565962
17.012243579 -15.9953701501
118.744558477 -118.976577268
12.5469148593 -8.30946317033
222.265859858 -217.714159914
214.259317794 -214.107434437
217.51805147 -216.266292798
10.4542935875 0.19701880702
221.195546883 -217.226359551
104.622171927 -104.871015627
13.7633322272 -10.730212412
10.1490518504 1.39253873944
217.308329893 -216.265187086
21.5169766319 -21.5349485927
212.114141478 -212.232414779
186.442801777 -186.556388279
11.0703947313 -4.17960965013
108.509009375 -108.758942053
15.9084360794 -14.3329028404
215.983777913 -215.462824999
220.297635173 -217.272867057
208.412969879 -208.660356788
221.484572809 -217.582126012
25.9642954267 -26.2103942945
10.5744621863 -1.8002213971
12.5265645942 -8.2614235884
10.8277687728 -1.91216358412
36.4053383303 -36.6512846118
11.2431915303 -3.59178138946
17.6743368882 -16.6870232796
110.288761886 -110.531171775
13.591322517 -10.3936571021
216.840898674 -216.040756348
225.301699282 -217.461515202
10.5123608465 -1.48508777393
42.7374615974 -42.9063399009
106.996687661 -107.242221673
17.2035426809 -16.3027785642
10.7226325997 -2.6970172454
12.8495192823 -8.75240174642
220.213349852 -217.167745856
216.896882072 -215.757656781
212.003090065 -212.251798645