-177.719290001 56.3161435367
-83.8170999323 36.068862058
-27.0541527777 29.4178654283
-213.707674675 86.2860343027
-183.887701139 59.2580388345
-194.406102938 67.4195467831
-196.851975659 55.1144244791
-201.400755508 57.5242728559
-203.424155473 63.6869322921
-23.4058569723 27.4704946286
-184.719483349 51.6150777838
-7.07340446529 26.1769161777
-8.76915728409 27.2327298795
-66.1743860535 30.9188354178
-203.742746188 69.5103849144
-43.9917241669 29.4219355962
-191.802980215 66.045830375
-181.229452553 58.3967657007
-24.5024308013 26.5601141501
-199.977859144 78.6888893697
-176.461930277 55.8104316595
-45.9655288554 29.3182834146
11.9041440635 28.4200209343
-217.46169603 86.5444110674
-159.576747797 50.1337546035
-210.234307198 68.8512795608
-18.5198546154 25.5839879142
-152.69129091 49.9830578718
-194.953450125 59.0395807422
-23.360630981 26.6609559878
-207.826116479 58.1602170265
-61.5113266605 30.7095335079
-46.7787774055 28.5049046004
-199.591238917 53.2505392564
-57.5397393894 29.815240277
-167.389823162 47.592969377
-32.3303262068 28.5956510896
-42.0242915496 28.057837438
-62.6612532252 29.3100712624
-192.435731883 53.3071256413
-210.436707477 74.4359067341
-56.5719851487 27.8617003454
-38.8291538718 26.6763101471
-191.084653711 52.7100484857
-200.819399864 68.7219884038
-5.98837620065 27.015772907
-201.675383091 64.609909562
-168.483727177 51.1672649328
-195.626993523 60.8269202309
-206.90772767 75.2952478525
-200.774260093 65.7272708285
-194.860079648 62.5610471179
-68.2828732978 29.4385431043
-172.811739712 53.4770281983
-215.859308612 60.4436696776
-76.4829229513 31.6907294367
-1.30508607779 26.5511711038
-184.048130666 51.3153417058
-208.868132724 64.8591541956
-183.173403619 51.7356049
-205.40668216 59.8781847036
-9.36916992738 26.6035646737
-21.7607284669 27.8538096067
-23.9848315113 28.1123103694
-200.389413298 52.7749090931
-206.844079329 57.4126319636
-7.84659366291 27.2722229714
-43.500205826 30.3182465555
-202.1935786 58.1445925542
-161.244721783 47.8263001025
-13.3074176247 24.1997539272
-15.8587928293 24.4083036433
-172.780589757 49.8092351441
-195.675091173 55.6315785085
-198.801101004 54.9383069433
-11.6569075718 24.4486195147
-217.970445386 71.1853074102
-212.643057835 64.8781723448
-191.565607848 53.1623305402
-14.2070439321 24.8797598861
-219.277043727 65.6796088381
-207.457056839 57.9899304745
-82.5526405051 31.1706416623
-35.4134184351 29.2343401091
-211.610564019 57.0920462954
-184.088125457 55.2421941084
-16.6883999551 25.6417912725
-189.851442761 59.407343223
-7.46065221412 25.2738982522
-208.997785347 57.4181544759
-203.257949291 55.7651657268
-196.119118889 54.6295198687
-211.174440514 58.9160042114
-210.934130118 58.2061246222
-18.3533048909 27.013134576
-63.1237572752 26.5881743677
-79.2437620978 29.8210477119
-80.4034665691 30.0308280145
-219.339534055 72.827583827
-52.763917616 26.679314868
-194.762514473 64.7092048455
-204.625538126 54.3132700119
-63.5754174118 29.1391988058
-208.512818335 59.9568118105
-60.9630256821 27.8108725272
-208.552971207 54.1993290463
-61.1055918372 27.6209755453
-53.2778077457 27.0198630655
-209.080444386 54.441229026
-47.2459483273 26.3062949032
-212.892843577 57.3656310985
-38.2314282618 26.3848170449
-45.9301824681 26.6562758536
-46.1730617555 26.3507833535
-213.907910267 59.5275752674
-33.8225566708 25.9569958891
-213.229833922 60.1902508351
-35.7201963742 26.3693007195
-213.536999327 60.4318272881
-42.67039035 27.5062058417
-178.579091149 52.150117506
-31.6660046592 26.0642023379
-22.3866312914 25.7020218957
-19.313187316 24.3318935057
-18.9020723477 26.1374777055
-209.17546219 50.2821657778
-214.176811114 56.9037259766
-68.4734420828 29.0283863414
-29.4695233688 25.7879675468
-16.4511098029 25.8377944217
-27.7027924745 25.1337996494
-202.345254745 51.5181780805
-198.550128893 49.2185514898
-199.368525199 50.4318756003
-217.737360862 58.9337765059
-79.7107694176 28.4450227184
-48.1186292112 26.4716028676
-211.24709225 56.8834689765
-181.326763234 53.7691463537
-2.21980003162 28.5084874571
-26.7592461129 31.6132587577