0.979542468553 0.00265169989499
0.0212193011097 0.968567211601
0.97375558374 0.00951507976411
0.977650697243 0.00435399919299
0.00546896361463 0.983766852043
0.981635150855 4.97420576213e-05
0.978729855467 0.00150733041305
0.980261505187 0.000368232934447
0.976722466298 0.00414816811189
0.00591977326156 0.975449120369
0.000143904555744 0.982481383166
0.0015912291726 0.979095298422
0.980015141769 0.00112601355063
0.00276247713628 0.979010366481
0.975456214658 0.00769351603172
0.0129746842179 0.971534808437
0.981770683318 4.24994954892e-05
0.00233572785123 0.980674845022
0.97981686926 0.00132620050429
0.00213354007234 0.978040765555
0.00744027250416 0.9744528658
0.976527972857 0.0042772914576
0.98162054716 0.000680753954818
0.0007779628912 0.979972908838
0.0010649575695 0.97947484923
0.00016692262092 0.982559566619
0.980475179933 0.000535354755125
0.000460952996377 0.98298540012
0.0180691416878 0.969504211137
0.97596602446 0.00531753312413
0.981002133212 0.000507505783262
0.000393919564021 0.982738494953
0.00141479635737 0.980851468096
0.98185564158 0.000419845048198
0.977520779408 0.00323043168777
0.981741683215 0.000124575277503
0.000386216812004 0.980886540692
0.975988134497 0.00525352287338
0.977646499603 0.00365173551904
0.00197870831706 0.978588428843
0.00391875427154 0.97658973591
0.00301543730114 0.977593040772
0.00159449135413 0.979030288827
0.978650735997 0.00167183467211
0.980618511291 0.000641566077995
0.971157759981 0.0136302655249
0.980655166527 0.000273746375566
0.97686137997 0.00392539473427
0.000449898687223 0.982674568722
0.00262633834754 0.978151937737
0.980734148509 0.000564511207698
0.00839931669883 0.973962497361
0.981030212313 0.00017950965501
0.000744283449658 0.981156607959
0.975292012073 0.00638632824153
0.981236175602 0.000501085695405
0.97892778385 0.00240154560135
0.0201279709794 0.968342938984
0.00015086328616 0.981029852361
0.00148201317115 0.979221198918
0.982169347866 0.000905502037125
0.979493883922 0.00160436256497
0.00672336244504 0.975477647142
0.970012808852 0.0175049325679
0.981548297226 0.00050139722295
0.981225434966 0.00174231199088
0.975818163615 0.00589199506128
0.00211034383244 0.978387239663
0.977309280495 0.00399568218756
0.00113680049019 0.981405124058
0.97876477298 0.00295856040107
0.0100466438615 0.973488960932
0.975210097371 0.00620621080841
0.00311705433081 0.978122422323
0.981987145826 0.000106094757232
0.979634005429 0.00174527813697
0.00110409435943 0.980522217178
0.0139426413651 0.971208223433
0.982346749042 0.000575127109329
0.978100621975 0.00258313798813
0.980458541811 0.000994630667238
0.980468082968 0.000985210555656
0.00101560253116 0.98139818717
0.0115612678742 0.972504654433
0.00364458020241 0.978223471743
0.981011794452 0.000292348538345
0.975701338176 0.00520560765491
0.977933992698 0.00252445375444
0.00744935923757 0.974589707441
0.982057743595 3.20867752779e-05
0.00276145381687 0.977685876534
0.000706615203998 0.980737716977
0.00107248387287 0.979839450299
0.000604251988747 0.980309302863
0.978905697625 0.00173846887826
0.980303354562 0.00146615683734
0.00393917648791 0.978149594333
0.00555498010874 0.977075891683
0.0142896800037 0.970841628392
0.00434591988499 0.977932974655
0.00462883682939 0.980896820963
0.981184599871 0.00147576431746
0.972426227087 0.0121873649961
0.000152907751148 0.980790483306
0.00159481471896 0.97909580585
0.971999366367 0.0151444980616
0.983066724624 0.000723566244535
0.980546188081 0.00278642581501
0.00179768540112 0.978554555204
0.976799598333 0.00524974251674
0.00568246694054 0.975840039669
0.9814079072 0.00249320565451
0.984378676043 0.00164961377785
0.981154172916 0.000952932037595
0.978972993733 0.00154376271858
0.00654832882757 0.974957621924
0.000885554836252 0.979513185895
0.000361115263027 0.982725856956
0.976079415643 0.00595676345402
0.00115586046063 0.979162864045
0.00342765294618 0.977283285744
0.00134969258117 0.979037935078
0.000336854290554 0.981650593983
0.976070426064 0.00468545574665
0.981428814981 0.000549675839303
0.00265124934706 0.977840937128
9.02210891305e-05 0.981014951142
0.980245132608 0.000389162379152
0.000197739277372 0.980746416613
0.978023790019 0.00217581400559
0.00105713601216 0.979533799955
0.976245216211 0.0046752731072
0.000182368060728 0.980742482565
0.97991681531 0.00207237915116
0.000344974864171 0.981564272989
0.00734483155794 0.974478487104
0.974238076702 0.00839977222785
0.979085427801 0.00164297257559
0.000488675303713 0.981613172892
0.00277679103907 0.977461505633
0.0052922484751 0.976271659278
0.976836530614 0.00383201111866
0.972668561245 0.0110965380425
0.97520742467 0.0061719469744
0.980482361214 0.00063763909076
0.0103713345901 0.97301974401
0.00114176808431 0.980373293985
0.00342926096348 0.97710584149
0.000328668401715 0.981763734219
0.970910674895 0.0142227329833
0.000440526023483 0.98129750419
0.00249419049218 0.978732229145
0.0076538182661 0.974361861785
0.98202610016 0.00123852622034
0.97670177619 0.00514704179406
0.981543100161 7.06955697494e-06
0.977013641789 0.00333651194067
0.981217511208 0.000103832470635
0.0109996313307 0.972840539129
0.0023189231641 0.978003731182
0.0011332082872 0.983041010593
8.42699678391e-05 0.98219193807
0.972233103868 0.0121113574066
0.00341551295963 0.977384822271
0.000333755896155 0.982070071467
0.982054974225 0.00137126629529
0.97429035913 0.00921969995217
0.00170774135235 0.978766063489
0.00469788515885 0.976301030364
0.980003810211 0.00184160034062
0.977960865662 0.00335870762042
0.000321674980295 0.982954455073
0.00582406506304 0.975382812518
0.000860621102532 0.979875711259
0.00333827187422 0.978020133409
0.000679776663653 0.981472837928
0.979209458702 0.00115758881505
0.974948621757 0.00735391342924
0.980903249355 0.000493249553793
0.979240098814 0.00101058149369
0.000785478076323 0.982255699085
0.000534279138991 0.982517450354
0.971624074155 0.0136913873804
0.0281475377187 0.965642560958