0.0131719433842 2.73607100156
0.0573665215885 2.44922145741
0.00296295168668 3.08703085247
0.443741726117 1.64942912416
0.303027931317 1.87005216277
0.231570351413 1.85224895359
0.064809940231 2.27111066755
0.16347215544 1.97078543526
0.00271931382631 2.76560670363
0.000401880455225 2.82318868448
0.139644740623 2.04418994194
0.0159728613025 2.58102167056
0.00463696705062 2.91705915683
0.186917053356 1.83363264551
0.0442857771968 2.37935619467
0.0202079186866 2.65815922239
0.808852454555 1.26630053954
0.410473670367 1.70169265093
0.0129053636447 2.82097184964
0.0658174614512 2.27046510038
0.130876310371 2.11363994252
0.00634790167256 3.01595616511
0.0267209361465 2.60960987586
0.012918675168 2.66042192412
0.231910205437 1.82148671205
0.137190502073 1.98056443832
0.0352216386162 2.32635281156
0.0243138689938 2.41100308689
0.0790583926604 2.1288613112
0.213001312428 1.84357084556
0.0160991182177 2.53130894832
0.00974539190845 2.71281246176
0.151475942491 2.02367282028
0.222018051075 1.85453419236
0.00127975014979 3.08803477683
0.0132856276828 2.85082893114
0.523991356689 1.65781244169
0.0109653086016 2.8763899922
0.261277560617 1.96597671157
0.00561506135252 2.78934926462
0.0523625453822 2.3247695799
0.0168309424615 2.65103282919
0.57269926601 1.62623468459
0.382615783006 1.83277484626
0.0737919456523 2.29116770269
0.0238417914226 2.70797945801
0.305974431144 1.89545698385
0.00140429289227 3.10955103809
0.0377523855325 2.55642120232
0.0514528762617 2.42886615288
0.415320673832 1.77895366078
0.0340548166646 2.49716802666
0.00422227208859 3.06154096966
0.0206761384255 2.67444809395
0.00760814975663 2.63154662022
0.000969474857495 2.87204857716
0.324278543482 1.7755412611
0.0227105219386 2.52379448352
0.303137764363 1.85934814464
0.0637287790671 2.36973487523
0.435054719885 1.76466853288
0.316209248737 1.59672346524
0.0702799665473 2.00109961138
0.0184538200007 2.36244877542
0.00507107695453 2.72046121534
0.197675579867 1.76607673248
0.0105440532048 2.71434999754
0.000323956500684 2.89448355736
0.0478487279835 2.42670739853
0.00219712700656 2.84783837812
0.100078879174 2.14099694737
0.163074545467 2.08758296865
0.00573247855946 2.77628625918
0.067541557389 2.38107913063
0.0702632975667 2.36915726608
0.292355492148 1.87033676352
0.00155252902466 2.95634936778
0.405640936912 1.76338434275
0.0282034130385 2.66104718267
0.103557938207 2.22165911964
0.10982620544 2.19825828252
0.00300483681748 2.8808762889
0.0107596694824 2.77572296038
0.204905096586 2.01805373779
0.00294587915158 2.7351717474
0.00918805291893 2.59971391219
0.0745720042328 2.23387081407
0.280676292625 1.85307742112
0.212154245858 1.93368192034
0.05487947704 2.52811467925
0.0384622349465 2.6435655465
0.000571914618615 3.16570435707
0.422017822492 1.55921257959
0.266790607478 1.96235214429
0.323603120024 1.70798388948
0.0501579623644 2.34793212895
0.00318585762624 3.02913914177
0.0241137536333 2.60003873422
0.698768256851 1.4322992494
0.0115436991648 2.6843757408
0.120597835481 2.14085139074
0.628373392581 1.484417885
0.00383593442077 2.9239146686
0.0703625789691 1.98580512235
0.0130266891621 2.47845461819
0.301416673894 1.74276360742
0.0422734754942 2.16292364751
0.543581975709 1.47144330733
0.0966917563657 2.23029134513
0.00283831218983 3.0931707313
0.288618957874 1.74812356998
0.0125600017081 2.76366098706
0.0249930824941 2.5482807693
0.482060172678 1.55089672359
0.00562738046603 2.69500407002
0.0403300545582 2.41939881896
0.123847173104 2.09736256018
0.165734629147 2.05290460206
0.0304846501057 2.63311299478
0.391156857975 1.85066188623
0.00591136806258 2.88847868089
0.191115587764 2.06629728658
0.322805800977 1.90758211043
0.148863973727 2.18698859074
0.0789539199718 2.05467229304
0.00327459973374 2.52416569379
0.0108240235214 2.38170449488
0.165594620751 1.80317481959
0.314095465853 1.62253105855
0.00138592326032 2.87743689219
0.547610108228 1.60464050324
0.0145398574941 2.61412746545
0.0504429267655 2.32199326886
0.245866365511 1.80966682501
0.244018533529 1.68125756724
0.0250257649745 2.40453167107
0.0315444574515 2.33081655819
0.0348686560138 2.31077955601
0.0869678372692 2.09839936669
0.0142984339192 2.62708744471
0.00420858790625 2.87678646327
0.500950503886 1.5370436932
0.150024931473 1.98803037051
0.032669735878 2.40643653058
0.020734467478 2.46593023418
0.00213137270642 3.12285494163
0.00751235159502 2.69016931172
0.0838956316074 2.23430363909
0.286165546799 1.8935774058
0.0540066721405 2.37340818835
0.385755213447 1.4828750522
0.00181629303905 2.89215341182
0.0675431190748 1.9610882472
0.15338893877 1.79524900765
0.0270470127556 2.14925419868
0.0124710278511 2.37015718359
0.353941639099 1.50493916243
0.0745613434813 2.34311212162
0.0505090764977 2.4547283087
0.00514533764349 2.86521017377
0.221055615857 2.10488235102
0.274735755111 2.07124377728
0.0247113111353 2.64042580292
0.287941539998 1.98965591027
0.038385316894 2.48060744385
0.00355250521129 2.82011891957
0.498476195475 1.94569120537
0.170220011386 2.23768279803