9.22252800912 28.6636651732
-202.314350807 53.9761322797
-200.646009092 53.4819005335
-204.520189743 56.6728492253
-185.735762922 50.6619474869
-176.766589592 49.6097472126
-56.3181112294 28.6899948991
-190.720950867 55.2193524673
-164.436881243 48.5805279061
-195.42756034 61.6871717017
-50.0005843866 28.7353867944
-55.7227212038 29.7686125828
-198.276416621 59.766727392
-178.476865063 52.9132293625
-209.53777349 66.6271872925
-181.137853762 54.3371915052
-151.779320004 48.7087566633
-10.4082589234 28.1192517069
-40.5355385216 31.0370474721
-200.197534801 61.1069942022
-196.093443265 53.1669278121
-187.629552437 50.3546774704
9.20541474329 27.7708016409
-8.24222278648 29.3904060644
-4.6319493008 28.4803082762
-75.1107368264 32.8330352571
-60.2064670446 30.6901961493
-215.954334545 59.8862186337
-211.942289224 54.7481816357
-51.231750602 31.3711942251
-69.4996159937 31.4472618518
-11.1388964139 24.8923427939
-206.937918851 59.6859890585
-196.624784186 52.934770495
-186.138323608 51.1737280551
-67.0879869295 30.5320745638
-201.687510764 54.8015329945
-23.4461243077 29.7721031869
-208.840861885 64.1210289301
-209.713814126 57.2155683994
-1.3511962749 28.7323446478
-44.845804571 30.0792637147
-215.371859727 67.671246949
-8.58602368365 29.1259378523
15.7797294556 29.5856839104
-211.475053017 55.7808112759
-82.3277384735 35.5923781558
-19.1154596663 27.51499242
-180.209605557 53.6787960783
-213.235856843 61.3860470597
-76.321006562 32.9329201004
2.23988484931 27.7312099782
-191.534364677 53.7684112192
-198.729086582 55.0421739315
-203.867734505 57.819030135
-34.0918633029 32.3915926634
-36.1482543868 28.7581780159
-196.329435057 54.765522498
-201.95371349 57.9278391033
-204.965163168 61.9702851526
-59.8432431686 29.1990116208
-211.491573588 62.382239922
-201.617583863 56.9046736877
-46.2049783431 28.5003298287
-214.590056055 68.7814122227
-53.6416103061 28.7414245424
-60.5911847182 30.1557633616
-199.957754069 54.8355918309
-208.179356126 57.6258139915
-4.35309364132 27.6389809726
-49.8055594687 31.4775402842
-200.136487001 53.0428418088
-206.133195985 56.9155090454
-188.003342925 50.1055624422
-51.3551652773 26.041838685
-209.886960641 57.1987995931
-60.5389140695 27.1697230708
-198.268299529 53.9718377973
-71.4763687025 27.792620611
-43.3542645393 27.5049139251
-211.968696738 70.276036685
-198.825369612 54.5331963651
-75.4361030573 29.9731230325
-62.2285814178 28.4981683051
6.64680893634 27.7930545918
-205.487301973 55.9829340274
-22.8855307725 30.9725045832
-199.468687792 54.3953958244
-208.007137226 60.4893034734
-71.380689989 30.638287476
-214.416718626 58.3357691126
-47.0779875266 29.8175947717
-6.82150547448 27.7302708022
-200.922355124 51.7702213138
-214.99755931 55.7487896618
-41.762834045 30.8030047105
7.49290841708 26.6405065025
-193.078052587 52.5431107409
-205.159873062 55.8394798744
-36.2657917589 30.7656197485
-211.715149849 53.8556217324
-22.3856043451 27.9556837758
-214.886800518 58.6454791515
-206.241655718 71.3413457793
-194.814567283 58.6874896243
-60.0553489734 27.4717666783
-191.83851527 57.7740958792
-77.6191474411 28.2586100612
-202.721466619 57.0235646711
-210.405827312 66.3578822724
-51.8958237492 27.7444885531
-53.3336240616 28.2771964566
-214.582081719 73.048954739
-195.142038501 61.3565550655
-208.6418858 67.5878302397
-147.022664774 49.4012833285
-208.122455183 67.0804115652
-23.1870722025 28.6541547182
-199.345805433 53.359733262
7.03818658689 26.9307943555
-10.9744761896 25.5118909954
-196.816235124 48.8960945727
-17.4212851539 25.915791594
-204.09145577 58.6590139364