0.00924734740305 62.9850535539
0.0481188806237 21.3163937396
0.0314627646709 24.2142761933
0.0105709400418 16.2175755978
0.0108685140619 16.2143030002
0.0102465847626 16.3653835231
0.0102750893505 16.3164738793
0.0103500369901 16.2776465085
0.0106222252219 16.2175413398
0.0105401157862 16.2315623723
0.0105817778755 16.2175555206
0.0647336819633 30.1041250894
0.0013197029756 55.3639472665
0.00935192002782 48.6219416439
0.0410718265828 37.1581461688
0.0100673595566 38.1712680422
0.0100667453349 38.4863572959
0.0762704499707 25.5788352264
0.0100671955983 38.2550456702
0.0100673162461 38.1933742832
0.0100673485735 38.1768723083
0.0100673572356 38.1724522692
0.0124585389311 21.6021501709
0.0124911658494 21.5615234194
0.0124668191709 20.3834853021
0.0124585380706 21.6022503533
0.0124586614534 21.6010442239
0.012457716223 20.2760076629
0.0124585391617 21.6021233274
0.0124585726494 21.6008070533
0.0124585392235 21.6021161347
0.0351734354833 18.1508606595
0.0200502285128 27.3146895288
0.0630912901487 10.3820974836
0.0510312681989 10.8808743835
0.0128494247527 37.9037322647
0.00423705720663 28.8972855466
0.00423560198261 28.9018758532
0.0042497324129 28.896987478
0.00424373887548 28.8977053872
0.00423907404382 28.8970951601
0.00423748341448 28.8972441622
0.00424501035335 28.8966149333
0.0243808118252 13.0310480038
0.0245346567597 14.5338490819
0.0276318352242 13.0849085393
0.0291344396917 12.563353023
0.0300903864631 12.5215012232
0.0286637854647 12.2497037832
0.0301683139675 12.4678564353
0.0285550418968 12.5648862883
0.0253048625287 36.8591483885
0.0518569542792 8.76694210067
0.0558039987303 8.04433370741
0.0542803208706 8.53264099749
0.0509574674924 9.36993063426
0.00780848591779 75.5027107955
0.0347582118487 11.5041448966
0.0352453254581 11.1910780745
0.0107559894724 37.591517168
0.0352461296696 11.2327474886
0.0334097372054 12.9481386446
0.0335198947919 12.8169543875
1.48602646202e-05 39.8742522285
0.0332778737685 12.9750468141
0.0336029688331 12.7648808965
0.0332991109101 12.9665155461
0.00340614055111 21.3857021988
0.0109776876454 20.0742896451
0.0129523279914 19.4091499782
0.0444992493111 14.727111731
0.025237104837 16.1496959099
0.0312195913149 15.3040625454
0.00957273471225 23.6984716638
0.0183279443373 17.7432608469
0.0138863220762 18.01234999
0.0123078419625 18.3318146701
0.01359499982 17.9685321596
0.011931439221 18.4048540573
0.0125821501286 18.2007595006
0.0146133073621 17.9169465109
0.0271547645172 19.7769712527
0.0271788907777 19.7706387962
0.0262680285011 20.9856602844
0.0486259051152 19.0673677599
0.0415170666744 21.9086382083
0.023449519189 35.3610007263
0.00863637172829 34.1059651609
0.0114931704194 28.7062207738
0.00738802506825 55.4358002517
0.0310713834581 17.511643615
0.0497434362176 10.4420312239
0.0497433890379 10.4420965062
0.00226104127576 63.6754663313
0.0497439060314 10.4421127878
0.0264555538001 31.0088017434
0.0497435572182 10.4422240798
0.00170864221352 27.8122871897
0.00171259606256 27.8449463913
0.00165727943907 27.8752176662
0.00142671931843 28.4170814202
0.00165754787621 27.8506463366
0.00166609984042 27.8729096869
0.00166898834399 27.852864482
0.00167285959457 27.8400235604
0.00170947776013 27.819173554
0.00168509054102 27.8246367927
0.000387358129577 78.9922066985
0.0165060668867 49.0461869987
0.0420754370619 21.4460793386
0.0465332446384 19.0454278185
0.0476217663039 17.4679873575
0.0147510069894 27.1896374555
0.00790806396102 23.1300607506
0.0077992967253 35.3353776583
0.00982606960286 31.4605066782
0.00217340650074 51.2578269692
0.0706465198994 10.3083877729
0.0625543230707 11.5898545079
0.0281661382614 28.5721800363
0.011679082294 14.472284683
0.0114156790664 14.5889630163
0.0112380648202 14.5302949265
0.0111001081671 14.5255105934
0.0116191756144 14.4463846786
0.00498136165089 28.5591056159
0.0117481605554 14.4814371074
0.0116491514332 14.4044082016
0.0635834739639 12.5278227334
0.0632502658397 13.0423192898
0.0632174483475 13.2151855613
0.00737793463875 31.5263561018
0.0636727568117 12.4225784682
0.0651844199992 12.8723564805
0.030089258462 41.8509632028
0.046695357629 32.8183407943
0.0268153319395 30.1398584047
0.0220865262745 52.9507785624
0.00191386097418 74.4907876297
0.0377057995192 9.02301936178
0.0615517874067 6.45254558753
0.0224563444922 21.8861017574
0.0254295071741 11.4847878112
0.0254094572874 11.5837092673
0.025397064619 11.5654110787
0.0253545831357 11.8193167935
0.025428090489 11.5062455053
0.0254127053267 11.6991434839
0.00172457549981 30.7458588192
0.0315359628754 12.1029723861
0.0306349201198 14.8716988006
0.0306333730586 14.6565369722
0.0241651354907 16.8045581961
0.0243519861259 14.7471296658
0.00822685639005 36.5874446243
0.00609444581582 43.3713952315
0.0138471284819 38.845776667
0.0499629141099 17.6205689999
0.0511404634293 16.5645754284
0.0514523358797 16.4133277587
0.0514766087563 16.4429530154
0.0514831702731 16.2297628821
0.0516066057992 16.6905188279