0.859067124038 0.352527647769
0.444401833221 0.877985235241
0.0929265715001 1.98240919697
0.64819054157 0.555156961186
0.0355145123212 2.42282100054
0.00317973160046 3.19218855925
0.255509374788 1.37926381589
0.258015957586 1.32871921556
0.00179937824151 3.16458083055
0.056343970376 2.22282053371
0.455266526039 1.01345757288
0.225791567885 1.59627116082
0.852754487136 0.288325977494
0.0286453620837 2.47907507627
0.0242376304217 2.56855121121
0.454391059455 0.931704714034
0.0565990524204 2.31958497881
0.0100570824907 2.86285968003
0.85324833071 0.319991244816
0.0143098653197 2.78208381412
0.0630556620063 2.27715541252
0.245656045943 1.4308535498
0.854033976775 0.271985078815
0.0880345959284 2.19079277319
0.444629698102 1.0789943808
0.0335448948785 2.62316228152
0.644712991206 0.625897583872
0.220192045387 1.64789685774
0.0154914368673 2.97583488121
0.245902300408 1.22683746517
0.0547093970396 1.93393003769
0.0641784151402 1.90236547095
0.00321581272538 2.78948414535
0.0238313970526 2.23602903547
0.016705216808 2.35029734212
0.850298516802 0.0861490529213
0.463307626163 0.749057843727
0.00644430456548 2.59074162816
0.0444298457254 2.04460046271
0.23492054255 1.41560077952
0.0345995084022 2.15278573
0.440144746474 0.976869724771
0.845672007118 0.213402498191
0.0105006825554 2.50678523661
0.100330041858 1.85960122618
0.848658565678 0.403340104736
0.00521894441423 3.16015432065
0.0579781055151 2.22013249602
0.0150308076666 2.89458877339
0.247128491268 1.48656272832
0.656121088427 0.654650894134
0.24810950935 1.50891000356
0.215973428382 1.55143287386
0.0616153189348 2.19823004062
0.452079439224 1.02057717278
0.0245070001343 2.60655743148
0.852992540775 0.423758530602
0.647921823476 0.676016021688
0.0109579493002 2.85519954711
0.0712420405009 2.10481638119
0.0411922205627 2.41321152448
0.270694068545 1.47726409419
0.652037763458 0.536751343889
0.00807076970674 3.05005549127
0.857247858091 0.295613543144
0.0206964728631 2.70438084475
0.0537407928544 2.32432107179
0.0786063414213 2.17495210777
0.426808331183 1.06418979605
0.848992585667 0.362038548762
0.264642007001 1.44643757288
0.048221909277 2.28201518572
0.0654705052456 2.14978366635
0.655265722514 0.572887845179
0.0157286511619 2.94093290046
0.00348969174003 3.45405792494
0.83972682588 0.201818175604
0.0449617899936 2.26435344298
0.231716464963 1.436168588
0.267950443873 1.34303150009
0.0608428919941 2.15169486072
0.0481802041098 2.21841425535
0.655242807696 0.50650850873
0.00224940222404 3.20405122709
0.0120354250593 2.77285587334
0.438813449839 0.827264603707
0.0628111095654 2.17072566422
0.853103077947 0.164246296595
0.0128855273017 2.75376178694
0.657124977056 0.404868983443
0.249334484245 1.41190190882
0.0521588566397 2.28472462809
0.00364309389147 3.03425560677
0.018079879627 2.58686280264
0.239641427331 1.45271105985
0.846050984029 0.223352358155
0.273145065126 1.3814372881
0.035407931573 2.44596039935
0.0549994872407 2.23613158708
0.656387967736 0.528485505653
0.246633832904 1.34423503079
0.0747870613645 1.99653246968
0.455191988303 0.899693618649
0.851447980868 0.276249819914
0.0379499852022 2.33538825734
0.00811540285254 2.75915230128
0.8593848575 0.31660458483
0.0634558979625 2.16285851381
0.0212001497182 2.55735108011
0.247265093986 1.38612141227
0.656689140955 0.545335406623
0.00698848954084 2.9356229731
0.448113400347 0.909583770603
0.0136469156021 2.71823538141
0.228463892664 1.59406535278
0.0413678776802 2.44885479893
0.852017189021 0.290386001271
0.645887588196 0.630447799306
0.0942487461389 2.12419872684
0.859802622515 0.352971933484
0.245816391925 1.41108150014
0.0395885593578 2.35145890749
0.460562965151 0.865782357921
0.0212604063237 2.45890498899
0.641808224055 0.596886372282
0.0149222597832 2.64891730045
0.00495156661779 2.9658631955
0.852412997565 0.325806613185
0.0432778699261 2.44386083333
0.257225435198 1.44126486782
0.00662296681903 2.88584632131
0.248317702746 1.47077432451
0.432099169456 0.92796646744
0.0160344397627 2.73845301246
0.845118861713 0.174357284819
0.235915918081 1.33263532317
0.0160480345114 2.67684216603
0.250364677924 1.3016685758
0.0701766545159 2.0783570646
0.0425773740376 2.15849399057
0.462137149962 0.821681066392
0.0144471758109 2.69622904333
0.260668471691 1.41631746355
0.452475652599 1.01445768763
0.0840152087983 2.0569987424
0.0414256601346 2.32371120136
0.849552787878 0.313184283662
0.655470790733 0.592453071598
0.00333816698148 3.21662778826
0.00454376611217 3.00071207738
0.266797448241 1.34325168891
0.859055136488 0.138108854983
0.0593634261111 2.1197656827
0.0760671099204 2.01884457073
0.0153564448775 2.55124072032
0.643982032284 0.481228528837
0.862548279642 0.34731136906
0.245633391843 1.40580331513
0.0536852870361 2.19141901434
0.647686660812 0.573056871255
0.0198739549003 2.51485979917
0.0085619562588 2.72859746984
0.243491384748 1.45007363301
0.0905852434514 2.13011564247
0.432838979445 1.05664677651
0.854563358566 0.332282320234
0.00665420599592 3.14679569788
0.0232728215202 2.60837745713
0.0862812870428 2.17224346537
0.0552301228357 2.3325167854
0.855586823795 0.269279990718
0.0427647887594 2.36779320451
0.266670047192 1.32467965661
0.0672002725723 2.15642443246
0.648139484769 0.508758971948
0.22504774902 1.44188492356
0.00248323742064 2.90406064078
0.0374292627497 2.3958591807
0.462700471382 0.894536319422
0.853006275436 0.291965399112
0.0239524452889 2.62717562491
0.252484571526 1.31003397674
0.444505778133 0.945599754245
0.0520205345877 2.13078051192
0.00411089464786 3.13863215059
0.0103766840166 2.86149772876
0.447265976164 1.03613889579
0.226396905036 1.66579069338
0.0433478835071 2.53066020094
0.647621242705 0.731366730342
0.846877298906 0.492277284298
0.0609989605739 2.43094062842
0.0038194689505 3.37653490873
0.859495795047 0.373888205088
0.255369316051 1.49065724647
0.0318128648695 2.62150831044
0.438049309036 1.0485949814
0.0183631031374 2.84663710201
0.239601637653 1.52127880039
0.637913438362 0.63699957799
0.045761673455 2.4656439354
0.0726308915919 2.23036130001
0.00911276386676 3.02876781726
0.0479092904592 2.35806694874
0.0661177715756 2.25700076063
0.243807945682 1.47066305793
0.0468769113186 2.3665777417
0.464647447503 0.903240322762
0.0190853726824 2.74568209802
0.856297873484 0.226437930713
0.846349227934 0.327502533128
0.450224732193 0.968208832873
0.0955229937381 2.06174752119
0.0240988527121 2.58897015937
0.0573429896047 2.22909383554
0.242008946809 1.43219437314
0.00627737803784 2.90391144886
0.857275902104 0.341201136611
0.242475777024 1.42844955583
0.00414801633343 3.25016061589
0.848313060968 0.243754412664
0.0542460917386 2.23002808667
0.642939083641 0.571329602707
0.0108107060304 3.04836978228