0.0229435023515 1.62215200481 0.00244373640235
1.65244550936 0.02683365044 0.0648487850391
2.80792455701e-05 1.7126173091 0.121396226478
0.0406760101105 1.60711557134 0.053107431676
0.0013138631475 0.000810977241586 1.36280651565
0.0242574741067 1.6306519831 0.0215628358327
1.52906008112 0.0369620245565 0.0887962001409
0.00470200170423 0.00661820605498 1.38469261254
0.0296537902371 0.0297887569508 1.30317962535
1.54339381467 0.146418448103 0.0236049691985
1.81536676032 0.161346071686 0.000240755441548
0.0143372705239 0.00864602788239 1.2813966441
0.187254237935 1.69401934457 0.0629524921182
1.58031199062 0.0255282208658 0.143386556066
1.60230590349 0.236840379868 0.0163397705976
0.0285703914718 1.73361966497 0.240178616167
0.265859545017 1.41706552485 0.116795367015
0.0526126689585 1.52496325793 0.0166370244085
0.0112428213511 0.0162769145193 1.32696793075
1.43705457515 0.165875325683 0.0193866943457
0.00468986762583 0.00422461213144 1.38741191384
1.54211360927 0.0033707421944 0.098640544835
0.0287445650495 0.0253550274703 1.31054155154
1.5036657495 0.13074251848 0.101993098305
0.026865911965 1.64148375994 0.0988107608052
1.67560048308 0.0698337322362 0.0747684672886
0.130340795847 1.53132136384 0.0010816732232
0.0188793910304 0.0139487119164 1.27275750337
0.000312245536394 0.000606088197753 1.32757627703
1.62352910955 0.0128948607226 0.130937322003
0.039475011237 1.78266537728 0.0272365088608
1.36474533085 0.264310917489 0.0957257735275
0.0229767607247 1.58398457874 4.29365905796e-05
0.00927580206531 0.0168461518549 1.40881443716
1.49689526121 0.0671854477263 0.0609804104382
0.0936411372347 0.0902849999126 1.24444279472
1.95002506856 0.101770078915 0.00698125627203
1.48669124269 0.0770213483005 0.11583819243
0.0131754184292 1.93084844138 0.00818608328788
0.00975434562555 0.00915777857326 1.34279774466
1.75265446587 0.0888954639624 0.0848384735507
2.02362829549 0.023139839617 0.0231009450938
1.5592178526 0.187175895975 0.116433900588
0.0597673062473 1.64369911237 0.0376507009985
0.0726473449413 1.64204385785 0.0300211665922
0.0336899963927 1.76716098774 0.00274345028567
1.68012628688 0.021003895815 0.085658538343
0.0776574370208 0.0644387768359 1.29971994012
0.0120206274157 0.0252100073518 1.66263945787
0.0680286904547 1.57458038424 0.0871487301967
0.0104672214424 1.77506331838 0.0224352099841
0.0815465222608 1.64352714055 0.0304221971764
0.0240580452844 0.0318510712224 1.35179729041
1.67052030771 0.0273051244302 0.0610467351983
1.79741429957 0.00904800496954 0.0383965540457
0.0413621708487 1.74824254032 0.0445058384245
0.00149709515109 0.00983860573811 1.49901202828
0.018531643187 2.05192305824 0.0140117710798
1.73758778429 0.00830989698331 0.00723331648066
0.000991031895027 0.00118952683354 1.30561906043
0.061642506935 1.62989357365 0.0586582036746
1.51335421974 0.0525390384854 0.133423206986
0.0473620492685 1.53912978891 0.113433267021
1.59530204121 0.167947485681 0.0251313154047
0.146086221994 1.63148261013 0.102190371646
0.00849314033755 0.00534457137001 1.34134615219
1.79683721934 0.0233783257828 0.100411950697
0.0454886061606 0.0514773264197 1.27044479656
0.00212412893323 1.54268491412 0.033595368763
0.106066684887 0.0904044332602 1.21226520516
1.49266568883 0.0396014927178 0.180896407329
0.0247639154541 0.0134549232565 1.41970549491
0.000441653660161 0.000280990094032 1.48576572698
1.97828506821 0.0419173703709 0.0563963312699
0.0326855826527 1.65750130562 0.00651644791141
1.55015944318 0.226533760592 0.0210286574684
0.0796439845542 1.49787806971 0.059981421492
0.133527861572 1.43176296784 0.0584036322996
0.00611892340212 0.00288808973784 1.38197384274
0.0312218916869 0.0416525570428 1.28403899145
1.5378053529 0.123917874586 0.0114276537036
1.82212428954 0.0613330309015 0.00229152193788
0.00582562059115 0.00677112972168 1.27902939233
1.39201373617 0.262731840851 0.085656120002
1.68751132031 0.14203033077 0.00518591752135
0.0103045644816 1.6221648721 0.181862307262
0.0435180859738 1.87077997912 0.0893111576313
1.65778883405 0.0810931994634 0.000838086820964
0.0525904696745 0.0754856212365 1.29676958578
0.00931161341438 1.56107630827 0.0125196287965
0.0170928046488 0.0178462372568 1.44038786143
0.00289302703285 0.00228500055592 1.3602094325
0.0302625633767 1.57766287006 0.0263262524278
1.46352088343 0.177541599104 0.0630058521107
0.00860136231112 0.00688380526011 1.34382210407
1.7223613769 0.0200275910429 0.0708963071638
0.0723422321645 1.48790420416 0.0358125946697
0.0034363956043 0.00272041853466 1.33037508576
0.34839247243 1.56348958033 0.0099035987683
0.0147438107023 0.0133305709749 1.28048116282
1.72038033126 0.127679879148 0.0833536340337
1.38943180857 0.282665681476 0.131654156418
0.0197264224856 1.65293632418 0.00970451577036
1.4523888492 0.154211383729 0.111459994891
0.00870454210793 0.00703575643113 1.33088289093
1.54158075771 0.0147698409066 0.0354000765493
0.0091363504798 1.6921706786 0.0341186086653
0.0402655413528 0.0238422308132 1.32949084678
0.0189185807316 1.64782794235 0.0396091547516
0.00641339641323 0.0018870364563 1.51827959134
0.0590966182048 1.51702142602 0.0968569037591
1.81513734865 0.0252635072512 0.0228732174119
1.59509595139 0.0656994636814 0.0541894803
0.19457536581 1.53163202549 0.0140119232132
0.00115067898998 0.00134475713428 1.38873195982
1.51349147032 0.049373239052 0.0681573179513
0.00328539223021 1.75437383662 0.115623701024
0.00283456568283 0.00133929148851 1.3323935124
0.0105572525109 0.00936442018561 1.27090296252
0.101976030616 1.46492424419 0.202427169645
1.51513940203 0.192819379602 0.0161480304305
0.317250737691 1.49838255638 0.0456291434772
2.15361457154 0.0448075547094 0.0470346648039
0.0307684693397 1.56237682184 0.0582902750381
1.62444855066 0.100630092754 0.0563699313651
1.68225102242 0.114686530196 0.0369392286612
0.032885000436 1.65970757025 0.0213877043275
0.0137736924034 0.00909880711442 1.28867972295
0.0111058069432 0.01860370736 1.3124179638
0.0568598848253 0.0580194599377 1.23046759742
1.60831611623 0.0579706248573 0.160234226118
0.00611081675964 1.71053456211 0.0153835106546
0.200255206033 1.46484328583 0.0497339152799
0.0168756256413 1.76829610946 0.0552543604063
0.152151768673 1.55681249518 0.0326987455015
0.0869527962293 0.0515396880382 1.30955504001
1.68040832569 0.0340740281439 0.0240830262996
0.00943691598351 0.0271507047807 1.46890448126
0.00320703215131 0.00343590038259 1.57786538258
0.00577644170801 1.61726775337 0.0484068242197
1.56875033509 0.0313747623736 0.0400232951874
0.00139560577258 0.00105596085011 1.3755528351
0.0223306728456 0.0301828102946 1.30919005825
0.145696997734 1.48979751983 0.0355212830733
0.00461416186861 0.00379946164289 1.32962163216
1.48441954072 0.163425707149 0.106742434477
0.0144218307885 0.0157721361526 1.29503078489
1.43925762388 0.170232036486 0.122608518667
2.15334390349 0.0296169674665 0.0756651347903
0.0285742990613 1.58002396068 0.0667671883905
0.0371868520779 0.0681834939833 1.32789488881
0.00680564977372 0.00965943110436 1.57317554831
1.50701255775 0.0786484521425 0.158668354891
2.05996167619 0.000206237486105 0.0650985347389
0.00822640759405 0.0237333427886 1.47025493671
1.46151850779 0.213765808316 0.0360058507111
0.0755467077226 1.59207993392 0.0590561929419
0.0200818493605 1.77447525698 0.0617697585376
0.00875334080495 1.60752200909 0.048084930855
1.75537169827 0.0582427757063 0.0445083421332
0.0354488507656 0.0271693661775 1.35376254117
1.57113794451 0.0914151204954 0.0754774758627
0.00423315676604 0.00227238623971 1.55607749899
0.087361493546 1.77928612239 0.0061611482588
0.134106089579 0.17224079888 1.22838845582
0.00338069136586 0.0135898715935 1.52942202362
1.4062430392 0.340961014776 0.0919434820316
0.141944524925 1.57688193588 0.0211354008504
2.05179767551 0.0515101843643 0.0178450580063