10.5649644019 2.47336684965 1.44526251994
-5.38882563938 -6.55207508118 8.93994276007
-7.27012938599 -4.40604040083 8.98488725499
-1.45465292171 -8.56302854565 8.7102963318
-7.48872692312 8.14593229596 1.55948917666
-8.26158226311 8.23442600879 1.76136401178
-4.33974911791 -7.20804546366 8.39070761376
-7.09937129314 8.52411738992 1.50898865163
11.2904348135 1.86436406486 1.43360963161
-1.65501145267 -8.6689511844 8.66747901993
-8.12885451352 8.14404667216 1.45118269542
-4.52609436642 -7.37853052383 8.5843627772
-5.35820494963 -6.83703775509 8.64763490297
-7.51754345277 8.96710934988 1.27240734332
-6.58293394509 -5.4838511585 8.8272539714
-0.11944267168 -8.85116635709 8.79581060872
-4.69798797445 -7.54031791223 8.86744337338
-6.69515562994 -5.50409411087 8.90179290809
-1.70895460064 -8.59927860213 8.60028280524
-6.25244083586 9.99756989753 1.33845903702
-8.314479915 8.53962450911 1.7716969982
-5.2006585319 -7.19783444031 8.77204437393
-2.83636987794 -8.18926093525 8.6092258823
-7.22205797952 -5.07773104254 8.70110078244
-6.36947625765 9.62901309041 1.34657174369
-6.45714243122 -5.84983547054 8.73045306916
10.7546071759 3.41841778344 1.32405458577
-7.95987109231 8.73320386096 1.78819044019
-7.51967357386 8.28757997036 1.51558802544
10.6175222922 1.20757383531 2.40098911272
-7.39764012401 8.75644729935 1.33519927425
-2.64458151676 -8.26780336144 8.52408751812
-3.64394420602 -7.82445672434 8.6333160878
-6.16733526116 -5.8478628118 8.46703848238
-6.8367131815 -5.03248718547 8.65552288464
-4.47637575248 -7.62682762647 8.657611636
-6.41478462584 -5.45483678924 8.95861274897
-7.69794499444 9.06647278255 1.53976927703
-7.48727681933 8.6349076204 1.59387927433
11.1300259448 1.86600911917 1.25785176011
-6.54701041943 9.70487383236 1.28855254624
-4.15236273965 -7.54219290621 8.54067076303
11.3365503992 1.51736320957 1.27760530861
-4.85206407983 -7.37545867593 8.68235681164
-6.75693082014 -5.66267124984 8.64971218951
-8.03487566788 8.19053409434 1.59559189305
-6.41668707948 9.5239617021 1.27469137947
-0.910428532465 -8.76769552398 8.94283875394
-7.55229810274 -4.43039210903 8.60301661306
-4.27807201639 -7.70167850717 8.68415364361
-8.23484883623 8.44720250549 1.63231644216
-2.28123458926 -8.4170578476 8.5867297309
-5.70892410484 -6.7402525231 8.73553373127
11.0085796033 1.63701931942 1.42648676317
-6.56523398975 9.56862078215 1.34698855387
-7.27025737416 -4.63700843823 8.47364237145
-4.88067183259 -7.30602273742 8.63718815864
-5.72329207311 -6.79812675586 8.77826859554
10.7026798094 1.46403830494 1.33393630005
-3.35303780359 -7.9419123709 8.52602219908
11.2307368271 1.44374409489 2.04485429288
-7.08411383625 -5.01188252275 8.82074239702
-2.7683117536 -8.43184352801 8.70616677934
-7.92009702831 8.95219099288 1.39485044018
-3.71646031687 -7.99119367028 8.63881047591
-2.37067348688 -8.4631970999 8.7206005356
-5.39978706426 -6.89108000502 8.63912857235
10.9049211565 1.87315153575 1.3694223408
-4.94135818804 -7.25200966482 8.60845443423
-4.24540065871 -7.6201977367 8.6695456771
-6.66691898819 9.15564150171 1.25087597501
-6.53116584178 -5.62440090974 8.60350941646
-2.89281897831 -7.95251135316 8.53520025494
11.4587837975 1.48459890729 1.45253495198
-8.39498933328 8.81256715245 1.31604080536
-2.05642405912 -8.47516108302 8.58705405441
-6.54084058053 -5.72982252431 8.70384517091
-4.51921785048 -7.36132726804 8.87990773738
-3.29088167931 -8.09622646261 8.68745044979
10.6992890858 2.46834758409 1.31393833553
-8.03680694946 8.06272153529 1.24356721526
-6.30936699386 -5.9687793554 8.75450065843
-3.32250917958 -8.11359800501 8.69802032657
-4.53380019903 -7.50450152067 8.83637279733
-6.13646994734 -6.06614316403 8.49003312914
11.6359286786 1.29413231429 1.77279363267
-3.60127579324 -7.93231430338 8.75046246976
-7.85925059209 9.09060998273 1.43991642577
-8.21326367698 8.13899642068 1.72189854641
-5.92330181724 -6.36277877959 8.53123170575
-4.80359163031 -7.25996526017 8.63147347569
-1.40165937247 -8.3520466478 8.4359564736
11.004866322 1.33219417967 1.7528759022
-5.90051913998 -6.53989836246 8.68449534181
-7.59947039126 8.46477403186 1.97466110041
-5.01338967632 -7.22693314716 8.6865125488
-5.95580750556 10.3014073379 1.53286703007
-3.54073816854 -8.00994427091 8.62620971261
-7.54578036772 -4.38598403916 8.71438371335
-4.45544595869 -7.56994762845 8.61424905076
11.5968178376 1.42765805571 1.4585382001
-8.34040417561 8.43057668954 1.71232364823
-3.94170656473 -7.83584708951 8.68131766945
-6.22120611048 9.87487989033 1.35398272406
-5.79402684863 -6.5719556182 8.62562679998
-1.82856341361 -8.41202717091 8.69703965717
-5.64203039577 -6.73995376462 8.6429210379
-8.36871140225 8.41145178497 1.36143064742
-4.34727807318 -7.27999310497 8.97533072163
-7.95598975005 -3.15243857041 8.77348218539
-3.36371721741 -8.0064996538 8.7708712404
11.0878152921 1.54437990087 2.78415570127
-8.30295387947 8.48489841159 1.36464068026
-0.279389211176 -8.80848763448 8.65213618573
11.2888033873 1.72696587697 1.23399006109
-7.67957494415 7.91960128192 1.2447051855
-2.57798540508 -8.30244641487 8.7734886777
-7.20751097828 -4.96585387508 8.67417318768
-5.21212817574 -6.7206096332 8.84699900081
-3.96509121597 -7.61784195992 8.87696792525
-1.5388249397 -8.62220736098 8.62483219636
-0.323866378734 -8.73231908988 8.78015293175
-7.31922201361 -4.53851338006 8.83638544314
-7.86961659835 7.9759780985 1.44348275868
-5.041354656 -7.18019435263 9.0010340917
-3.47785328859 -8.07196473686 8.73686130819
-2.73108680412 -8.3736973351 8.67650988975
11.2638259878 1.78665928673 1.43128690553
-8.05826592473 8.30135721404 1.32121046898
-2.82599346311 -8.19057653316 8.9683418384
-4.78585196899 -7.17308981661 9.0485010991
-6.56385291779 -5.5886600214 8.64201773204
-5.94603780808 -6.21202029372 8.6938317403
-5.29411199928 -6.89338871053 8.96410964913
-4.88772385339 -7.02480583621 8.61877373887
-2.34661614008 -8.30857653375 8.59335128451
-7.23071577726 8.71873909961 1.46199428912
-7.76463000702 8.53700778706 1.58395329191
11.3879678743 1.75952858599 1.58418470856
-6.69745345477 -5.07228018541 8.91333166025
11.2996229041 1.94191754824 1.60386479927
-7.98034898749 8.74577144536 1.47812416349
-2.49990238574 -8.39146965715 8.68128122224
-5.87053458855 -6.25532475125 8.57467335023
-6.40556719331 -5.68332704231 8.45616805095
-7.30081614183 -4.36243445639 8.7075768181
-7.64817574827 8.6678209721 1.44931072978
-4.4565808338 -7.458410581 8.85559586859
-7.33356222066 -4.76131615357 8.57196461499
11.2790014314 1.36923040917 1.35851225951
-3.44253060038 -8.01043616527 8.61369736146
-7.31887737686 -4.73428681536 8.78584273454
-2.79041481565 -8.32245461245 8.75326341308
-4.85837850465 -7.23273655034 8.74048195879
-7.09159058942 8.82550951347 1.25877704737
-3.72944771479 -7.89432391578 8.57358999041
11.4518356128 1.62563585217 1.35432126248
11.2551592079 2.135596754 1.79861975918
-8.06425054695 8.55349789438 1.6714258237
-6.70465667281 -5.30513647344 8.64486665485
-4.34023547378 -7.67683941432 8.71849111772
-5.59914791992 10.2526737065 1.29926924934
-5.39555763151 -6.78122365523 8.5490569468
-2.79508351464 -8.27965815447 8.73148068618
-7.05734378395 -5.02156914664 8.63065818663
-5.42809125433 -6.95048649973 8.92508270048
-6.67112390979 9.64742110318 1.3684683422
-4.27163010614 -7.64344994637 8.71794049157
11.455516681 1.62307985581 1.43118470598
-1.28945385806 -8.67565392621 8.71694682234
-7.79393859858 8.54849324781 1.45903683077
-6.72416233854 -5.44782379825 8.65162712804
-6.04062944215 -6.20587166675 8.59724443514
-3.61282364142 -7.6614196264 8.40713280559
-2.0437333605 -8.16149530841 8.77773617718
-4.7933962635 -7.10743990758 8.86654835196
11.0558304787 2.19117409285 1.75827629001
-7.71276999677 8.91945588842 1.47567254786
-6.5772989462 -5.4853414732 8.93252232131
-7.20049079265 9.24433207941 1.35170678427
-3.52361589175 -8.10090981228 8.65972659491
11.135982312 2.22134426617 1.49771554017
-6.84752789465 -4.76976455778 8.46953410621
-5.47215290896 -6.78302533414 8.81445410478
-1.78671135953 -8.49469048901 8.61232665161
-7.79126785783 8.26086850818 1.232211709
-7.3789360003 -4.68308285782 8.61683611741
-1.62219299373 -8.51371700531 8.66661753615
11.119468932 1.47395111366 1.31131929006
-6.84160488725 -4.93410076892 8.91756609983
-4.47761985057 -7.42375558008 8.85848459455
-2.40368243427 -8.44472186633 8.84527287156
-7.44375981317 9.49986625306 1.65497262405
-4.21677871123 -7.65505575087 8.78560296127
-6.70701495189 9.7721616856 1.43194553533
11.0304466458 1.26032169287 1.2836932941