0.960445342535 0.133993208615
1.0453837819 0.0539436248465
0.163362413491 0.940296821069
0.0510952423832 1.04434515284
1.03187921981 0.0617368093565
1.0403977761 0.0453233799077
0.141341622512 0.954495636768
0.970828008013 0.126481740645
0.0612400449331 1.02823816519
0.0562370357819 1.0323504207
0.944615287927 0.157398978156
0.144581797454 0.95362783681
1.03662581277 0.0485148869754
1.0296724012 0.0607782620495
0.167086806602 0.938142869558
0.956159542221 0.15236437678
0.0624547383639 1.03732084321
0.07149514216 1.02369639098
1.03737658659 0.0483500179378
0.966907283414 0.127311591241
0.0612856199282 1.0318558468
0.123598670641 0.970421380672
0.948911724869 0.15099476453
0.166213642716 0.940138937416
0.0446349288306 1.03985210145
1.02383530144 0.0708330730366
1.0441589173 0.0638302873227
1.03860905831 0.0568726503789
1.04656216466 0.0554875923763
0.15578431033 0.945466355442
0.956360750111 0.145385449536
0.0569023796758 1.04519025532
0.0852422506958 1.01015094263
0.0638983590205 1.03167258168
1.0440149422 0.0505910883156
1.03947487403 0.0595995031208
0.962346704403 0.133696931983
0.0617056129807 1.02706453977
0.0577185380126 1.04442803457
0.150657024586 0.949333415069
1.045161035 0.0499258380995
0.156308565577 0.944601931216
1.03370423977 0.0589930478105
0.0561455765822 1.03065493099
1.03833256648 0.0438463448538
0.941961742808 0.159864880242
1.0409180486 0.048070818843
0.067836225983 1.02392273671
1.03203396855 0.0547034199505
0.143986449817 0.961220936283
0.981252596217 0.114801273136
1.04522902048 0.0505888001621
0.17899929929 0.933202310682
0.961622005755 0.133466545002
0.0495539570122 1.03716071268
1.03263981804 0.0572924694842
0.048436285909 1.04119459997
1.03954120869 0.0471615356125
0.131570085795 0.962815317717
0.939401162776 0.167202223008
0.0457048302618 1.03908012781
1.03173868882 0.0554325326812
0.152865405049 0.949098696821
0.93330323182 0.176521538516
1.04201830463 0.0465273850252
0.049436366346 1.03483697312
1.03604241006 0.0496549664275
0.942640482679 0.1575806712
0.0585467324222 1.04350210177
0.0826365026953 1.01124187098
0.158253994726 0.942993979173
1.03510424647 0.0509594032956
0.979358703339 0.119011264586
1.04125270193 0.0514502950295
0.108437246704 0.985671251478
0.0762368601452 1.02962021187
0.155158891704 0.945750607831
0.061176795191 1.03689435369
0.940068254861 0.163283603357
0.157437354158 0.946117928658
0.0718055360847 1.02155024642
1.04525352453 0.0538874373339
1.03189457033 0.0631555628605
0.0480570848215 1.04177413436
0.938825071391 0.170172673127
0.161838865066 0.94324269342
1.04470236871 0.0503550224118
1.03951193495 0.0519149046055
1.02983464768 0.0580560102938
1.04643258623 0.0533837209253
0.969390239956 0.127833663147
0.18636003017 0.932447372176
1.02000813627 0.0719461890513
0.0507327652586 1.04466442939
0.0879644570873 1.00523839007
0.0533601020125 1.03955181022
1.04145698747 0.0480049612246
0.122952174734 0.971621052645
0.970007871888 0.129832275107
0.0667395658735 1.02673885734
1.03540544379 0.0561366321763
0.961622476828 0.142004812592
0.051026460423 1.04309075071
0.120084556476 0.974627312367
1.03746891394 0.048244707276
0.0480751307714 1.03653375146
0.965337425346 0.128868912198
0.159373674033 0.945431522366
1.03512797824 0.0510769913964
0.0470970497873 1.03869960717
0.971150376834 0.123459993847
0.170172754266 0.939417532183
0.0516317792132 1.03398421182
1.03554598805 0.0513162914135
0.945580291368 0.153008355766
0.0486575333442 1.03726272888
0.155631605042 0.943160088033
1.03960077476 0.0546990027424
0.0445457098275 1.03925055335
1.03239561361 0.0616477743051
0.95430164266 0.14275000635
0.164709522406 0.940049254708
0.0465930899411 1.04144466818
0.146914511094 0.949444340588
0.935758247094 0.171558095743
1.043787639 0.05158424577
0.0496140822188 1.04106211167
1.0419279804 0.0736301047283
0.115510584295 0.987764464267
1.03123238385 0.0797459745251
0.963210161113 0.139233600574
0.945609005295 0.159641548012
1.03951011017 0.0525122125908
0.149830606497 0.95113216674
0.0613957858546 1.02815636396
0.96917534736 0.133589014475
0.0611507812584 1.02855219431
0.0565028829362 1.04643266438
1.04097740664 0.0467036652507
0.952314651639 0.146510092238
0.0474284305454 1.03733155544
0.165904280515 0.940519449087
0.0449386694427 1.03753052724
1.03648820181 0.0523657474423
0.944599622956 0.156865655306
0.117412238534 0.978982729735
0.0550292945633 1.03322398073
0.0476762970015 1.04221021326
1.03919197079 0.0442139453797
0.137877973899 0.959623233583
0.954686148903 0.142413214897