-0.380100049059 1.49697790989 1.28782530223
0.108899258866 0.313054704956 0.974196487629
0.129537133989 -0.874281690539 2.25227502115
-0.0910195937561 -0.924691938932 2.46170530975
0.0346623233234 -0.80975332725 2.17728822093
-0.521795395485 1.85549437579 1.21988854974
0.107832977172 0.312193052383 1.00588008234
0.115475166873 0.339423355547 1.00117527794
0.478755911522 -1.0227847678 2.56577299049
-0.0827322967637 -0.878413879826 2.37298156509
-0.492835617543 -0.69513456064 2.20628101434
-0.76924350634 1.97228611462 1.19151931212
-0.269531178079 -0.651761881013 2.192123896
0.102935805576 0.322344566411 1.01777372149
-0.57628546357 -0.530711921664 2.29492626058
0.1013388781 -0.732088929211 2.1150042253
-0.800538106125 -0.443709436058 2.42591338283
0.122112252447 -0.978977127738 2.34863545457
0.112276186988 0.318889765867 0.970271356486
0.113980030251 0.324771883462 0.968322122527
-0.593780513432 1.8133168069 1.17972467541
-0.733705888051 1.96003826837 1.19558521285
0.109461934242 0.317081416206 0.961332823874
0.0195475833993 -0.987909681383 2.39018857425
-0.715803437712 -0.425442231229 2.53132439068
-0.807632974464 1.94627856981 1.30711168416
-0.0482247363821 -0.699387770312 2.12001956217
0.112336620536 0.32100654624 0.964517326487
0.110932126224 0.315233270215 0.962256787415
-0.855728426676 -0.600764986989 2.6392947926
-0.723751664152 2.14531694851 1.38786131374
0.112913860922 0.322341533461 0.965610505376
0.109324220086 0.313876353705 0.973194972753
-0.8427089075 -0.528336638149 2.53587789855
0.112300879155 0.321390524456 0.96638553415
-0.204862224651 -0.799657349679 2.23762587777
-0.833860471359 2.00490950963 1.31752586186
0.110842536548 0.316367455836 0.956963928409
0.110839306751 0.316391953266 0.956956760882
0.110550305018 0.31547344737 0.957502101057
-0.0739368178459 -0.83222980274 2.18680860657
-0.742883296405 -0.464674330264 2.27152926588
-0.104040134126 -0.981244847546 2.44539840799
0.118314200593 0.331197235422 0.990663173118
-0.985902259116 2.15252779082 1.33283785761
0.109902021682 0.314150834535 0.948524670918
-0.870969576965 1.98945752486 1.3734703341
0.443941004888 -1.01656514603 2.54011470394
-0.420406092952 -0.90012337563 2.3528617087
0.110948933573 0.313286121737 0.981897548247
-0.125709937419 -1.06214286415 2.38502336062
-0.783748222791 1.98102546819 1.42625941458
-0.851970870388 -0.95007824641 2.57728947625
0.113411785582 0.325844865821 0.975722251808
-0.217993799142 -0.756572260295 2.14424111569
-0.75262550291 2.04412352403 1.20162703287
-0.576594059853 1.85038734483 1.27253016408
0.100401375775 0.284959331534 1.05569635049
0.0877313610034 -0.902969200915 2.25191661554
0.122430492554 0.328069506959 1.05030643716
-0.771653824389 -0.701964843152 2.49500717473
-0.848339912539 -0.551997859204 2.43506128056
-0.778411075734 2.03013571903 1.23627267436
0.112804071819 0.317686262834 0.969798744832
0.0545666797419 -0.992214445786 2.33401536344
0.111188653085 0.318016372455 0.956262528803
0.111560746839 0.316715137976 0.959145581421
0.110871247861 0.318142897671 0.958343828408
-0.288121982507 -0.835929403498 2.23382918353
-0.658839429591 2.02576369099 1.21250382026
-0.721493454162 1.91492381259 1.26941495357
-0.846171428841 -0.771615136005 2.55144281957
-0.563356976587 1.85894528966 1.2267895105
0.121903022522 0.361211966544 1.0123203175
0.368032769126 -0.988282323702 2.52256961441
0.106241035328 0.318545851355 1.0467876406
-0.601496557226 -0.66675305906 2.24811984992
-0.724072194311 1.91755349981 1.19910420815
0.112775250853 0.325997762977 0.989871781143
-0.147899208602 -0.85061560932 2.36530047696
-0.161563925407 -0.783984764817 2.18080836052
0.381837359837 -0.91421013301 2.38311868232
-0.75100372793 1.98189445799 1.19328391585
0.109367039965 0.316516566326 0.968547258
0.411010815221 -1.31808630249 2.75637112437
-0.408917718548 -0.939259288179 2.35981714573
-0.747267650705 1.92945441244 1.22154749525
0.113922679376 0.335547907622 0.988340239774
-1.16885233604 -0.595874171303 2.62607755973
0.11606969695 0.332658210618 0.985629709335
0.111124832246 0.319472139433 0.966208476833
0.111584839817 0.320481968547 0.97313876333
0.0630202289666 -0.913636965573 2.31220120558
0.109340625928 0.319828205267 0.982756640073
-0.756101551668 2.18856053365 1.2133335595
-0.095745017398 -0.504043797641 1.8898239015
-0.725001893295 -0.647048209075 2.44235944955
0.218410956433 -0.863621968322 2.41498668369
0.109602034777 0.312804197256 0.94563595143
0.0348978705569 -1.02611601124 2.46089906114
0.109630233092 0.312855474837 0.945817621824
-0.82258778495 -0.565596209717 2.33244134985
0.110667094584 0.321750541978 0.968283205239
-0.706993750782 1.84569520302 1.28490696267
0.109374533538 0.319524559965 0.97154856943
-0.7195681401 -0.637957800537 2.28745325689
0.0714632334207 -0.75599797938 2.12020840366
-0.529648806152 -0.992723801577 2.49616356398
0.109953892225 0.316738082378 0.958882419501
-0.782164917947 1.92915614147 1.38533097545
0.106074701105 -0.862779839658 2.20366050015
-0.585475700857 1.8080729441 1.28867342641
0.0977960128693 0.298201230741 1.05621930861
0.114929967016 0.350151772136 1.01737326452
-0.278697567933 -1.04205092279 2.51823431202
-0.0480031158917 -0.933815289431 2.31393961454
-0.237780825764 1.4062635262 1.169191756
0.110556073631 0.331172157701 1.01370511792
-0.816945075325 -0.635956195321 2.38032086748
0.128509507769 0.357502088781 1.00751943672
0.0482990370349 -0.871545144887 2.21425849357
-0.830207035328 2.00827652738 1.28822674216
0.112760541609 0.331799919158 1.00053596524
-1.32797740331 -0.707081730604 2.80198990512
-0.137777770205 -0.675483490496 2.07353103063
-0.138299534239 -0.831778148081 2.20031021336
0.111325341038 0.316605958369 0.955262939674
-0.550055287822 1.72145152919 1.26676336146
0.111437481393 0.316862832517 0.955187117764
-0.203305471694 -0.924341306353 2.47442237134
-0.478722314615 1.99412929112 1.18012624928
0.18013279262 -0.970361872439 2.47197780631
0.117533734465 0.333268054443 1.00368957008
0.111466299673 0.320423462019 1.00862314748
0.11352319308 0.324279833074 1.0057894462
-0.015767192895 -0.672501129901 2.10688602787
-0.616313735744 1.63010574839 1.51118701299
0.111200503197 0.316636474759 0.957693501993
-0.355903667975 -0.873704619304 2.30709283418
0.18877932815 -0.944697037669 2.39047036365
0.110861737307 0.318698494531 0.974247101282
-0.718125384425 -0.582702404873 2.26585431983
-0.79238167733 2.17990069026 1.284014433