220.23354211 -217.234468534
18.9432283089 -18.5621686833
181.428275913 -181.584115458
107.047725319 -107.269085148
219.521762773 -217.12607482
216.464467934 -215.781297473
12.4169355541 -7.96429946542
215.076386768 -214.921885277
12.9245810733 -9.0453152487
10.2865077308 0.10873241554
10.4131739504 -1.04088184855
113.831858966 -114.068897809
11.9660770018 -6.89327039449
17.7425412373 -17.0154787941
224.482187203 -217.148285722
11.3608530374 -5.14627904308
216.157851937 -215.126116044
37.6940039578 -37.896106461
213.173394343 -213.345969251
108.761913338 -109.000217553
20.2157819093 -19.9424816068
11.3338355232 -4.8792445254
10.8255974421 -2.73816306423
13.4908583876 -10.1586564447
216.122495555 -215.636067316
218.926467469 -216.994662477
205.540303607 -205.675145115
111.778028604 -112.027810587
18.7640011565 -18.3050280367
11.6092668966 -5.5881981564
217.279340422 -216.273505735
12.8066310882 -8.7904646151
15.3205072629 -12.9352226613
220.874637527 -217.111560708
210.380159628 -210.596472907
10.6628434711 -1.28264769032
216.152828858 -215.61030054
219.916814121 -217.304993845
17.0463626844 -16.0853061049
182.426149158 -182.670790925
110.670499884 -110.916504587
10.4962847906 -1.42842799952
215.741794041 -215.39643593
19.7281018111 -19.4564002845
214.951302074 -214.734940606
11.9143890388 -6.73459760828
222.390681854 -217.659058052
222.060826631 -217.699302865
155.660289971 -155.888171655
106.906654149 -107.152734328
213.891920316 -213.982855337
220.144408382 -217.384020341
217.001127432 -216.093936863
18.6685040575 -18.1641649221
14.3830532703 -11.8843222523
10.803393642 -1.84753953908
11.4736034756 -5.07400674485
221.462206806 -217.635253305
218.710392562 -216.917073792
161.15574366 -161.36734538
108.363374625 -108.606104816
216.193132673 -215.658426657
213.986743864 -214.065817616
11.4794141742 -3.17927318944
10.5227977494 2.97197361797
13.1631095125 -9.617151185
20.3381878934 -20.0864102876
10.2918396708 -0.275360310601
43.5476511677 -43.6569377652
10.9805249713 -3.86080282339
118.166654218 -118.415662616
18.2387843151 -17.6324348799
223.068416668 -217.727876841
214.476996876 -214.31576047
13.0788630053 -9.41246256816
109.508151698 -109.753499181
32.7463271833 -32.9911739619
17.0995253388 -15.6243560503
13.1190110799 -9.37387906651
10.9600951119 -1.00956484489
217.722817804 -216.03985232
11.4867046447 -5.15000446122
223.802432039 -217.178128537
203.653966858 -203.803095476
215.997668581 -215.058748857
109.850795601 -110.092248439
13.2135894769 -9.56367989982
20.5750777637 -20.4951453035
199.973575365 -200.127667625
212.796430514 -212.93531531
219.379197602 -216.82111504
11.5857263163 -5.86095024694
216.990182507 -215.959709031
10.4777747341 -1.34971729214
109.675055758 -109.862563788
13.3499467497 -9.95743516601
11.4221153279 -4.88255335839
18.0512402031 -17.3194169649
10.5701762314 -1.10030669012
212.118837052 -212.33071721
220.301016284 -217.330524401
201.549703736 -201.61882715
10.2134585548 0.366203122385
113.219742448 -113.468837116
50.9633850407 -51.1598912359
16.3134218682 -14.9450338774
11.2955331035 -4.89584695999
12.5163851821 -7.92640793895
216.27617162 -215.650173545
215.874324989 -215.458980806
113.748531438 -113.997896716
24.4250471678 -24.5891802279
217.27588925 -215.665000381
221.681592796 -216.927418168
10.7276221321 -0.365338440285
213.214551073 -213.386736359
18.0543514304 -17.185930656
14.5664568933 -12.2514964853
104.601472164 -104.850614472
20.6297057279 -20.5104135512
10.390253549 -0.777692484739
198.451894956 -198.699933667
12.6320575662 -8.42201155413
222.536264928 -217.386404039
216.236821584 -215.556093492
11.6706278089 -6.09476069116
222.594881163 -217.637273996
90.8213669005 -91.007298581
156.290067279 -156.483691174
20.0989230247 -19.8521918553
218.018367563 -216.560002118
219.420027768 -217.122925432
213.413872895 -213.587943169
13.0602543282 -9.14582011616
10.5967505131 -2.003260751
10.6832790239 -2.62246706665
10.3402309225 -0.67722846475
113.288713816 -113.538376331
37.5968867407 -37.8465650824
16.1720201245 -14.8193515664
12.3448083412 -7.80556399536
10.7396492058 -2.85810151307
220.222897088 -217.118253223
215.38308054 -215.050479756
213.593521235 -213.764831392
109.743551674 -109.979113087
17.9129368989 -17.2100014931
193.300049695 -193.547868536
10.2807203756 -0.19455363587
10.5970090523 -2.02433237836
212.123029245 -212.308740466
13.341149222 -9.9985182177
216.874623202 -215.889881405
220.695073961 -217.391571173
218.302690837 -216.778096902
110.798550325 -111.046788614
214.241477017 -214.207203742
220.172235965 -217.372318678
176.527541077 -176.768240315
23.1695625886 -23.2707478601
221.136830482 -217.523295232
14.171951774 -11.2510739958
11.6413777102 -5.88604850889
10.3684161295 0.746046751035
10.4169273974 -1.26661574466
17.572400593 -16.7247115246
110.747738577 -110.994086495
42.6023534083 -42.8497452453
12.5912869315 -8.38138359931
218.061100672 -216.618190005
214.923577068 -214.729729243
10.9783239454 -3.79008746016
221.231552859 -217.442553582
212.726485922 -212.931224971
79.3591079921 -79.609009392
19.6260655566 -19.207563761
154.581859396 -154.781334031
216.149916372 -215.611044146
12.4442548364 -8.07383555624
10.4943470834 -1.55828014933
15.0440810393 -12.9421531253
217.789661498 -216.519306476
185.82289879 -186.052060291
214.066797978 -214.142753892
109.118835623 -109.3686438
221.709675036 -217.664393192
11.7211104153 -6.00204578883
23.7026230794 -23.5958099622
15.1373278168 -12.8979258788
108.203924557 -108.451796662
17.6054939629 -16.7809038525
11.9291492079 -5.76931987433
223.007730379 -217.520950187
10.4440183834 -0.8539992141
218.586844102 -216.755014541
214.16583088 -214.092567224
215.886673635 -215.490222008
26.6099452838 -26.8475209213
217.546381458 -216.396991
183.802083865 -183.739866111
18.7755706912 -18.3568491071
221.873621856 -217.651004459
108.373790433 -108.599349896
214.754231906 -214.676940353
11.7963831443 -6.38554683582
221.675389489 -217.607669908
17.1476367587 -16.200997765
10.6649253094 -1.96564369431
10.1932166025 0.812392403754
42.219408293 -42.3813948476
111.339964855 -111.588494194
17.4902140746 -16.5834941942
12.185932364 -7.45404824866
10.7632260268 -3.00270836575
215.560019494 -215.214391783
206.095925939 -206.243416215
220.844407264 -216.822288866
221.496429822 -217.49983884
177.015539964 -176.71273832
13.1912183735 -9.52038886882
11.3087272915 -4.98900188961
216.214216286 -215.698388115
219.82971802 -217.298779091
107.352084776 -107.510337354
20.2357090949 -19.8166378981
10.2897223084 -0.0789887929377
212.259566787 -212.509473852
110.345237451 -110.593272418
218.851393486 -216.868869342
23.0247572273 -23.0963901474
208.421442863 -208.647200038
11.0863760844 -3.64263086857
18.1669785679 -17.2172628137
13.4342319086 -9.62919929476
10.1979849272 2.09326620794
221.129048267 -217.393539873
113.803718227 -114.004835248
10.9881183882 -3.2366417382
22.5273937951 -22.6536956949
13.5169473752 -10.027276981
215.462594249 -215.213645973
220.03482704 -216.929898643
190.633103927 -190.88306381
213.973620698 -213.988285938
221.156084484 -217.569682388
213.499800481 -213.646951795
12.1372698407 -6.93438928271
26.6781470861 -26.9273649871
156.872065644 -157.09973709
108.168568151 -108.406113973
16.4465203972 -15.0636760874
10.2666058701 2.62966846779
218.742638208 -216.94539612
217.310120129 -216.293173821
118.294915195 -118.507660333
32.3795359393 -32.3324431278
16.1328907949 -14.727309351
224.017243994 -217.59214914
218.245038893 -216.27684858
205.818895359 -206.025220382
10.9373798991 -3.70296703965
12.5579527811 -8.33138786104
10.4728117295 -1.58969826455
114.525423533 -114.755667321
217.3792813 -216.332557662
11.5726874884 -5.4926360695
22.9886317327 -22.63076786
18.6306953103 -17.8835304758
10.2567684724 1.39724270377