0.386110096924 2.22856189241
0.154181860081 2.80905168186
0.00534607200409 3.67096871081
0.0930790548976 3.10512964094
0.870803794133 1.6410311092
0.537978229635 1.9852033627
0.797857304983 1.69631996261
0.204566282706 2.28712928489
0.119211303716 2.45848282887
0.51466211665 1.80657317475
0.0276816277718 3.07882761577
0.00285811878196 3.43750090258
0.855968222884 1.51218746529
0.270551442435 2.14203861398
0.00668424855343 3.43885460428
0.095364501981 2.79367663135
0.500257564081 1.75454066539
0.0265691023828 3.23398641028
0.482945207971 1.79725831165
0.00331379173369 3.36002617054
0.1302019658 2.14809208346
0.0218625952452 2.73850324064
0.177073521327 2.04450225935
0.441389054501 1.66028143167
0.0428819758777 2.47179067933
0.288105484669 1.84226777331
0.489494234964 1.83051980257
0.154442621001 2.37371624811
0.328894678667 2.01854128919
0.367222282205 1.94965693333
0.00945835238356 3.09223034596
0.0354203437309 2.79117592427
0.0503300907518 2.72362815988
0.000661681270247 3.16423889827
0.269804089055 1.98945792246
0.140331847549 2.25687380983
0.0512696143065 2.56055049919
0.391547655326 1.83525080723
0.00369857392665 3.09125997587
0.00856702326683 3.03631987966
0.691011622297 1.50670468531
0.139384449093 2.36591880316
0.0201671677914 2.92248607792
0.00058292126023 3.52621575751
0.306760524187 1.93763977193
0.574221387116 1.4307992675
0.492861737362 1.5398413737
0.601897494797 1.54050453291
0.1361712184 2.33986815011
0.0049458341615 2.90788874811
0.0226745986859 2.78609124055
0.419035498462 1.71899045199
0.751781776225 1.53855249851
0.0905192292655 2.62691086033
0.190679995579 2.29100957845
0.0288469622792 2.9429567558
0.0377587852924 2.89535776115
0.00359621179318 3.16557116678
0.00176877231314 3.24286510202
0.597432897835 1.6843382077
0.455634400265 1.86049486268
0.18413849442 2.01960433627
0.0792648640343 2.30940795923
0.358053910735 1.75986609031
0.493996194974 1.60158332748
0.00202157127844 2.81014104543
0.0114670584631 2.71933608573
0.000387838454641 2.89492797112
0.0742535431786 2.33187747843
0.702752378585 1.56156777012
0.130960440766 2.29756779505
0.003120993199 2.91459080849
0.00576858089865 2.85237731707
0.00805386178892 2.83215720193
0.0422610683943 2.60299006049
0.289796801098 1.99119266979
0.5887667318 1.63316386982
0.0935634140707 2.20802734266
0.0239335487335 2.45076202091
0.00208903277759 2.69124576773
0.0152158507461 2.49893116385
0.226304884701 1.91203939893
0.729699190829 1.26576240448
0.499050917137 1.49976200804
0.00762083650623 2.5932970583
0.478399309442 1.60133882207
0.585859846015 1.48073635189
0.0223517630885 2.6532354606
0.00302730223658 2.83618381501
0.00850090348852 2.74653655194
0.0792614049736 2.39132137713
0.0989343664535 2.33166693518
0.592448956758 1.4800902891
0.0023790262507 3.42145970161
0.181877506092 2.62160978362
0.416458822646 2.13505015615
0.0502142821704 3.02552783848
0.00808025735757 3.31485222997
0.774257051823 1.6545465147
0.00045853029228 3.48628175879
0.919403527203 1.5545689897
0.331403794164 2.22164045905
0.0115970448735 3.24466892173
0.000459876214217 3.48904738789
0.0660120426489 2.83438831787
0.00340370338845 3.35499141668
0.718260428007 1.76080993258
0.156472829592 2.55747837115
0.900359688397 1.53137752744
0.136737866442 2.57482765032
0.40964836494 2.03496910423
0.543914222523 1.80520266292
0.0372539083138 3.15582219445
0.00191641445567 3.64041269594
0.0092509670939 3.46672055649
0.865639878282 1.48305490028
0.0150842011815 2.86082121371
0.353023853323 1.97882840652
0.103755361679 2.51654762542
0.00060440993284 3.43439526223
0.0195426257153 2.96135900483
0.220014444069 2.15845800321
0.423433204437 1.78451750954
0.0733064927195 2.63438448771
0.000622938428914 3.26041047081
0.113587227478 2.43257757486
0.468206213296 1.72674427453
0.131985177502 2.36889810137
0.778048348648 1.3916483015
0.238332117834 2.1452733074
0.612178494196 1.56957887668
0.266635882602 2.06922628621
0.0198165964948 3.01548520173
0.000939133952862 3.40254735224
0.0778875746234 2.69840240788
0.7980967267 1.61656433578
0.231984275477 2.3415689302
0.534577638619 1.91821213219
0.129128219301 2.54903584483
0.00180823331853 3.60119928044
0.0277664892677 3.25763767113
0.077077709745 2.86447169209
0.781081623339 1.30212143163
0.145145510306 2.39261669904
0.210215792688 2.18583756197
0.0691194458228 2.81380405735
0.00910288150793 3.22000649268
0.4049707211 1.65545040499
0.0102183135606 3.2000843434
0.000674471778497 3.57403260919
0.375667066495 1.75456474685
0.365459591137 1.7727138486
0.0736063742549 2.6035100054
0.01276431956 2.93802710532
0.171283999101 2.24907335225
0.0028169276182 3.17160107938
0.85934046198 1.57657677767
0.49379536626 1.99715587695
0.063148225754 2.89654272315
0.0163135026264 3.1939767647
0.000648108130493 3.44313430009
0.143553536012 2.54089674141
0.00831110714325 3.27009086026
0.00490284003958 3.31688276369
0.422209849723 1.74992991779
0.0531031442962 2.64447352996
0.573324629697 1.54038744133
0.0148447481358 2.95979686809
0.0831115516549 2.46793767372
0.00276294494347 3.15593246319
0.780440927476 1.35494892076
0.662452042549 1.43889558355
0.0367099019799 2.66303531457
0.404649204419 1.79139623944
0.00853717399556 2.9036606045
0.153910045234 2.30299219735
0.00146279184028 3.04699684879
0.108600646322 2.7360909408
0.00241528584806 3.78190539586
0.032202060544 3.22966144281
0.217269958254 2.44484365863
0.447842349461 1.86669528726
0.680773155046 1.57051645553
0.595658595634 1.89099103937
0.0317398413349 3.28879778772
0.237301909355 2.55466676367
0.0034708936828 3.58602045031
0.214865524895 2.62925798955
0.000896969632108 3.68327913942
0.686847167946 1.77813828128
0.000359159001319 3.12642439617
0.000490568222476 3.10976621661
0.0439631109013 2.44359084661
0.126892095395 2.20899478635
0.395770225677 1.6826176022
0.000226044025434 3.12077429228
0.0610144878896 2.36779017129
0.0205610192016 2.7401453773
0.0864090667144 2.38992947944
0.0111762608951 2.86825619752
0.140568309351 2.18160345912
0.463701451122 1.62400068767
0.467683449658 1.62235614644
0.590703813642 1.67797975908
0.301342243267 2.09132104284
0.106110519062 2.51350439821
0.0340100519472 2.76926601233
0.00273625683963 3.05171280363
0.0125616251723 2.91822609813
0.00161852248404 3.07703714862
0.454331798177 1.83861873285