1.0378013033 0.0472313396749
1.03992032541 0.0534572987312
1.02532905509 0.0634001608989
0.0992158367441 1.00022228353
0.0669361092694 1.04770201141
0.167941891078 0.945138640086
1.00460479099 0.0886001932922
0.0649140259382 1.05611670668
1.04160088059 0.0485100873978
1.0045410811 0.0892635163438
1.04117767718 0.0486707940051
0.0681951423891 1.02303399448
0.135388693494 0.962715467533
1.04446688463 0.0540155265702
1.05198578549 0.0589960662673
0.0573686839642 1.04260290491
1.02699317659 0.0676799639744
0.962665604104 0.135705141718
0.149161617499 0.950399677577
0.068202060054 1.02163042011
0.0472490466813 1.04015673703
0.0569554878119 1.03023212188
1.02173975629 0.0771938320594
1.01522186375 0.0805971452438
0.943701684836 0.157100467568
0.97624030879 0.118146932763
1.03997177889 0.0609481175172
0.0578925000099 1.03188590047
0.168338350395 0.937141118599
0.0621929843035 1.02612687654
1.04415665217 0.0568863006415
0.0908110558429 1.00397052623
1.02536444861 0.0706818774269
0.051350188131 1.04564983055
0.937960632039 0.176164700441
0.0513489684576 1.03873427993
0.0552476444302 1.03896097604
0.0598652141089 1.03099234836
0.137116421491 0.96161794033
1.04040798363 0.0470077573698
0.982514459634 0.110966138436
0.0536363725125 1.03327901592
1.04852953215 0.0627377093957
0.13403051776 0.960198794217
1.02471520337 0.0676703142309
0.0551904120568 1.0388658417
0.944974610769 0.156958521881
1.03905302135 0.0513388819298
0.981119814116 0.112330278955
0.128745114513 0.969104593689
1.02053099283 0.0748694851204
0.0482772807391 1.04022971911
1.03490909041 0.0692960223753
1.03977936344 0.0497463177933
0.170762343921 0.940597992929
1.03973503649 0.0549824578954
0.947565189957 0.159078877648
1.04878494637 0.0569677292453
0.0456054662957 1.0400438564
1.02886770202 0.0672930462236
0.0475403198571 1.04034763029
0.0496817676222 1.04262730805
0.0995297100484 0.994540075298
1.04126741286 0.0463319738142
0.955565283262 0.148714475464
1.03541400063 0.0504863782507
0.985383440847 0.114786454764
0.100012429978 0.99605427202
0.0662525207584 1.02559898844
1.04166838544 0.0456610493838
0.0602611815492 1.04872175721
1.03673352226 0.0520196630293
0.0762591623877 1.03342495744
0.936052572327 0.17345038403
0.134573933975 0.964142104975
1.03889038406 0.043983471762
0.0510311609877 1.0388788679
1.03724208134 0.0442456911254
0.970879965178 0.133225350058
0.158564630503 0.945360753057
0.0507538852495 1.03671502128
0.108656979366 0.989343687318
0.983804364142 0.110829327051
0.9774249538 0.117742604773
1.03738095619 0.0663368004663
1.04119143961 0.0491271158787
0.941146355681 0.163708744573
0.0554071601881 1.03436626862
0.0517853739289 1.04549114956
0.147455058305 0.950747023028
1.03637966163 0.0461252785803
0.956614460239 0.147752012598
0.0702840169858 1.0236605075
0.167907290605 0.940887878864
0.0466499152699 1.03771042721
0.0473824147255 1.03653050593
0.10484781323 0.989283042723
0.948003283397 0.151341200677
1.03705236964 0.047560738149
1.04169919351 0.0459565280638
0.0564201705964 1.03001748148
1.04364889772 0.0479511175222
0.170554367298 0.93637768301
1.03283688833 0.0540654132607
0.0644814037714 1.03950606356
0.952757962786 0.144863023237
1.03687416991 0.0509440514744
0.075514670955 1.01944724063
0.0463106764258 1.03622511994
0.162170428828 0.94611521157
0.0499074484137 1.04519575311
1.02442335869 0.0719928704386
0.935795641758 0.173874660202
0.0465475157276 1.04181926816
0.935721894601 0.175774173165
0.142591122513 0.960553876754
0.0488030290353 1.04328112598
0.0487239018398 1.04367895297
1.03983987638 0.0444296135885
0.0478467804156 1.04344516298
1.03510093526 0.0486559346217
0.0448800659143 1.04095554479
0.148324274682 0.950487152719
0.950887967475 0.154438365015
1.03852032312 0.0488297487907
1.03923717985 0.0465314403873
1.03369391533 0.0549223702212
0.991413165179 0.107930560897
1.03505119789 0.0495914089008
0.0638710194818 1.03749867491
0.158627520468 0.94493144914
0.0418812273815 1.03854818831
0.0483781142882 1.03697085821
0.0454917369806 1.03887407064
0.131185192344 0.964880102218
1.05106099382 0.0619026656848
1.02056089797 0.0768371643465
0.968312605792 0.127962257001
1.04138784533 0.0455652030664
1.03948685103 0.0608915527865
0.998704849243 0.0955541771928
0.972528835983 0.122388273463
1.03973527559 0.0612612795799
0.155916972385 0.944181268637
0.0685265450958 1.03905546668
0.0652174610978 1.05163379548
0.102899758696 0.991312061464
1.038042474 0.045008694569
0.976376870211 0.125384343415
1.03489302905 0.0493954897311
1.03516837073 0.0490218061664
0.0968316659515 0.997651468468
0.073595514496 1.05737308489
0.142299407707 0.955552762048
0.058046501051 1.03303756002
1.0344951755 0.0567654477847
0.164300803388 0.945602992915
0.944169352501 0.155684491871
1.0382093005 0.0429367880605
0.96025875673 0.141766042137
1.03874627076 0.0447957864241
0.15660575345 0.942836688444
0.0569736509424 1.03986268239
0.0540989162834 1.03975698856
1.03804605128 0.0446355862594
0.93200178881 0.18106257803
1.03811031065 0.0453173796866
1.03885892975 0.0421524936343
0.142851596403 0.958962423457
0.0439248464062 1.03817182622
0.944532049194 0.158487554767
0.151382553646 0.94629523041
1.03385500387 0.0503288224228
0.0467757822662 1.03676518426