0.00275308604848 0.983419622002
0.0105929572735 0.973606853975
0.976562901041 0.00425327248255
0.978823477489 0.00667995652567
0.976203795299 0.00850570039358
0.983552047096 0.00722289299503
0.00116250215506 0.981996173936
0.00601038987005 0.975974176134
0.978582989884 0.00598706255326
0.973669031563 0.0132160516023
0.983932982019 0.00875644799244
0.973795430951 0.0105296914218
0.00147738764965 0.981807135069
0.00285040633658 0.978003738485
0.00255511662074 0.981720632702
0.00144495888109 0.984220669465
0.961202604921 0.0458750407817
0.984702431164 0.00753472145906
0.977241295342 0.00428678558856
0.00773929667669 0.980244051721
0.981022948876 0.00378859054626
0.968633313229 0.024366864324
0.980838627859 0.00755858155397
0.0231673355209 0.968345047693
0.98315629824 0.00142760623411
0.978289872513 0.0108357233316
0.959651674471 0.0431145904016
0.974156879855 0.0276193394981
0.968208075652 0.0327372965061
0.0142553540975 0.973211466725
0.981533684173 0.00026464172167
0.979670436702 0.000751552619098
0.00325068317781 0.977311500298
0.975584186546 0.00580570802569
0.00109319858692 0.982859245646
0.970137743243 0.0270764991147
0.970117514655 0.0306216573099
0.978841983167 0.024993334411
0.97601933775 0.0259592290596
0.00312663873204 0.979935728172
0.00138741534322 0.983623909198
0.0082407050319 0.984540306944
0.0113571297378 0.975079451118
0.00938451922115 0.978575516102
0.976914610938 0.00609704336639
0.972928348022 0.0106150805164
0.985647833743 0.00656923218745
0.969103727474 0.0237984190201
0.986907557356 0.00794619338587
0.00406174582436 0.982905226969
0.0120977401641 0.974631008596
0.973146613217 0.011861114103
0.00945604689733 0.979943875035
0.010983752795 0.980471393858
0.0104930514097 0.979277709558
0.0208422433591 0.970303254427
0.0012661664884 0.982605630852
0.0438349322437 0.96645336987
0.0399551948329 0.964357981642
0.97254954055 0.011579715902
0.982885459792 0.000480185827586
0.00595830836942 0.976426794773
0.966911020901 0.0284392440365
0.00978318629469 0.973518819432
0.975352891851 0.0198052869462
0.0176133814673 0.973748220921
0.968908665876 0.0293333556642
0.981864579922 0.00440280458538
0.983893581585 0.00547966539853
0.0152966230791 0.975696031141
0.98089308195 0.0104226827756
0.985400852304 0.00515053076896
0.0261187048575 0.967110626658
0.982282820517 0.00370516734688
0.97616703931 0.0093011125679
0.979108783292 0.00522661058243
0.978036545922 0.00485500300576
0.00274884065062 0.979982254452
0.00623670580685 0.975285257417
0.0126290354763 0.980703963903
0.984216696781 0.00404553248136
0.972788839933 0.0113667717201
0.980031282102 0.00103328659651
0.979673237684 0.00314002607987
0.000577192401016 0.979849128985
0.00605579956329 0.976518147462
0.00800307191087 0.97609893531
0.0280039980452 0.971509751676
0.97698457028 0.00360922037158
0.0220583447693 0.976462738178
0.017471737794 0.972968604361
0.969893549477 0.0203844212104
0.0290666377021 0.968883452579
0.0305927265151 0.964491956486
0.97824104358 0.00826316321226
0.976359756226 0.0168162595982
0.960608165233 0.0428073191349
0.980324914195 0.017558132811
0.00258217444472 0.984742341036
0.979476211042 0.0194747615551
0.0195369958337 0.972312722477
0.982830097363 0.000750790252117
0.974768490029 0.00824883911099
0.000264328567464 0.982562556962
0.0216198171633 0.968788753382
0.976417802232 0.00532803217967
0.979709845914 0.00465413822022
0.965585132116 0.0276072559236
0.973648153527 0.0128588709233
0.343652645886 0.950509629155
0.00686101635255 0.979658228469
0.0779369234346 0.959009022481
0.0435977429744 0.975659382253
0.030401244785 0.979092012641
0.980839794558 0.0047402002344
0.982652232984 0.00210948790207
0.973203090197 0.00947740590505
0.0114994136589 0.984174412921
0.98514305966 0.00424804375094
0.0307322178421 0.964049601866
0.981090173257 0.00349837486035
0.977975953314 0.00507446142642
0.970042690041 0.0183069088523
0.977744783552 0.00459514874743
0.00385789336302 0.979878105636
0.0050659556529 0.97816913294
0.00875539027718 0.97554424957
0.977313474274 0.00525991013369
0.980179583251 0.00178094866786
0.00200025729345 0.979973208757
0.0121845126351 0.973444573676
0.977939460762 0.0120997158615
0.00574413205321 0.98404863254
0.000552144722234 0.981181541145
0.0115437659743 0.972473873369
0.013139308601 0.972362801382
0.002407318631 0.979494417585
0.978962484844 0.00535721099872
0.974048460179 0.00992380672207
0.0132503954162 0.985893564972
0.98177976786 0.016265607743
0.0219356424298 0.9870356107
0.0259911870476 0.981780635108
0.037474679191 0.97182334204