99.4493975951 72.5185392959 1.26128049767
3.0114857952 4.65530841264 17.2837320519
1.93666730612 1.30646582384 7.61819443861
1.91622749592 1.29370756222 7.53117404706
1.94291626486 1.31265251963 7.61558983284
1.89816510392 1.28085668898 7.46551398319
1.94359169784 1.31246560064 7.62752528089
1.9282569278 1.30055893232 7.57637222407
1.90869914565 1.28798069758 7.45957036783
3.27594538989 2.18544314774 52.5361785497
35.4246944118 24.7039126297 5.95665958399
64.2749911894 14.6154788836 7.14684447125
4.28524651454 15.3133935526 46.468828857
16.7114076185 4.0358791651 45.6403538906
3.71915416062 9.28275160804 53.102895558
38.7656486733 146.582649297 2.44981350613
93.167027585 58.5038077031 10.9264647668
27.3603523121 172.882526607 2.21029956611
0.841858780159 7.52077970425 85.2775925224
23.034213171 10.2745158874 33.36261402
41.3091463773 99.0848548424 1.10823397483
11.1364860537 140.010198289 3.81114358136
3.35832636481 34.0017826083 24.1792269043
2.68931844846 6.44415338916 106.906301591
48.0480212041 32.5074893399 8.19934389945
167.818882112 3.43144152682 19.2841561171
3.92398176074 36.8103092184 26.1024652668
1.84608910237 1.84603694337 8.58532648853
1.84610519799 1.84605238283 8.58540041751
1.84611124889 1.84605983615 8.58543057717
1.84610138573 1.84604930395 8.58538303644
1.84610897804 1.84605677037 8.58541911291
1.84610044872 1.84604774338 8.58538195125
1.84606787846 1.84601571061 8.58522817329
3.30621509462 2.23356210546 60.5967535181
56.759370199 80.9158001956 0.706323782858
145.189439093 17.7444117646 0.734612897706
77.4959162258 51.870879548 1.85942978168
7.17499804813 289.649837746 2.04410590401
39.8585877113 28.4718314986 17.6681054848
2.23124548492 1.02309049381 168.99381654
13.9549304787 5.95491285127 81.7263418176
13.4836911633 51.8789220975 45.4973611208
13.9883607391 13.609791847 73.8087881586
199.831953449 1.50641629608 18.2786487634
1.0594973143 0.450766845761 95.7860216272
0.928494442306 132.000799867 14.7096891285
47.8847542275 13.3689628337 15.8256912141
49.2601361014 12.160613873 16.5290739831
5.00985203001 5.31757908977 42.4420993208
54.3803494845 12.3775711897 7.5681930884
5.53150376484 5.85185620004 46.1879097838
6.80047617243 7.19682976208 59.9479194444
32.7340927258 13.7429513471 20.8603546788
73.8209308538 53.1263081719 0.752994334768
18.0296688877 42.3081463225 26.5580365381
4.80836161581 2.03444735657 27.740138642
69.7696714541 74.308313737 1.48962624115
1.82734486308 97.1125761827 9.82809684246
12.8069015249 53.996283232 15.5725336989
4.02952234086 6.04555169361 81.7367104496
132.261071381 1.40285557242 11.8484244491
10.0923086518 45.0753962816 22.6338977333
3.42795907878 8.40675860504 137.571937766
43.9855188467 10.612209268 14.4409744608
20.4089873708 30.9109864413 46.8068531146
16.0682219283 67.1454841856 34.0939872715
44.2644676215 11.8238791853 13.901095496
12.0674929594 8.07475472898 20.1147402879
7.76290842446 31.3066862108 4.69686156394
2.6484433935 3.96189930158 70.0325696035
75.1687067276 9.72620314812 9.3137677516
0.09190611251 0.134977574853 118.114717948
6.44839531739 70.1848541115 18.399505271
2.92248536468 1.9480504307 4.87277512153
2.92284134548 1.94822635433 4.873267142
2.92283304412 1.94821612413 4.87335564221
2.92279834418 1.94823174105 4.87336142743
2.92281669461 1.94827533967 4.87334114517
2.9226814369 1.94810979256 4.87305762699
2.92266055702 1.9480883792 4.87301364911
2.92261218023 1.94807097075 4.87283113279
0.149108525893 0.362684068348 83.7298161205
123.579537769 15.7055470353 1.07961418945
12.4610575564 130.377759252 2.93246577843
11.1077493279 98.6340155253 11.8161004063
44.8066899855 67.5872324351 0.0757446366405
10.3156471119 10.2933416252 8.42841712953
98.5055590568 61.5103761814 0.292201273916
5.28293361679 2.36264975584 17.5479084447
49.2396908866 100.520017313 0.040804608361
12.0782688568 3.03668230437 22.8082312062
13.7079797178 30.8667138122 10.5150326401
4.60783601277 226.240329739 1.28568323368
11.1511896256 1.132885751 51.1581670696
30.1232775965 21.5106421162 23.4619412856
64.9582116104 16.6981055533 7.55856573271
51.4040234636 35.4054319873 8.90370241456
5.6236527451 5.68168870693 49.8160673034
122.9566066 13.4630594272 9.49763165173
25.179952212 60.3972092876 19.886537197
18.7744013397 8.01338514947 26.4797604525
1.82939497158 4.3310205722 59.9391673773
36.6968730374 52.0591174976 0.541320555155
153.938909084 0.0266833503031 2.98524606414
17.9782128246 27.7188285276 11.0736620368
1.3412705056 0.656864798652 139.55620356
70.5186567141 7.91051057232 0.266020025648
81.903708635 81.8027202019 0.147039748497
11.2992763831 2.97477351183 14.1821589262
1.8908125722 4.67321808981 53.6494999477
65.257633605 28.7257018618 1.46560709151
1.44726155592 3.49081106769 45.8625858178
5.95069302471 47.1999589211 22.1388616456
0.0370829391102 0.0834756090858 104.198100807
13.2687220042 13.5126239884 11.1373240484
9.94065909802 9.83736759398 82.6930854097
111.119363008 27.6316052347 0.389700381363
28.0272234939 11.5953446754 38.4172796647
84.7699387568 36.7090472312 1.1505354616
0.618679680574 0.388015692588 149.454219959
3.05942630417 232.560530736 15.9286388175
78.245839519 102.150942548 1.23101331755
11.9332588088 5.07492213321 17.5546193388
26.729313559 40.0705912585 8.2580183573