0.0103639785776 9.13454151164e-50 1.49344984508
1.0563551557 7.30462398044e-33 2.08166088909e-24
0.0646389449928 1.64148424994 3.35152238803e-21
0.11162197989 1.49596266965 1.07089074806e-41
0.0377840756955 5.24906246554e-30 1.49085514723
1.00004706937 9.487444157e-31 8.0315604083e-31
0.186453421057 2.02861888712 4.43803876991e-05
0.00683880072812 1.45219748568 8.29107361469e-33
1.00678545889 1.90958399375e-32 2.27989990286e-30
0.00705275084923 1.55885649396e-26 1.9499182019
0.0582358148351 1.40475217759e-25 1.71772782126
1.00001069905 1.04593747835e-30 1.61352667204e-30
0.0161152530712 4.52944353893e-19 1.6570323291
0.0183962051977 1.63826620445 2.45367340514e-21
1.00824824479 2.51920887729e-30 1.61691296607e-30
1.01984486183 1.07321235861e-29 1.6264187906e-28
1.01000379175 1.13084518807e-30 8.31448417299e-36
1.00000249944 1.27787955427e-30 1.28430104902e-30
0.211656971659 4.16852579941e-15 1.62984888589
0.22437242624 9.83392372497e-17 1.58948781293
1.02826669232 1.53353769484e-31 3.73078654634e-31
1.0303837858 9.50836919776e-31 1.49872459909e-31
1.02822856263 1.65915877075e-31 2.49586479201e-30
0.187075894184 1.55447050315 5.41042282315e-10
0.0766368953616 9.10633241193e-31 1.54825031818
0.0603311767452 1.77298007991e-14 1.63524708661
1.02779582421 1.01316885973e-27 2.74744447761e-29
0.0209103645274 3.40995695783e-28 1.45583194243
1.01183629853 1.88299477294e-37 2.04720100703e-33
0.00661575632592 1.71660838121 4.69208606348e-15
0.0181564812084 1.36001453772 6.41927273173e-26
0.0139094068732 0.00391760773357 2.50087094535
1.00514933464 4.43842674884e-30 7.31204497054e-31
0.19006476424 1.41490254297e-41 1.65239462454
0.0579177192338 4.47718547729e-37 1.43878275071
1.03536875254 1.43160707591e-24 1.80351879245e-22
0.0107575997869 3.47370388573e-18 1.55908130777
0.0254029717495 1.76203010862 6.77946944091e-21
1.0000052367 1.24295937307e-30 1.23755667154e-30
0.0707758987576 1.72030213066 7.34894188796e-28
1.00000523671 1.24295937299e-30 1.23755668146e-30
1.00000523671 1.24295937302e-30 1.23755669849e-30
1.00000523671 1.24295937316e-30 1.23755667605e-30
1.00000523671 1.24295937309e-30 1.23755669725e-30
1.00000523671 1.24295937305e-30 1.23755666953e-30
1.00000523671 1.24295937297e-30 1.23755668913e-30
0.0364729128178 1.34472192976 9.04041488856e-32
1.00445610305 9.82655615206e-32 2.88479032448e-33
0.128642133502 7.7894926182e-57 1.57798944366
1.00144550853 3.79588616234e-30 5.14448641284e-30
0.0408101062702 1.28497296886e-11 2.1783647426
0.0975331221339 1.80493018952 5.93630011381e-06
0.113035176858 1.03185338686e-20 1.79844671305
0.0104905916351 1.74485676134e-25 1.42558278132
1.05819386574 2.70680949675e-33 2.19630248172e-35
1.05697405757 4.1666185912e-34 2.11757213548e-33
0.0431809174841 1.68237018013 5.62353432338e-29
0.0574155084407 2.02866082122 9.95117014959e-219
1.03295761812 3.53971520322e-26 1.79361211419e-30
0.00625842766242 3.45805029489e-25 1.3640025075
0.116874585945 1.69891670719 2.91391282998e-14
1.02691578727 1.71398187853e-27 6.45115550773e-25
1.02687874484 5.74111161685e-28 1.81028636951e-28
0.0182612262603 9.41690998112e-34 1.64352729955
1.02565512562 1.19397990211e-28 1.27107581263e-27
1.02919414717 5.28069884582e-28 3.95971968739e-28
1.00006751035 1.51329249908e-30 1.25291028462e-30
0.0465886798012 3.73649065525e-17 1.75653374188
0.107730052701 1.50808786892 3.25625603124e-21
0.00710278147173 2.00638948456 1.1394836221e-34
1.00000027573 1.26368615954e-30 1.3152848294e-30
0.103078319123 1.55754725001 7.49033854808e-19
1.00000029804 1.26873404741e-30 1.31721909811e-30
1.05488797204 1.46800716713e-37 3.2490349433e-31
1.06291825344 6.44360623725e-29 5.19327332352e-32
0.00336209366644 5.30592775928e-36 1.71503885043
0.0284389367458 1.56633812504 1.18030062635e-37
0.130354102452 3.8364726175e-29 1.5039821369
0.00194616044337 1.70150924428 2.23645127387e-60
1.00094177673 9.40964919882e-31 1.15463033203e-30
1.00112109071 2.42820298624e-30 1.60501878137e-30
0.183592709018 1.51560613356 1.33265457153e-38
1.08293429805 6.07100501944e-29 8.07685988301e-26
0.0183905919374 1.55987519632 4.85070835882e-18
0.0165173932078 6.22350327049e-15 1.52239336484
0.0190826925404 1.48170937311 1.04736041524e-18
1.01446631614 6.00245149371e-31 3.85786559768e-32
0.138583141747 5.62325733357e-83 1.69949912485
0.182120266707 1.05982187637e-60 1.58728828317
0.080358965024 1.34018478204 8.87322565292e-15
1.00000466761 1.41172005145e-30 1.21964497643e-30
0.0525931603344 3.77368289564e-22 1.58072694086
0.0411321479153 1.83858846765 5.17023719358e-10
0.0532005644719 2.95586066413e-29 1.29109967598
1.01015846766 2.97005029597e-28 6.42269205001e-31
0.0351021729014 1.70433907766 1.04657610507e-19
0.0126936418005 5.54176075899e-21 1.3565063781
1.0074178717 1.3175327493e-29 1.85956523584e-32
0.0857498392582 1.62665867766 1.36749576165e-15
1.00001551737 1.00290272884e-30 1.73574496894e-30
1.00001499253 9.67523382738e-31 1.61464618692e-30
1.00001598585 9.68203345188e-31 1.64133778778e-30
1.00001490153 9.53139270147e-31 1.55179623761e-30
1.00001538207 9.65360553205e-31 1.74001604441e-30
1.00001485938 9.48105459751e-31 1.51606734429e-30
1.00001518642 9.56677733686e-31 1.57597080794e-30
1.02498470754 1.52986275746e-32 3.27480747457e-30