0.26590939741 15.8315521487 -0.0756066856519
0.0315848101664 16.5693957749 -0.098016285028
0.0815536267489 16.3015666509 -0.0941478489104
0.131459507045 16.1208213374 -0.0893300846577
0.0353529737261 16.5300218278 -0.0976512954243
0.238451720128 15.8945119115 -0.0791789509535
0.000897493562166 16.9549413721 -0.0999483200619
0.0073220040072 16.8147988777 -0.0995831553875
0.00960463779522 16.7636239584 -0.0993699012617
0.381036320267 15.6368911136 -0.0586204808476
0.116773534968 16.175430613 -0.0910654841914
0.00424060979 16.8731514486 -0.0997659029543
0.194564191442 15.9577853903 -0.0827036718397
0.0379242320754 16.5194373837 -0.0975277676844
0.0346311049288 16.5395456964 -0.0977494454902
0.0256198101732 16.6178242705 -0.0984320713397
0.0568529497366 16.4032725815 -0.0959463027837
0.356410587444 15.7093695481 -0.0656911039647
0.000946148727071 17.0079286285 -0.0999519916005
0.179827044612 16.0142914483 -0.0852453775176
0.00889456259015 16.7727683147 -0.0994408624216
0.0117160841072 16.7346195019 -0.0992419189157
0.0310412539006 16.5621525093 -0.0979822471305
0.0545680315263 16.4147735247 -0.0960979372912
0.088374981192 16.2731121156 -0.0935442070414
0.110054690943 16.1990206819 -0.0917109969992
0.277853975489 15.7981743427 -0.0734326255837
0.209658147038 15.9452425078 -0.0820684779254
0.0968520579533 16.2360072775 -0.0926677547402
0.00948155799674 16.7843347652 -0.0994561193025
0.0211664506254 16.6396074579 -0.0986510300504
0.0304138703951 16.5631513913 -0.0979870013729
0.0641930265735 16.3706826053 -0.0954553801609
0.00507707796531 16.9836816541 -0.0997372588999
0.379794528171 15.6382661108 -0.0589535338557
0.0428309423716 16.4920968668 -0.0971985675944
0.000608946566393 16.9723209193 -0.0999661399384
0.125990148423 16.1433079035 -0.09011936105
0.0269961384246 16.5888114472 -0.0982271895328
0.016047835755 16.6858596352 -0.098966002217
0.0141815870912 16.7329618743 -0.0991824420936
0.0703152785696 16.3407519726 -0.0949021254881
0.263677306271 15.8262061823 -0.0753610867319
0.0891005318292 16.2654164483 -0.0933674739742
0.0436374116638 16.4778196569 -0.0970393558107
0.187609036329 15.975556842 -0.0836384197824
0.00071680117886 16.960076688 -0.0999557752284
0.0484857684926 16.4479655381 -0.0965430505276
0.0122040393416 16.7336216569 -0.0991818342725
0.00425600747692 16.8544333888 -0.0997427252994
0.0076278634951 16.8019354234 -0.0995522788359
0.243227797278 15.8581201011 -0.0762979067274
0.00929358380279 16.7672833458 -0.0994164801929
0.0197406966244 16.6526168238 -0.0987470658925
0.0476434608294 16.4572266487 -0.0967743890109
0.222900641821 15.9098175981 -0.0803360197148
0.115268198066 16.1903837624 -0.0913985660177
0.00379077009443 16.865294984 -0.099772807151
0.000754239883327 16.9604272043 -0.099955836733
0.0246292310249 16.6073256493 -0.0983861300417
3.69704622305e-05 17.020478906 -0.0999975540962
0.520142535776 15.4881527399 -0.0420287025137
0.053208661559 16.4272860225 -0.0963551121105
0.00673950523516 16.8440664376 -0.0996361895714
0.198367752526 15.9604825027 -0.0829517697847
0.012791042867 16.721996364 -0.0991631140149
0.0187441545958 16.6665067156 -0.0988380297522
0.0308991744933 16.5680627578 -0.0980281836879
0.0893018541843 16.2612445025 -0.0931664029145
0.433428992429 15.580615284 -0.053759446915
0.0858139801926 16.277441101 -0.093631083936
0.00223357303202 16.9176837066 -0.0998501539395
0.117065368162 16.1690040081 -0.0908872114908
0.0110847864955 16.7598448953 -0.0993531235302
0.0145118038371 16.7089623367 -0.0991094312524
0.181469553832 15.9943950666 -0.0845466059562
0.0387766435143 16.5372190224 -0.0975978372129
3.7172615287e-05 17.0465781778 -0.0999976508089
0.281485185655 15.8110731105 -0.0740838226923
0.0271602306987 16.5924955671 -0.0982624214923
0.0525438938594 16.4264621458 -0.0963249158933
0.104378916669 16.2139693722 -0.0921248924493
0.158505837204 16.0443618807 -0.0863877101184
0.000931782208189 16.9519096739 -0.0999389131726
0.0130330558038 16.7317546318 -0.0992224645312
0.0069536312466 16.805048675 -0.0995763228421
0.0383534179757 16.5269048194 -0.0975643819103
0.290940244848 15.8003029476 -0.0691004721584
0.154177436782 16.0616409176 -0.0873114294477
0.0788043812272 16.3061642738 -0.0942448904274
0.0599768184367 16.3926264547 -0.0958232760222
0.00692116061247 16.8042200788 -0.0995735910196
0.00064771549543 17.062406148 -0.0999672201764
0.0213886724727 16.6603761956 -0.0987290417748
0.0364902372443 16.5201040791 -0.0975233187588
0.38826576525 15.6779674745 -0.062267739364
0.21382282542 15.9307604608 -0.0814211390528
0.0137722021099 16.7324184126 -0.0991975729525
0.0257721291521 16.5976229158 -0.0982977663858
0.0689093279336 16.3635798657 -0.0952778698993
0.109392590628 16.192927041 -0.0915550731581
0.46861709848 15.5392501472 -0.0488127472817
0.148117430754 16.072499726 -0.0875732993681
0.0872933437195 16.2753831401 -0.0935981978424
0.0328514240887 16.5586140601 -0.0979193701232
0.0365975335023 16.523417417 -0.097580715498
0.00242891733883 16.8987212239 -0.099854586004
0.0203320506345 16.6495139702 -0.0987221848597
0.0110505447016 16.7439654245 -0.0993039823531
0.00021105277663 16.997181816 -0.0999879136344
0.284298446639 15.8103474398 -0.0739214712362
0.0917978431211 16.251805918 -0.0929514072746
0.0373206090295 16.5199334245 -0.0975412161473
0.00898892368006 16.771251762 -0.099433333212
0.00195675284225 16.9371637214 -0.0998694010342
0.0516627729601 16.4348358695 -0.0964643695506
0.0121140855884 16.7305371958 -0.0992048276185
0.417664325548 15.6005807657 -0.0559839336389
0.00441473258431 16.8686382811 -0.0997020508271
0.0469970676328 16.4778321794 -0.0969664667524
0.000245548691158 16.9923924301 -0.0999841221011
0.110301597449 16.1922724646 -0.091547375669
0.0914377572848 16.2588414573 -0.0932244826186
0.418561948491 15.6058195588 -0.0564396883248
0.00747724007127 16.8101387659 -0.0995708670573
0.0310379275787 16.5597191881 -0.0979574457001
0.183520150738 15.9869927769 -0.0841993881809
0.0210489549021 16.6388848745 -0.0986436500649
0.10269442013 16.22677013 -0.0924142527825
0.0453718144267 16.4661688042 -0.0967731140821
0.0146592506886 16.7032914473 -0.0990809131436
0.000289885582898 16.9897536336 -0.0999831920931
0.00211763492498 16.9250647211 -0.0998858624943
0.313962761687 15.7404760948 -0.06911876283
0.177214951425 16.010646115 -0.0852258135538
0.079375749466 16.3049608871 -0.0942254324913
0.0493701177305 16.4436539356 -0.0965730374534
0.0255516644215 16.5989634196 -0.0982930753541
0.0061170233443 16.8233533321 -0.0996379868713
0.00199875125414 16.9094791227 -0.0998725074331
0.000798713827622 16.9657730679 -0.0999564955158
0.0105314336198 16.7528448225 -0.0993495014024
0.344827039192 15.6872314775 -0.0635173856032
0.197115475235 15.9583153862 -0.082867936422
0.0163166466097 16.6971663201 -0.0990189323262
0.00669260607208 16.8532984875 -0.0996442529748
0.0749008941861 16.3301944011 -0.0947117379569
0.121232999761 16.1746889661 -0.0909157323982
0.000595999658869 17.102246864 -0.0999668136142
0.0414747472663 16.4946911421 -0.0972481491235
0.452206671295 15.5589002058 -0.0512194924442
0.196622617559 15.9752356343 -0.0834989278626
0.00612089622282 16.8182477252 -0.0995992673956
0.0210747692739 16.6378161832 -0.0985863286552
0.00899911383237 16.7713911371 -0.0994350459281
0.0793422195035 16.301177013 -0.0939779567206
0.0560808061237 16.4097870348 -0.0960885263521
0.280726709073 15.7951330939 -0.0732363910606
0.111240478304 16.1890066746 -0.0914573154961
0.158406959839 16.079861688 -0.0876325403805
0.0047698933657 16.8516034456 -0.0997243123306
0.00406888952338 16.8595449282 -0.0997324754468
0.0217080404542 16.6507150716 -0.0986879910808
0.05193911722 16.4308866729 -0.0964011895409
0.0264681057747 16.5918081405 -0.0982402491256
0.192346073143 15.9695719643 -0.0834074983374
0.0259667571712 16.5991052714 -0.0982129864785
0.573445337895 15.4824436442 -0.0385713726844
0.00414013391359 16.9433502212 -0.0997910715973
0.0595985160067 16.3899817658 -0.095646331097
0.118984720067 16.1682681367 -0.0908593877736
0.0523984029982 16.4648306221 -0.0966713898113
0.026899937786 16.6627330572 -0.0984837104158
0.221415401623 15.8999376636 -0.079088018075
0.0400568326846 16.4995323309 -0.0973054155142
0.106078746818 16.2094662777 -0.0920038044843
0.0596321789452 16.3899114216 -0.095748828093
0.206163214425 15.939568522 -0.0819377675513
0.0245903111167 16.6125585117 -0.098434956247
0.00113405177169 16.9413976039 -0.0999316409407
0.0157558637825 16.6891120157 -0.0989884839832
0.00360279200738 16.8694103433 -0.0997638735691
0.4594392293 15.5454523895 -0.0494956662828
0.195282994113 15.9746147758 -0.0835317670268
0.0823052113331 16.3029095437 -0.0941507292875
0.0517391015026 16.4375080184 -0.096497942537
0.00221504655634 16.9273631465 -0.0998824920601
0.00674939437921 16.8053676009 -0.0995741955604
0.0156775996332 16.7184097985 -0.0990938342948
0.0347314346628 16.539858689 -0.0977500991554
0.468002981978 15.5439324052 -0.0493694396423
0.00780923487975 16.7980297487 -0.0995390835722
0.0017351982418 16.917752663 -0.0998913217515
0.0367175600622 16.5222350653 -0.0975676493067
0.207318751971 15.9509744864 -0.0823417907696
0.069246951107 16.3568145445 -0.0951926479632
0.144830759331 16.0971217457 -0.0885473441593
0.0249158500959 16.6267074282 -0.098489859484
0.280643938737 15.7949864185 -0.0732244605377
0.0276613697853 16.601707549 -0.098296258707
0.18367304609 15.9820321828 -0.0835883454776
0.00327619864233 16.8906369649 -0.0998181960836
0.104502886984 16.2212587883 -0.0922685935696
0.0315754526027 16.5535954708 -0.0978776511746
0.0453042948287 16.4704066944 -0.0969477774717
0.00112310694088 16.9849908455 -0.099928804388
0.0117547335476 16.7705655479 -0.0993427729297
0.304749641582 15.7913679876 -0.0720745011381
0.153442286592 16.0707072148 -0.0876263660433
0.0186057959549 16.6600921475 -0.0987691504517
0.00905009734784 16.7752217338 -0.0993966800668
0.135987520176 16.1063900263 -0.0887050472261
0.00429950646681 16.9058746056 -0.0997786157958
0.041780247158 16.4977909853 -0.0972696227106
0.00143721368702 17.0217944115 -0.0999186577514
0.0553202588472 16.4169541994 -0.0962014021517
0.0158719895096 16.7225691002 -0.0990933437132
0.461474318595 15.570249981 -0.0518423805654
0.120301064768 16.1647403199 -0.0907527875822
0.168008905204 16.0409364808 -0.0863843936563
0.0472104710727 16.4608875713 -0.0968218553838
0.0127026706486 16.7310350128 -0.0992300850233
0.00548014051696 16.8275784537 -0.0996511637815
0.000266132968293 17.0681698241 -0.0999865367205
0.315244010969 15.7387871583 -0.0689854157924
0.141353371569 16.0959755197 -0.0885566340573
0.0773339428327 16.3221965578 -0.0945446974753
0.00222600343318 17.0059029611 -0.0998848947057
0.0157016085861 16.6945393825 -0.0990255309583
0.0087484706544 16.8028669518 -0.0995107303864
0.0658557701308 16.3596011945 -0.0951685737305
0.0272095304794 16.5927198756 -0.098263200977
0.0452311626332 16.4777766239 -0.0970222602701
0.395290772218 15.6431864855 -0.0600621985015
0.135564776026 16.1097316259 -0.0889909934493
0.0362199689768 16.5301459333 -0.0976462970212
0.0753626871489 16.3238159433 -0.0946028931152
0.0057769024059 16.8221088559 -0.0996342030213
0.00454661859762 16.8464940086 -0.0997188531238
0.000421415295675 16.9779675827 -0.0999732192982
0.303802736607 15.760818022 -0.0707025586971
0.0846454586772 16.2853666143 -0.0938161647477
0.149063877147 16.0821379941 -0.0880476174027
0.00814684279393 16.8035448476 -0.0995360338241
0.033845337836 16.5461276038 -0.0978143624872
0.00197400753649 17.0777967647 -0.0998994272156
0.0503138218308 16.4448915305 -0.0966023264368