0.0132019080401 74.6938454686
0.0738266012505 74.071164358
0.00102248225248 108.090176609
0.103443975318 79.6716018223
0.00228103274931 117.98890035
0.0370833482607 91.3917568017
0.0715695733511 84.7909347783
0.141156970793 70.9453178326
0.00866856625137 100.641926986
0.0467245089878 69.1417294856
0.0314106743541 76.2830558994
0.00245679945414 108.042132235
0.147518310185 60.5851345821
0.00670876219352 93.8803336761
0.0269322201278 84.5878242614
0.0367762439832 91.3331675831
0.0415792201379 88.9597112561
0.137276037651 74.211183136
0.00113899217652 116.74360378
0.560557237471 55.9269082498
0.306145124141 62.7120538932
0.0631083419361 68.1137821938
0.00259618436263 107.187271415
0.0171740466096 92.4336609501
0.0329069190325 71.3226478495
0.00792227448275 79.0404395971
0.000763819867216 86.1040614127
0.19440636864 80.5216621213
0.15804245943 45.1741979813
0.00426949600282 87.3816052084
0.00626813438037 84.5133549776
0.877544486654 63.2943937912
0.0248109049013 88.1219329619
0.00333187131307 98.0397378936
0.209178920088 32.4178520816
0.0083950812886 92.4404923073
0.116759226955 70.5359612154
0.0514477448175 75.8617470369
0.0117394660435 95.5563502026
0.789305564463 55.4349617571
0.0028458476853 114.004913788
0.032951972965 83.7874356691
0.221431925931 70.7129060217
0.00974347260538 99.4645490017
0.208161777511 65.8995089771
0.0309758029869 81.7898397063
0.00214794434198 131.577638348
0.00563582763448 88.9792662631
0.109609126236 74.9611820493
0.403939149939 65.4124189094
0.000699157727303 101.044649915
0.944873110245 46.9717203909
0.00992341392434 64.7026591277
0.0299645481923 88.9759585706
0.373158417948 75.1251177568
0.00271452076302 108.459022265
0.0120607816821 99.9732689044
0.035503095837 79.5598538643
0.00239436218277 83.6456773022
0.518775891994 60.1908308127
0.00159761702554 108.073070337
0.0800702104849 76.870126377
0.000615625310491 126.057564425
0.151771939631 66.3543018301
0.0231369546654 89.1509562789
0.0320586159412 86.827618959
0.12447834432 81.3213600575
0.00113941688246 118.686209622
0.113615050673 82.7289098814
0.0228552994188 104.613127943
0.0139485052004 108.780500788
0.474913861899 73.3828519058
0.0718621766899 78.3863575423
0.00814279133023 104.871708325
0.0245829396709 93.6498167203
0.25017496088 63.4702260925
0.0587111464751 68.9276242649
0.00915244191696 91.2347949186
0.14835609415 63.1140353952
0.748409651469 63.4964171648
0.0150861429624 91.4572967749
0.122349985753 84.0250653322
0.00617780511601 103.179115598
0.145845029815 74.8222065881
0.00945311807532 88.3956797352
0.429244069797 64.363627385
0.00868795703343 97.972602936
0.16804142265 68.5540179577
0.0619594503937 70.3942890372
0.00108709547115 99.998217419
0.373976593766 68.131016424
0.00750592459285 108.66276085
0.0463866513021 84.6350463276
0.118230456843 75.6980480586
