2.22879043643 0.00985854361061 0.0732852575376
0.00585136813065 0.00955879997157 1.60403045201
0.00544610617734 2.30303877859 0.0148075104681
1.74452569393 0.116079988367 0.138984949998
0.0910374524665 2.01858751071 0.0137977212072
0.101646462134 1.70519662137 0.209184070168
1.87621826522 0.159998852641 0.0361213300425
1.66681251696 0.0292318091212 0.145284467019
0.00721650454118 0.0058042684932 1.50557893241
1.93128939786 0.0285235351544 0.02287821602
0.0761594682088 1.74275523703 0.0395383594555
0.00623914295575 2.00237011798 0.0518848396911
2.17581721753 0.00116830312521 0.0350059841994
0.389708068856 0.350565797361 0.965444061637
0.0026013398639 0.00835429176683 1.54771636915
0.0349355652781 2.10721897654 0.0185713430543
1.93417849218 0.0463867071207 0.0608446937674
0.00588329472559 1.84715563759 0.151910034092
1.82481475262 0.148934589507 0.048057223671
0.0220951769627 0.018361723622 1.48083073366
0.0173881222009 2.03519574583 0.0849774768567
1.78894488753 0.104904157248 0.0456130849144
0.0496612820674 0.0672095954553 1.40702935767
0.129083942295 1.92702746601 0.00992348896321
2.05079059415 0.00938608355108 0.00182958775283
1.89549493286 0.0720404388279 0.00172292497392
0.00543459582103 0.00649162315557 1.44081515444
0.141384303605 1.76849137853 0.0323436387811
0.0511972208937 1.93238196786 0.0348362039647
0.00573078288909 0.00276654881471 1.58915652785
2.01423642923 0.00182624192994 0.0684604249869
0.114491771522 0.107571010974 1.26921722841
0.0305557072918 0.0144974776262 1.47512960049
0.0361819685675 1.71878146936 0.0499095837182
2.00311057736 0.0235543918238 0.0455433482113
0.00849386317509 1.76258360319 0.247248838031
0.00286269332585 0.00686080479669 1.52818068322
1.50757301691 0.361769866517 0.00232128251734
2.2582049503 0.00752339467027 0.0123177828562
0.0459551490768 2.17416672226 0.0320638916918
1.90376686628 0.116149844056 7.14522139779e-05
0.00136949640332 0.00113205683011 1.63919434169
0.0569743387835 1.91725887734 0.0463467954815
1.88637232219 0.0161081529681 0.0316702577978
0.0167207837062 0.0517751934118 1.44557504522
0.00895751224273 2.11198828 0.0415981782012
1.57537693263 0.164515030751 0.0865848431206
1.92189608302 0.00515099743122 0.041016433487
0.0417486902941 1.98537682457 0.106600741525
0.0116575884644 0.0315772758795 1.5337063237
1.7423742906 0.0209460577972 0.0512517422202
0.00572377653061 0.00582551637991 1.653471214
0.0124637572121 2.25264039192 0.00382252951058
0.0421951412924 2.03351708507 0.025043477259
0.0680020688688 1.9533463962 0.0117690425716
1.69408618334 0.174807754353 0.0778071437027
0.00582792302339 0.0100981430982 1.56789667158
0.00738665997842 0.00498515088817 1.57519911669
2.08897966462 0.00033629839232 0.0235467293652
0.00706035831392 0.0105131935619 1.62158713826
1.77131390331 0.00939132440407 0.021162509292
0.11054957829 0.145246698259 1.29808117726
1.56596711102 0.235494095668 0.0667371853557
0.019714669996 2.02946855666 0.0150903246193
0.124442863598 1.8175432695 0.0423266682485
0.00892835671086 1.99056197706 0.0361948376502
2.03573349071 0.00671032776933 0.0237138183032
0.248571319923 1.6116692866 0.0878917161454
0.0265021521036 0.038678885273 1.45720481404
0.00477389607615 0.0109230256763 1.53461788477
1.91797125773 0.0360904260807 0.0360961969406
0.0117623390782 1.97716700183 0.0452376542462
1.75809781825 0.00967851751087 0.0334068419622
0.00594048869377 0.0191903447683 1.47693479935
0.00186031549887 0.00149501504122 1.5242910725
0.065466494115 1.70752612664 0.018055795879
0.187451087165 1.66872045375 0.069652688164
0.0148401892547 0.0160824867573 1.45707606343
1.70834327567 0.124217449767 0.0248369144279
0.069056250334 2.08658059406 0.00297123222697
1.83380823476 0.00899374870477 0.122601019101
0.0530132955514 1.87615921967 0.0537730505589
2.09987321841 0.0032839648208 0.00148215563224
0.02059093183 1.98895853244 0.0278048616712
0.00235104667586 0.00147076312819 1.63629974592
0.0158988294267 0.012128200931 1.52358716307
1.57504741535 0.0172405800722 0.290864554923
0.112710972022 1.87711228027 0.00449036202842
1.8107785525 0.061985894692 0.0429678736212
0.017453109318 0.0103914690677 1.51638693563
0.0578268703982 1.94738165826 0.0346344497601
0.0465440486904 1.81286109303 0.0207106278929
0.00558647963662 0.00354158911086 1.528913667
1.98879661698 0.0493421674709 0.021981549681
1.57672038433 0.124596239572 0.18419359744
0.0196124501911 2.21121402471 0.0210897721219
0.135355538037 1.74081801024 0.102128984465
0.00878816772858 0.012101286225 1.54489041092
0.0507387865074 0.0303768424463 1.44142649706
1.86991869571 0.0206854017128 0.0557549153435
1.78754421139 0.116508772552 0.0121410931491
1.96945607153 0.0394841610335 0.0145625450302
0.0101837268432 1.96175569257 0.0904383392795
1.8870500469 0.0122531649821 0.0130994008142
0.186875037031 0.0776068016073 1.31170265526
0.0149943835272 0.016343641733 1.49893673051
0.211654410822 1.68853721004 0.0675369536477
0.00182720687705 2.03708585071 0.102320651205
0.0720392980103 1.96089543822 0.0448928743593
0.0501585132714 1.7654355858 0.0595807931587
0.0245298721425 1.92902910978 0.045711178457
0.00286995409883 0.00442867248103 1.46330071676
1.82842309902 0.173116475277 0.0077936286105
1.66068750043 0.13133665187 0.171845062146
2.02131001516 0.00454924552946 0.0875435931513
1.60458351255 0.113479632556 0.0134922693374
0.0397467000934 0.0249069986822 1.31072933662
0.035972123453 1.64667961186 0.00605266201153
0.00388635130429 0.00425378120485 1.56056167441
2.09489773225 0.0215726350616 0.04348994996
1.91950610908 0.0469129794002 0.0598868309712
0.0785374937296 1.91088679677 0.0101466293974
0.0232460331398 0.0279828393287 1.43804420653
0.000458275197606 1.89140187888 0.0834840988264
0.0356887615544 2.01668275355 0.00514560722738
0.00751069577535 2.01805810252 0.017564945861
1.68432919823 0.0960540178253 0.138406834045
0.0160898574006 0.0172383418385 1.46601397419
0.249135705378 1.517699551 0.0190614446867
1.96300082632 0.0111227019978 0.0978377603503
1.83719188382 0.110612445665 0.0439796994739
0.0685653685385 1.76339370189 0.00346673140302
0.0443726319022 0.0635022994503 1.4279393443
0.0271314394115 0.0163598847748 1.54937053772
1.89816086181 0.0227812333391 0.0339396405694
1.47347295747 0.27595129951 0.0886965805882
0.00513044650504 0.0087469290151 1.6701418089
0.017748722921 1.87553222823 0.0306549307208
2.13273656408 0.00998535191891 0.032283317829
0.0160090552526 0.0462012018078 1.54066359243
0.0850291144937 0.0820153664315 1.43182926963
0.0377081934894 0.0284176358568 1.52526431174
2.07067231899 0.013433804586 0.0428134064463
0.0143123335131 1.95960027139 0.00777676893096
1.9767768741 0.0464489875731 0.0210421840262
0.0163720794327 0.0133313196737 1.49250345298
0.0896973123677 1.85318461197 0.0555866235108
1.81948917336 0.113899309448 0.0591800510209
2.0248364795 0.00959286428726 0.059957993156
0.132864847366 1.66337069003 0.127051765413
0.0186389802994 0.0178580177199 1.44769896058
0.0438134372481 0.0428910711456 1.37679372413
2.05831471758 0.0350380719309 0.0264860774152
1.80535547216 0.110839453849 0.0893376168722
0.0590798626066 1.77672585084 0.0664232168898
2.15849816059 0.00505316424452 0.0402251686655
2.07240934614 0.0203351949753 0.0182750502193
0.000946562534143 0.00142719877155 1.41538534564
1.93385025997 0.0524892518058 0.0169077177533
0.0233700800323 1.877506318 0.0106313706128
0.00634511269834 0.00786509329772 1.57248796546
0.0327536363926 0.0270691882336 1.41597656918
1.35086105498 0.502635193465 0.0941181100482
2.16051994346 0.0399758907156 0.0181878638268
0.051128409869 2.04471575817 0.0330781332863
1.98530827463 0.051002885073 0.0538026099983
0.193627869943 1.77589964795 0.032302634997
0.0587488858548 2.00428260353 0.00996294444054
1.8858776465 0.0883490545676 0.0342124447023
0.136468844194 1.79893572483 0.0502221680887
0.00555700093095 0.00591090483513 1.54080267339
1.65539924594 0.212611099694 0.0949800866186
2.10351642727 0.0181018147933 0.0186472417912