1.03730834886 0.0658894926501
0.0597633431495 1.03676287667
0.159835460356 0.947092699945
1.02788992294 0.073353865965
0.993966950726 0.108655138667
0.0712743798001 1.02505233783
0.120001373653 0.97413755397
0.957295035289 0.140136059558
0.053421291792 1.04573534129
1.01473848766 0.0847893596406
1.05058519849 0.0641943224235
0.062999403255 1.02909905717
0.0452799922919 1.03760408766
0.0692112931214 1.02519606846
0.145351505205 0.951197295003
0.0634586000708 1.03411375413
1.04924349596 0.055136925415
0.950254552036 0.148975065006
1.03284538423 0.060586279345
1.03466581742 0.0636400492206
0.046149132336 1.03838238497
0.163852341637 0.948390117363
0.960837314941 0.136997021343
1.0038188412 0.089399804703
0.061591118763 1.02900184975
0.962210188632 0.135187873342
1.05468431011 0.0639138648658
1.01138980532 0.0821618473569
0.122880282758 0.976783467062
1.02150748364 0.074700332532
0.051641784298 1.04161799485
0.155028495377 0.950383154497
1.04078997035 0.0445433819438
0.942132037522 0.161423439964
1.02385476753 0.0654656653587
0.0677008208636 1.02560000611
0.15825187837 0.948577827371
0.951624597952 0.149880707983
0.0589963787366 1.05265253286
0.0750548659012 1.01965653473
0.949709937973 0.162731116205
1.03669030833 0.0603925839703
1.0232335483 0.0690983710011
0.142142952531 0.964546832355
0.96826322665 0.13246965623
0.145096807895 0.955028443561
1.03947730507 0.0536149600059
0.0807615669386 1.01260940428
0.0566065311836 1.04122444181
1.02581964671 0.0646139977814
0.0656571260653 1.03596050564
0.957779665346 0.145007905155
0.135396710198 0.962938730966
1.0403814408 0.0496580510306
0.0727468911548 1.01840370762
0.998869675369 0.097590858381
0.957755888428 0.145636521093
0.169917946351 0.936808918085
0.0471945895206 1.03586302011
1.06251468914 0.0722897865485
1.02694002591 0.0688752034648
0.0543423305714 1.03183599059
0.131432682822 0.964127826054
1.04021323908 0.0601058552972
1.01212962144 0.0801155965014
1.03222174103 0.060692432356
0.952591120712 0.142943489229
0.0553810289084 1.03811871691
0.166129308077 0.938522808691
1.02619918924 0.0662800627613
1.04274686401 0.05818059876
0.945516684197 0.166253299612
0.0599508004225 1.03028334586
0.0635928494862 1.03098331485
1.03343196705 0.0510036550294
0.0635836398472 1.05427805674
0.131658044904 0.968565877583
0.967588155466 0.127482638057
0.0933860989069 1.00249093875
1.03017680547 0.0651571565269
0.947131904412 0.152691057435
1.05070473109 0.0649354993182
0.151188840339 0.949821270095
0.0493970232408 1.03973683314
0.0486398567471 1.04426222284
0.0457159422426 1.04158908034
0.135334946801 0.962637815032
1.03225249021 0.055776302023
1.04027529298 0.0538467943087
0.948641366325 0.154412940062
0.0516160329233 1.03649167919
1.03437081195 0.0659706086857
0.139588838062 0.955326222965
0.953896067064 0.144567336249
0.0603701870309 1.02734029252
1.00546745135 0.0878730490827
1.04844988951 0.0700180139449
0.943199597357 0.158371784212
1.00131010351 0.093027888289
0.0648524330644 1.02510124597
0.168384320999 0.938618381253
0.94705215611 0.150518650825
0.0578295333618 1.03291644615
1.05067974871 0.06038140436
1.03060661627 0.0691949505741
0.189267139824 0.932255497119
0.0620636681561 1.02818033857
1.03610691158 0.0622965158358
0.0645419453291 1.02614402073
1.04529098898 0.0630715421371
0.966160279665 0.130832474277
0.0456686033525 1.04153347338
1.02033827727 0.0769239536033
0.153085050002 0.953805524408
0.0665005984197 1.02400471997
0.0599139228224 1.03545433806
0.944759048356 0.153027544256
1.03285746783 0.0549164229119
0.122639564954 0.973773197409
0.0495680862786 1.03903293177
1.03939525631 0.0434695682815
0.139854734921 0.956783542748
0.0553092698696 1.03718936966
1.00796484295 0.084575084101
1.03171293603 0.0789050669348
0.94539284174 0.15936888437
0.170252765427 0.940916151876
0.0582630677578 1.04474399231
1.05836245923 0.0730658373204
0.0652308755849 1.02412503216
0.999409085837 0.093700644164
1.02018119053 0.073602449484
0.954081115249 0.145721738855
0.0509515295845 1.03635407152
0.132492015054 0.961522277971
1.03823958402 0.0451738484398
0.965247661972 0.132341338701
0.0517155046514 1.03662805506
0.137271609947 0.961235621548
1.02588199631 0.0638113606074
0.983238043867 0.114152925761
0.155210434483 0.950438850558
0.05199389154 1.04415635372
0.959096967024 0.14208693942
0.0514737417578 1.04633149785
1.04680816044 0.0733345287567
0.0566824005348 1.03804281643
1.04505243613 0.0510245784814
0.967217193858 0.12729965041
0.168164868782 0.941076706173
0.0448261436163 1.03748283418
0.941465790061 0.162307313073
1.04054633054 0.0456365904833
1.03780427256 0.0444212544012
0.116139311754 0.983958603094
1.02219895721 0.0707732268744
0.0464119945685 1.0367076848
0.958008003228 0.139345132112
1.02980076088 0.0706203787099
0.15834196285 0.94210601502
0.981188282014 0.114205318867
0.0643342223633 1.02700437555
1.02298706585 0.0737198737487
0.051323418276 1.03352034748
0.192911177219 0.930189142461
0.051195717524 1.04445315422
1.05299218492 0.0629597129279