-0.952553814343 2.38849335896 1.21713917698
0.159692435218 0.367876737937 1.12512283967
-1.27951315232 -0.624462679481 2.77259588786
0.0403306212831 -1.00989184913 2.37150539893
0.0128763692349 -0.769275765298 2.12399415607
-1.06907227557 2.22564323961 1.3119674952
-0.57388687975 -1.10181422374 2.54900668654
0.119029583235 0.287917897352 1.13461077158
-0.105428753882 -0.969183581365 2.31568920443
-1.06121250128 2.23835055273 1.26258239026
-0.00402176001303 -1.35622342137 2.69160157521
0.136616065219 0.408476267951 1.04319338636
-0.943010788861 -0.994136217992 2.64543886296
-0.830809180507 2.28184699112 1.20139340035
-1.15043505438 -0.629205785521 2.69094077075
0.136563415178 0.344672726429 1.13429009413
-0.95204758375 2.21380220127 1.23653981214
-0.160819374037 -1.15334342086 2.47128948437
0.0793227099692 0.239029875241 1.22279234581
0.141722822208 0.376253402935 1.14550475917
-0.427967981248 -1.0615480214 2.45874015095
-1.12900845533 2.29771670614 1.24133629947
-0.0836413154273 -1.17931928161 2.51949023466
-0.986214237529 2.16760777546 1.19855916928
0.103506971012 0.347441529906 1.06831895342
0.221435662621 -1.24836110859 2.61585264766
-1.05465244273 -0.585213576424 2.60368737355
-0.926957313113 2.09024100452 1.20247172599
0.144919657253 0.441234633126 1.11271228857
-0.0431174904 -1.26343786395 2.54834246358
-1.12119693075 -0.573327901041 2.63437363322
0.0917766329861 0.259965865735 1.21102011191
-1.16554644932 2.45541464696 1.41042818312
0.190982396625 0.416014884075 1.09718074612
-0.39904874882 -1.0583550663 2.48085418479
0.0889875573641 0.204506357603 1.2309906185
-1.01776484426 -0.572624204415 2.48606051942
0.0814535030645 -1.15993850303 2.46379014161
-0.955985965857 2.18641683863 1.26323528053
-0.931425316493 2.2027578722 1.19468466763
0.0986414831602 0.291690886881 1.12595998296
-1.11456114769 -0.535225771901 2.56617545765
0.0875013747078 -1.10396976844 2.45094678339
0.232122861317 -1.31433666031 2.60080190494
0.1299540948 0.331811184382 1.12865632505
-0.832681207748 2.12990994724 1.18969714393
-0.262625284393 -1.1647416746 2.49793346998
-1.06911958604 -0.51974680773 2.65923959692
-0.998983885967 2.23509319104 1.26980986126
-0.00862114767219 -0.0234760406526 1.40420700172
-0.0852952967695 -1.06047649901 2.40208578043
0.174826620599 0.393997951596 1.09127194138
0.111902012464 0.352654870585 1.10453516816
-1.12538473015 -0.519922742165 2.63281590348
-0.971422658232 2.19774113315 1.26047836412
0.10682578024 0.291375373703 1.15963256982
0.137275139077 0.386861703713 1.11777140558
-0.138249179543 -1.25951469175 2.54594412202
-0.905680692809 -0.910964731271 2.6027512899
-0.872839528306 2.05493171314 1.2168339976
0.0930695209807 0.290295557364 1.16237190659
-0.254593015244 -1.06385424271 2.44411462373
-1.03732976612 -0.705526528068 2.67051211313
-0.18203718976 -0.98554445367 2.32576493628
-1.03227962765 -0.776766097336 2.59824404321
0.132523911091 0.358196032238 1.05661527623
-0.945699537825 2.35855838169 1.23985683024
-0.053121112877 -0.825862868992 2.16738180689
-0.695271472612 -0.994739069259 2.60941280983
-0.837513273816 2.01157749194 1.19085918379
-0.361975226952 -1.0210334549 2.41371594311
0.10973893105 0.335249726383 1.09367828414
-1.09526172784 2.4353915438 1.28212449355
-0.262692368367 -1.19881427784 2.5659002672
0.00538440900681 -1.18621357546 2.50821673169
0.353775370852 -1.25714508257 2.57893143833
0.093282333733 0.215989231229 1.26748340444
0.0808502527679 0.453678863996 1.134193361
-1.09824441013 2.26470758611 1.30396401163
-0.880277246433 -0.839223403055 2.59004261956
-0.35648645687 -1.09733486649 2.56140282377
0.063338728958 -1.2154231057 2.67134855704
-0.903415221679 2.12541750553 1.19873597753
-1.03410678218 -0.753831541907 2.58909920091
-0.0113032744102 -0.0301496048029 1.45107858729
0.0796780649461 0.236356191736 1.24622211732
0.0813154468587 -1.19855852152 2.63054869748
0.149198726457 0.356508464947 1.19392074183
0.142456360177 -1.1887690484 2.55280217336
0.184927735611 0.461641665408 1.16212968927
0.102573179688 0.399031231052 1.18217055412
-1.26045532672 2.3940771996 1.36141149878
0.130392648392 0.42346728735 1.13996604485
-1.10796682504 -0.668917047713 2.63247558997
0.51071515688 -1.2670537623 2.73861181472
0.0932096164285 0.226784997786 1.22455912972
-0.949375525067 2.28023721877 1.24071391246
0.152843416047 0.388991058212 1.04732012906
-0.548209854318 -1.00786551622 2.50561395298
-0.067498854285 -1.07511176074 2.4616603969
-0.937169938109 2.10895066451 1.20191120679
0.119703863776 0.279029904604 1.14541740772
-0.219071314944 -1.13096536078 2.52508144059
-0.0199557497777 -0.730194725269 2.08320204465
-0.907171720374 -0.767448450376 2.48013306031
0.167951187077 0.559680085556 1.08656143917
-0.815654898452 2.01757988726 1.18602139059
0.0845376529344 0.286606794743 1.11130958193
-1.15281349783 -0.560092536644 2.59938678033
0.230162472898 -1.14542136103 2.48859502438
-0.312557659051 -1.08441574966 2.50154243765
0.123589463436 -1.28878782749 2.62417547406
0.113959488014 0.298443140777 1.06622129849
-1.09399227747 2.42209797879 1.20388225683
-0.732087013188 -0.935117289108 2.54165002111
-0.938214951294 2.18681785404 1.19414955079
0.131047465344 0.302006812143 1.12612219275
0.574208329392 -1.15054991086 2.57501115894
0.155436545697 0.369331108572 1.10567892207
-0.550813441829 -0.982230530655 2.44436818981
-0.814519424496 -0.886471684938 2.50867614854
-1.10051801203 2.46716989173 1.20868417209
-0.0803652837585 -1.11919231503 2.4210827052
0.0447377606089 0.172376258497 1.25416257584
0.0984914444467 0.46687743957 1.1464998971
0.215868777052 0.457734674775 1.12657327336
-0.599110089209 -0.848881558124 2.39061507053
-0.844383537215 2.08196602243 1.21556263369
0.107474058426 0.297915679799 1.1332173264
0.153648472444 -1.1093672865 2.45256302741
-0.473643619155 -0.989273705466 2.42331494608
-1.08543423553 -0.604826375752 2.58022749641
0.0803876013186 0.229231056652 1.17834050912
0.150182400952 -1.22731748046 2.53143292872
-0.512251166925 -1.07824125362 2.7305336694
0.130378149928 0.396661695717 1.05697823047
-1.01562347769 2.18059599162 1.30386316657
0.0865606294663 0.310787924444 1.10743976128
-0.053812347678 -1.02846542903 2.35162342571
0.134088451568 0.449876205792 1.07808413854
0.100555612068 0.405927723735 1.09414267457
-1.14246744152 2.31531816069 1.21629528682
-0.598658260503 -1.02841663324 2.48003739201
-0.0168877792754 -0.87869006437 2.22664109058
-0.340979401333 -1.12935403423 2.50725562774
0.197990224981 0.484091445048 1.13441607669
-1.2134677615 2.46245754621 1.25987034186
0.0562390563188 -1.23070680322 2.52009380944
0.0679856806449 0.178599895327 1.3025842107
0.0955254615303 0.309998898053 1.21042254921
-1.06817859912 2.22997409846 1.20855910944
-1.08668647947 2.24036015102 1.25078835903
0.0864188388521 0.312206958237 1.16189846848
0.248910982631 -1.15911140246 2.52365881102
0.157247559499 0.454766142349 1.10795815249
-1.00901789722 -0.873715883319 2.64299512841
-1.19871778707 -0.576240917666 2.63799207195
-0.918681294453 2.11299571246 1.21526850594
0.0754311074936 0.361699711985 1.13879872377
-0.347929306633 -1.02666755593 2.39997395303
-1.09783767947 -0.525309969463 2.51017449756
0.185749580148 0.582709185284 1.08265260518