0.109760698757 0.985793680608
0.953005167422 0.0655762071796
0.98688776026 0.0548625202428
0.193083057833 0.96458510884
0.991285297911 0.0550012373472
0.0483534934963 0.974589859423
0.978354235714 0.101249225055
0.0764377175046 0.949840857078
0.976096379135 0.137205738704
0.985095534404 0.0483207272235
0.193601177691 0.931182433817
0.977659005345 0.0797707066461
0.0142248552914 0.98067303814
0.962565907068 0.0947748382819
0.0491766056151 0.980390336674
0.974730326047 0.163272199222
0.127221893577 0.95174346994
0.988515508378 0.0356321571303
0.969022855299 0.0581886145394
0.954533748133 0.111464627624
0.0735206949905 0.986956367599
0.113673280384 0.969380074011
0.979461627319 0.0463359691249
0.988390511384 0.114267439168
0.0808830393918 0.993584572177
0.94430175879 0.171048934156
0.0330335251488 0.985684170664
0.98661152054 0.0800398890647
0.0516098742948 0.95666254961
0.0836210599668 0.989858001203
0.0468219617929 0.974251371913
0.992827387353 0.0629414617301
0.0652201880005 0.991271452055
0.956296385527 0.0898060960958
0.108103190848 0.97838825368
0.974780422211 0.0606131262448
0.99094215712 0.0367622934287
0.9875123219 0.0723094117538
0.0424194434917 0.965421543584
0.079914578397 0.983484625722
0.958939282752 0.0710049143924
0.0982607477419 0.987578610175
0.983767981064 0.0493182487901
0.944479089454 0.108392214176
0.89698749463 0.302397127502
0.0243742085645 0.97848313961
0.996456177118 0.214614083519
0.979506170603 0.079967291333
0.110074326597 0.977951547919
0.142773351102 0.936945846647
0.983936356719 0.191187664401
0.984121635986 0.0385052161041
0.112215920628 0.994465278137
0.0361113589894 0.977054858665
0.982032887998 0.109537709728
0.0816066206248 0.95962967745
0.950565186584 0.106285112776
0.952034692841 0.0658128720447
0.0670115872947 0.984844869971
0.0857026039422 0.955655159861
0.982191523193 0.171172791316
0.0597460318652 0.987379745078
0.056963615023 0.991350436413
0.978810670347 0.0196180405046
0.0780169593813 0.989692772447
0.974109235727 0.0754444487504
0.0713615647496 0.991832537276
0.989227519846 0.0901472797445
0.0189192707909 0.987833084444