0.606669543794 2.29243162635
0.143035228879 3.36635719586
0.0297006144392 3.85996875379
0.287172401657 2.99732870477
0.00162356988434 4.83497526579
0.00848416089437 4.32726498578
0.0141424872162 4.20836859104
0.0552016806617 3.6383005043
0.896301880971 2.13482381763
0.298452711009 2.94338520875
0.801433581603 2.19826365062
0.0161047164579 4.17261841854
0.146281584281 3.10898347139
0.0693472724691 3.58296169874
0.00212249702678 4.56354747832
0.0766665909895 3.44232333969
0.578469214825 2.33562535545
0.00207901843946 4.58662475846
0.0429174598147 3.85717767267
0.805837141561 2.25904158795
0.00950718982217 4.1588147692
0.160850322598 3.17819207779
0.322113163995 2.80546472764
7.73550898847e-06 4.42166756556
0.268889324798 2.99938681062
0.667758260854 2.18228688037
0.108364668739 3.41809980644
0.859079136838 2.20880551168
0.00992474497515 4.12035582321
0.125529204099 3.3785496228
0.362322888713 2.84025082132
0.0610578764117 3.72119249259
0.589755010769 2.22720801314
0.00204432558646 4.40781809994
0.907064521912 2.01619287923
0.416473456805 2.64334939563
0.00937947271226 4.01741576998
0.331032762357 2.63030359717
0.0932315176824 3.26751128315
0.964561698241 2.1644167797
0.929683104714 1.96762523355
0.0334105362283 3.78702253395
0.208803136645 2.84018075805
0.00478379372449 4.28904364976
0.628081178113 2.2262672645
0.0690936216746 3.61016510388
0.889225364438 2.25658334842
0.00642577794984 4.17516534528
0.17744001596 3.04504313282
0.374512421619 2.69499825383
0.912863666769 2.16878310627
0.0265081591993 4.02315125743
0.0367166982795 3.81435835769
0.343045689319 2.80460771626
0.00113370323755 4.68268493725
0.0296305850262 3.59297112511
0.514321572443 2.00638169896
0.0120419693568 4.05291261567
0.850401113465 2.13438327584
0.00808503355561 4.11897171383
0.161755391496 3.34104598481
0.202455124145 3.14850668863
0.458051034559 2.6221862122
0.52546438499 2.33412765989
0.0458767850621 3.61158203425
0.114637765202 3.24035826701
0.00102509927674 4.60930863946
0.023386468822 3.93109869252
0.509630493134 2.48652708625
0.00545650496363 4.54616331598
0.986999986484 1.97661769601
0.186564696569 3.19984879863
0.299824547787 2.94104379918
0.101030433274 3.68746594472
0.0324557036553 4.19285511728
0.00179941620948 4.03921379415
0.848936309755 2.31167990032
0.139186412256 3.18364811332
0.961385273419 2.24260714344
0.274383498957 2.93865122957
0.0189397116805 3.81506886921
0.331133087885 2.61028504301
0.864338364835 2.17359938534
0.00812367266965 4.09944583432
0.000369341897315 3.8637473821
0.165828115318 2.88531323004
0.958950702821 1.98144474723
0.0185297002942 3.81378372749
0.755397630031 1.9468816241
0.0781470748818 3.37900485509
0.167908066219 2.90026351964
0.179074722873 2.95130071793
0.00152510525848 4.64525687445
0.00151510355182 4.20661138258
0.117172554299 3.40064789987
0.433367245683 2.53160656284
0.0164208391738 4.0000182086
0.961964176673 2.27154580693
0.476840205991 2.43872466473
0.098714488413 3.4184396809
0.0731405877232 3.6180594684
0.00369097544613 4.38239001782
0.751077036155 2.12873595883
0.193733489724 3.01104344476
0.00708239344291 4.14518016149
0.811398880097 2.11817793538
0.588867243012 2.37997276022
0.84915857356 2.02059483731
0.163032408116 3.29880916579
0.0231139485519 3.76449004783
0.000473147057494 4.37003708623
0.615042546409 2.41549557489
0.985398667947 2.3070670549
0.243177954851 2.69970444066
0.03211981564 3.91211596825
0.00842591659338 4.36868824785
0.0267355940987 3.9760073251
0.839235713485 1.92549179693
0.0438304632868 3.84225689634
0.273147547499 3.13206853758
0.00450629892788 4.79263758648
0.215862713622 3.27673349673
0.834797581375 2.09577307652
0.636976789258 2.2613364118
0.273768892706 3.08626219887
0.017838615523 4.0149660654
0.124212178817 3.54745962039
0.0101743631684 4.3483926147
0.0554070719002 3.61284444068
0.00718454650503 4.04871188304
0.495095647884 2.50240351874
0.0890060685192 3.50592690626
0.941980951981 2.26696560258
0.00311339280628 4.34317331992
0.0610255202246 3.5407942997
0.771082517389 2.27229220235
0.0117847890167 3.96471616334
0.540078302139 2.53986400303
0.335786587594 2.88545501211
0.442789939484 2.79306999433
0.00940766016323 3.7523471236
0.704027330741 2.32798300135