0.364690765503 15.6680772117 -0.0628367988125
0.106175411906 16.2395757296 -0.0924437958577
0.0243657987231 16.6086558589 -0.0983739518473
0.00372295480335 16.869738767 -0.0997531597083
0.000182451149788 17.0742249403 -0.0999896046269
0.0750610561169 16.3193931454 -0.0944742258549
0.301258175182 15.7854498992 -0.0720533206384
0.0352887751131 16.5596170495 -0.0978340596375
0.0531080133688 16.4361789624 -0.0964543036706
0.0129884236244 16.7229293776 -0.0991318120497
0.115765979319 16.1683502263 -0.0906789628274
0.000690687173387 16.9661095923 -0.0999541930567
0.000748108924399 16.9583942801 -0.0999537381211
0.0167406386178 16.678874782 -0.0989218584488
0.369437008721 15.6586230941 -0.0619195122756
0.00418334085871 16.8568363088 -0.0997490480446
0.0348267763545 16.5398526389 -0.0977481357683
0.114813195932 16.1714792605 -0.0907576462287
0.0149904795709 16.6968228708 -0.0990197707679
0.0597219951367 16.3937641573 -0.095841548477
0.028148752566 16.5996812172 -0.0982706393102
0.06875268119 16.3509972419 -0.0951121727583
0.00578516387839 16.8239420676 -0.0996221272838
0.00119406378051 17.0115141852 -0.0999387022842
0.0116066340993 16.7400446929 -0.0992252590921
0.0630731884866 16.3858825187 -0.0956863253806
0.254363648917 15.863374566 -0.0773664832504
0.252955519348 15.8461985437 -0.0766486127991
0.159455046009 16.0613209472 -0.0872011291891
0.0698068980946 16.344647627 -0.0949908962283
0.0164459048687 16.7517553177 -0.0991053403156
0.00623306697455 16.9381760296 -0.0996101218301
0.00266938706972 17.1290344927 -0.0998650662597
0.0462997693726 16.4650313128 -0.0966447776223
0.00181153309081 17.1521676706 -0.099879015119
0.311481153662 15.800301337 -0.0719131397534
0.00207070696789 16.9073153974 -0.0998725048223
0.0508554602468 16.4344192241 -0.0963927810846
0.0136601430143 16.7343534481 -0.0992058152584
0.114661793358 16.181041098 -0.0912302270476
0.150588998342 16.0722178735 -0.0877096798712
0.0642315151492 16.3692270275 -0.095422327649
0.43530045117 15.5936611798 -0.0548348218851
0.00266475429807 16.948656788 -0.0998279084599
0.00922688834139 16.8559072238 -0.0995230054937
0.0409477198495 16.4976218821 -0.0972836790165
0.0355396754834 16.548205015 -0.097774936392
0.333453974949 15.7100408812 -0.0665906691667
0.116386859269 16.1663674005 -0.0906671758919
0.020581763005 16.6414220463 -0.0986432152151
0.000967776870432 17.0793414296 -0.0999514734119
0.0124814227235 16.7837088876 -0.0993238639857
0.0480670829514 16.4499539569 -0.0966397427762
0.0637940927996 16.378711361 -0.0955854860206
0.257198402601 15.8294950108 -0.0749781609097
0.118390568092 16.1709909669 -0.0909337784643
0.0410240398617 16.4978322141 -0.0972848950087
0.00175596407844 16.9217855271 -0.0998840563104
0.0109164619951 16.7446932551 -0.0992960102088
0.0215497038021 16.6339568904 -0.098548561869
0.0694061456785 16.3869187324 -0.0954428752312
0.000777645326414 17.0303995843 -0.0999567703032
0.307906478875 15.7563993218 -0.070338680689
0.0483696008492 16.4761284021 -0.0969035157881
0.150043873497 16.0885126386 -0.0881734132527
0.0562856622358 16.4059578956 -0.0959684596381
0.00218816090364 16.9173953849 -0.0998791343442
0.0100485461066 16.7561150416 -0.0993570167941
0.00538975475233 16.8301761805 -0.0996666354321
0.254023793437 15.850062982 -0.0768396739082
0.085281404172 16.3077259167 -0.0940961419318
0.0357533233253 16.5263794259 -0.0976081998034
0.000335206134748 17.0308109036 -0.0999823320731
0.011711886854 16.7457449105 -0.0992050394756
0.292336607452 15.7702772381 -0.0712853081302
0.0795847982995 16.3046143344 -0.0942194974879
0.113001556069 16.1783271939 -0.0908379604287
0.000697666909903 16.9623315408 -0.0999584498757
0.0110263484061 16.7575344472 -0.0993504308382
0.00751686565762 16.812008996 -0.0995719403843
0.209878838851 15.9231049257 -0.0806708031844
0.166594625001 16.0397400751 -0.0864004400515
0.00282731446468 16.8875678467 -0.0998158032869
0.0226631019734 16.6611770434 -0.0986781393261
0.0534988189035 16.4337780639 -0.0960023889783
0.000607613043638 17.0973538753 -0.0999675737047
0.36260572231 15.6820939632 -0.0639402279125
0.125790400896 16.1492416094 -0.0902784624247
0.0051103369687 16.8367896241 -0.0996887359109
0.00177340038068 16.9500928517 -0.0999088234401
0.0171499073318 16.6742456777 -0.0988831161941
0.0625201719444 16.3836281034 -0.0956711095412
0.0327384121245 16.5597452209 -0.097929072049
0.000157092184567 17.0527431125 -0.099992124142
0.359716005405 15.708691307 -0.0654574799685
0.131282463931 16.1215191647 -0.0893600913112
0.0353053595267 16.5282899879 -0.097553366426
0.000537655523121 16.9879699274 -0.0999645274152
0.0870131131901 16.2845400743 -0.0937615689391
0.0308142216904 16.5850547633 -0.098112855179
0.0039224252592 16.8876689261 -0.0997356226086
0.0106959668755 16.790425176 -0.0994123565375
0.221100796965 15.908714825 -0.0803137833607
0.0525455343236 16.4296816732 -0.096389868063
0.0811411270908 16.2975226818 -0.0940709878301
0.0928209468259 16.2918976776 -0.093602095068
0.0059014796483 16.8242288149 -0.0996450779099
0.000755126505758 16.9665401673 -0.0999495838393
0.0390109723639 16.5404486627 -0.0976010761881
0.273052308704 15.807907331 -0.0741243686257
0.118467745942 16.1663313962 -0.0908129589683
0.0943069890834 16.2456110004 -0.0929033956943
0.0073460838364 16.7985181066 -0.0995510505207
0.0325222904137 16.5467734137 -0.0977781734108
0.00373083487008 17.1861544279 -0.0998003672847
0.0429520918979 16.4794331045 -0.0969916295245
0.245374416749 15.8782726538 -0.0783104935161
0.00406624549296 16.8567965713 -0.099737574999
0.00580215805725 16.8220274914 -0.0996268699676
0.027762760507 16.5831672747 -0.0980978133216
0.109259096546 16.190161817 -0.0913979494938
0.0897543293077 16.2641589777 -0.0933446231745
0.0479762724158 16.4537569884 -0.0967265830361
0.376255808799 15.6518726114 -0.0612854306261
0.0692041747521 16.3597153569 -0.0952275151421
0.145671765006 16.0812117503 -0.0879948882658
0.00331993740142 16.8730589213 -0.0997894643007
0.0483326552257 16.4643310325 -0.096827888933
0.0130283726724 16.7357926922 -0.0992324431268
0.03199082842 16.5556985068 -0.0979182825351
0.312096348804 15.7565219491 -0.0702155000587
0.149962172033 16.0727300675 -0.0877253614632
0.0574929256091 16.4008326212 -0.0959311741206
0.000857279680579 17.0305143315 -0.0999524047986
0.00476510939768 16.8552163052 -0.0997287849128
0.0221942302936 16.6347582677 -0.0986080631701
0.00815688025551 16.785244961 -0.0994970919373
0.0390692613597 16.5069636676 -0.0973947600125
0.220042533128 15.9017329687 -0.0794928364628
0.0813493503218 16.295650489 -0.0940264866981
0.00639654051135 16.8158566171 -0.0995765353203
0.0231203341489 16.6212200279 -0.0984285271634
0.000733331138167 16.9859490079 -0.0999628672564
0.12557232906 16.1878006158 -0.0908830855041
0.214644927474 15.943073992 -0.0817836939533
0.134421148148 16.1169415398 -0.0892736045858
0.030370954394 16.5710297934 -0.0980591618878
0.0535545979135 16.4321791472 -0.0964052919066
0.0458413794313 16.464820513 -0.0968710742646
0.00702988381359 16.8013739689 -0.099544377363
0.00175732049996 16.9216833219 -0.0998839909214
0.00362172176878 16.8812398796 -0.0997972609
0.254817317316 15.904871217 -0.0784443042556
0.106167545545 16.2011576965 -0.0917277481377
0.0318774496536 16.5631205336 -0.0979731583403
0.000610335669423 16.9937764293 -0.0999607227714
0.0114515429279 16.7386193437 -0.0992755579018
0.0696666119951 16.3423828543 -0.094889925597
0.00020452273826 17.0297954374 -0.0999883394997
0.0228466113221 16.6321033105 -0.0985793824776
0.309265449343 15.7778535454 -0.0713108175094
0.0410623884148 16.4937974741 -0.097079203506
0.0686379713533 16.3558329898 -0.0951925035602
0.00843792200694 16.8186097779 -0.0994236409231
0.00234686188998 17.0692614998 -0.0998786105489
0.0198788511463 16.6774283339 -0.0986034063553
0.119207772656 16.1610604227 -0.090646416313
0.298295821691 15.7754425491 -0.0717186835984
0.0641166199614 16.372068383 -0.0954818493787
0.155631791044 16.0636050281 -0.0873707903257
0.00179887116737 16.974670694 -0.0998865742151
0.0405979860521 16.494362696 -0.0972302460969
0.026459823872 16.6221743828 -0.0984145451113
0.00023098414987 17.074823112 -0.0999845925216
0.0277377910491 16.5826798102 -0.0981687256564
0.00517423053739 16.8996955411 -0.099658005629
0.180323591601 15.9906585261 -0.0842387224474
0.115858261684 16.1683660268 -0.0907684717015
0.018866003641 16.6587322996 -0.0987882239713
0.00269817503657 16.9040512454 -0.0998505505824
0.0633838962041 16.4084291218 -0.0958572350138
0.0121885970148 16.728846228 -0.0992097792591
0.000561052025368 17.103413658 -0.0999676029948
0.344042840346 15.7386566979 -0.0676669378547
0.0719866038909 16.3320015422 -0.0946725511117
0.014358490442 16.7036740122 -0.099065437212
0.00232143633622 16.9501747502 -0.0998491442091
0.00733296393356 16.8294128608 -0.0995983065943
0.120336362017 16.1571142205 -0.0905247837187
0.0373263993673 16.5350480098 -0.0976443155417
0.208181400985 15.9268622561 -0.0808089683304
0.0574307705231 16.4072671784 -0.0960519972937
0.0067467595519 16.9034146359 -0.0996568905344
0.0136852121124 16.7216571734 -0.0990682125835
0.0779527858694 16.3136710922 -0.0944019609395
0.00135073522883 17.1307484947 -0.0999266511768
0.0263389210673 16.5986989413 -0.0981716350871
0.228184366183 15.8852528747 -0.078468296796
0.0545576098457 16.4185940963 -0.0962255107578
0.139724733927 16.1186770004 -0.0891910236998
0.015693254209 16.6971680556 -0.0990368863136
0.00113334802601 16.943801702 -0.0999339363381
0.000151729715603 17.0281755745 -0.0999911613956
0.310689226742 15.7393191378 -0.0687435509982
0.0157414699167 16.6887126614 -0.0989726550725
0.00278737917158 16.8910350922 -0.0998162141892
0.00412300194245 16.8567248111 -0.0997496039928
0.146982692104 16.0839835186 -0.0881359816771
0.0045576312173 16.8484050678 -0.0997246935376
0.0811529044949 16.2959671381 -0.0940292534794
0.0640031089063 16.377872931 -0.0955708734817