78.7554982025 8.4792883045 24.9792901668
37.5123303061 25.4688877366 7.08408191704
1.97000199997 8.48630432353 85.1183015917
10.1374962092 38.6645709645 33.9043227734
6.84566255106 26.4048525064 72.8102115287
34.2144386982 12.7453904739 48.7594374521
34.446076657 76.8946574585 0.600568857632
4.34008015582 10.6700249724 124.814518733
48.9966362501 12.1485459031 39.2474894086
6.06067568371 55.1776094423 25.6486864798
75.736416658 17.4500678205 12.595659073
26.5573938277 60.049296134 10.6128815505
6.7430948475 2.98024868634 78.994477706
23.4891378547 22.2393003436 43.9947197115
178.49685313 17.3552933803 4.0906679834
1.79993480014 118.129945426 15.1692101801
0.0217319713048 0.051551655899 102.209039689
187.294657524 0.120542165588 1.71570118274
7.54333707118 77.7529254553 0.5625030543
46.3336567285 20.7831907092 45.1363943096
27.4990052547 73.1725994202 12.1700301007
9.21829924818 9.23612296103 72.2007396421
1.311634372 225.450269462 2.97993453724
12.1139171062 1.17884360334 100.890176145
206.377045092 9.3012006976 1.01169441132
0.652509963831 0.0166639287254 129.994411344
0.000423194286518 0.0724236434054 136.634459632
104.305672041 1.14169376972 26.7453680908
33.2417861706 13.6264413311 45.4182990129
18.8194816081 75.6724947865 9.41483294194
5.57159719873 5.56791250631 100.657449843
6.45393079073 61.9877202909 26.8709644779
0.81944309059 0.357274080481 129.194657622
4.39667573355 32.8310343915 36.8673670993
81.8209753413 20.8740457269 10.363629557
23.57227133 16.5894957275 40.1428708466
43.6724782261 102.584263752 1.65683382079
93.8356676294 8.4438143901 12.3525777295
19.2124561036 75.7169757914 0.769171650412
8.91781710166 4.09509156529 133.404762333
0.207482546929 0.132976285776 174.303358094
10.1913919889 14.468901054 96.0584443666
2.53516087243 0.305185929126 151.733322561
53.2200899676 6.15163627751 14.7159245951
7.03393451471 56.2832485227 6.6878836547
192.98932325 21.0509357312 0.959890975296
20.5923779989 19.423482895 26.8863882706
1.32056046821 11.6221708084 113.904917599
61.6931491243 0.361406998276 58.6180171146
17.4915575148 170.83843421 4.69283837643
187.559898868 1.07014509989 3.63367385243
13.3192148396 32.6533764561 29.0366424827
16.2850043658 22.9927054458 39.4280123705
8.46562903512 2.29595716672 85.1060048405
0.665202397071 0.692365084094 124.727343914
1.75298167132 6.78612410794 78.6494638306
25.5928035493 0.089050333683 40.0010188353
0.601943617638 104.162129312 9.72666851577
185.01164105 18.0627139201 4.45822113051
1.44462541293 0.345864986964 168.349376069
24.1867716597 6.11898519892 70.6816888458
149.334719111 1.52702779933 1.91708273573
9.76793057355 106.701289165 13.7407878452
8.70320741975 89.2530078461 23.202560207
35.1013918469 76.9956957967 0.121909554788
3.96541378531 2.63032359258 26.0374483323
170.015966113 1.2990556299 0.0453884458314
4.54005147429 205.501147635 3.28858425342
42.7471002912 43.630314962 1.10997485212
11.2329771415 0.144235588075 115.196958443
295.346030464 2.61569671953 4.17887549732
4.62815867209 7.4431937375 100.134225997
25.5204236352 36.6783949788 28.3257159016
11.3966641768 11.3577289835 51.001594286
1.80670576196 8.1186502625 113.082481816
100.084394652 11.6164440415 0.929134428071
14.4513034085 144.85638974 1.47182586474
29.2833542161 117.890762217 3.97051122499
4.20612229677 2.59698172037 56.9632641424
147.972131581 12.8315115244 3.36979745366
0.100156116922 0.851278221755 133.829734382
28.6747213457 64.2527668568 11.5472427243
27.7217705671 2.55086080267 65.8143562895
186.600162855 24.4470293848 3.94029005544
19.8898683267 20.8838549618 40.2230548934
136.19677633 15.6030881702 20.2867427288
36.6716683997 9.88150885046 46.7913239523
2.50293375596 9.09546188062 98.7247065466
10.4202281965 119.579736093 1.55401675468
0.505133276536 0.0491092151375 154.678115168
67.5081352929 64.09667406 1.09803549304
27.4542515364 38.572612119 27.0204365118
96.9048146332 65.3698535322 0.277666356744
0.0156669700152 0.146463685869 88.5285634741
26.4946686054 28.1176550473 22.4318945383
2.31167954829 236.868631628 7.06529191548
27.8021871679 116.649745823 2.61401550798
94.3886889799 12.8013874279 0.211213438168
0.109655240655 1.03516637766 88.3194172302
0.359998946123 0.0395121668809 90.2916107431
59.3307930873 39.368774551 1.42653232526
21.9024687992 22.2417817862 19.5797561171
6.77264565993 4.90221159612 104.222885596
1.4115092987 192.76347553 16.9617810459
34.9050486178 51.7855710403 8.9234302496
5.0975942041 6.76162547124 104.415669669
0.562620971545 0.38776871016 134.222015832
5.56319278985 54.8572082351 43.6165597542
175.480626845 3.70072714204 16.8707873798
3.33972214009 166.730006886 14.8993830014
0.0672006828372 41.7549865678 40.0070327099
0.369744364948 0.103840555235 109.476096204
72.1626747501 8.02131329598 20.9809241042
23.4765163966 174.642066386 4.94053812139
201.144783758 1.52113417646 0.817593894982
0.988411929376 0.0968776387538 118.855976959
14.5579552499 9.93661304616 55.7205095103
39.7108288835 62.8043756626 0.667377448191
15.4616296077 137.094708824 4.77592946337
26.4068697232 2.67994301812 67.2159729476
18.407887509 154.979699541 0.234477095491
0.226082134506 0.234370909357 55.1554312691
12.3555438044 46.8123881662 14.0743936216
131.98853307 3.80588468157 14.3133556857
0.387809835963 15.418838844 118.248487031
30.9252024823 19.4820591709 47.5234871795
5.02965305473 21.6976668589 91.253082505
26.6001370858 98.1094710355 1.6466308801
0.0800524479605 0.0166797346908 158.932287254
74.4944228868 18.524466898 26.5520547873
6.13048502856 171.893548102 2.82626743884
5.41724230396 5.58381552223 131.319894079
115.15655192 27.0885475716 0.344524762402
22.4003593045 14.7271176211 61.1719401934
25.8772817421 95.3529562259 14.7406366726
7.16714947354 5.12669273868 48.2614327667
1.58255666804 131.489824075 3.20254054145
17.9576156767 28.7507090579 31.1330318502
146.27879529 2.72197570332 16.4920005727
0.488966435083 0.532131344205 124.88062732
2.70546121361 195.219147308 3.08542476987
1.60612668608 13.9293730748 59.3158603298
101.786006153 14.2357073463 14.2656217433