3.74628241472 -16.9795128034 -12.7081223404
3.60003285188 -16.8997314469 -12.9764232945
3.60069778423 -16.8668813367 -12.9941276335
3.65573273228 -16.9602535791 -12.8276305888
3.60129204344 -16.9124815338 -12.9609026239
3.60080612159 -16.885415716 -12.9878554326
3.60221877341 -16.918921746 -12.9497835824
3.60054147273 -16.8789288611 -12.9909634616
3.60173328589 -16.8822405759 -12.9895202941
3.7364890662 -16.9806502425 -12.6947685884
3.60283761449 -16.8761049002 -12.9920855835
3.60002089601 -16.8910679693 -12.9842004394
3.60389848987 -16.910477752 -12.9644524741
3.61866712628 -16.9238164671 -12.942184431
3.60309352697 -16.8796375893 -12.9906756983
3.60009276455 -16.8905758463 -12.9844982958
3.60592528389 -16.8586231283 -12.9947838149
3.63054649888 -16.9467931459 -12.8825208553
3.78682304153 -16.9801080313 -12.6966621525
3.60447312742 -16.9106966123 -12.9641357126
3.60004283734 -16.8995219571 -12.9769598242
3.60019960824 -16.8587206259 -12.9947559159
3.60623674662 -16.8636860048 -12.9946422673
3.62192106601 -16.9251597593 -12.9392134974
3.60003071862 -16.8705017448 -12.9932788905
3.60015189747 -16.8866957656 -12.9871084317
3.63786728098 -16.9420086983 -12.8988852914
3.60003314141 -16.8768360678 -12.9915403851
3.77831008346 -16.9839753136 -12.6656562449
3.60257564956 -16.8654227693 -12.9944328624
3.61529731074 -16.9298305816 -12.9304231035
3.60142230059 -16.8752163457 -12.992347573
3.60057671631 -16.8810065095 -12.9901007838
3.60001320008 -16.8679827281 -12.9937484725
3.6046693275 -16.913280044 -12.9605301421
3.60000064548 -16.8949056062 -12.9812317086
3.63202844703 -16.9453277916 -12.8883238063
3.75526268149 -16.9807216275 -12.6974343857
3.60035179149 -16.8984904548 -12.9780824944
3.60369022523 -16.9079123222 -12.9677349125
3.61012795163 -16.8608837707 -12.9947795312
3.60198153953 -16.8771060651 -12.991732277
3.61177203298 -16.9256717848 -12.9392049273
3.60045593096 -16.8841884553 -12.9885413398
3.60742628284 -16.8576374579 -12.9947532558
3.63623281756 -16.9444410263 -12.891666816
3.60316015351 -16.8667391122 -12.9942883288
3.60240894081 -16.9051117673 -12.9711305629
3.60824487516 -16.9200318467 -12.9497678804
3.62042214553 -16.9382373406 -12.909059911
3.73315678389 -16.9788056775 -12.7130884519
3.60409872426 -16.8590453263 -12.9947913532
3.60183061219 -16.8970915954 -12.9790460792
3.60407113387 -16.881281582 -12.9897813638
3.60000549203 -16.8798646668 -12.9903737877
3.70637690627 -16.9768510825 -12.7206764568
3.60014644846 -16.9091698657 -12.9647192212
3.60221311614 -16.8973449855 -12.9787340699
3.6111762125 -16.8682923455 -12.993972516
3.61692059007 -16.9312722537 -12.9271823425
3.60044827338 -16.862035334 -12.9943027105
3.60291347714 -16.8827353364 -12.989146084
3.64716274756 -16.9488830899 -12.8768395129
3.60750119658 -16.8769766597 -12.9914565912
3.73691316408 -16.9800770306 -12.7012543297
3.60376194531 -16.8691438517 -12.9939180374
3.65355770794 -16.9504778056 -12.8709257726
3.601141679 -16.8595628534 -12.994769724
3.60169048371 -16.9014354333 -12.9751108296
3.60000285921 -16.8875772528 -12.9864911664
3.60278423693 -16.9197911918 -12.9484949767
3.60528622939 -16.8779906065 -12.9912306447
3.62662549627 -16.9259670836 -12.9367666336
3.71217509786 -16.973792375 -12.7522691765
3.60048479872 -16.8640963403 -12.9944409899
3.60002673137 -16.8900356314 -12.984955416
3.61154929041 -16.9271162522 -12.9361136884
3.60076223597 -16.9114320763 -12.9621318389
3.66441467928 -16.9571314297 -12.8446612792
3.61019623783 -16.876123636 -12.9915253903
3.60015174637 -16.8674807322 -12.9936362648
3.7287188818 -16.978000963 -12.7197331924
3.60151683488 -16.8784840198 -12.9912049709
3.60222528656 -16.8566750699 -12.9947662119
3.62588552998 -16.9401399493 -12.9043076652
3.60464130447 -16.8726874325 -12.9931147058
3.60031940266 -16.8951464611 -12.9810178354
3.65929103127 -16.9569812553 -12.8451804945
3.61032475723 -16.9165146886 -12.9553132177
3.60000212138 -16.8929238159 -12.9828421338
3.73845405205 -16.9835272563 -12.6523657279
3.60343771291 -16.9105824175 -12.9643133447
3.60014266392 -16.8734438661 -12.9926443295
3.61183762797 -16.9254873456 -12.9395865083
3.60000004495 -16.8888253719 -12.9857353861
3.60421262528 -16.8806183277 -12.9901057787
3.60056377693 -16.86474644 -12.9939214293
3.62896134307 -16.9441027274 -12.8919994548
3.68795603603 -16.970138299 -12.7742434128
3.60013985294 -16.8846625096 -12.9882477704
3.60500022385 -16.923510266 -12.9419820311
3.60257733084 -16.9128865461 -12.9608614337
3.60338546179 -16.8676948895 -12.994155936
3.60000509787 -16.8662342343 -12.9940159792
3.63787944304 -16.9498937711 -12.8722648259
3.60138793586 -16.8858646121 -12.9875239192
3.60145716786 -16.8972982932 -12.9789659944
3.60356096483 -16.8653568562 -12.994464387
3.6984660787 -16.9711304908 -12.7697965402
3.60017667478 -16.8982428993 -12.9777748583
3.62057897301 -16.9343152524 -12.9199511072
3.60049775268 -16.8696617285 -12.9936243649
3.60150494427 -16.9086273353 -12.9667389788
3.60165688977 -16.8733673232 -12.9928976483
3.60010372988 -16.8869142465 -12.9869705909
3.60249638418 -16.8808521954 -12.9901525201
3.64611544876 -16.9577145409 -12.8375060505
3.60406107338 -16.8688493012 -12.9939750804
3.74143782404 -16.9814108682 -12.6879177944
3.60007748768 -16.8605087477 -12.994554641
3.60352396798 -16.8731471662 -12.9929992705
3.62616148055 -16.9425026419 -12.8968289345
3.6000614289 -16.8904106723 -12.984695144
3.60000816919 -16.8978422756 -12.978582577
3.60568827775 -16.9116225081 -12.962801898
3.60917524705 -16.8669463813 -12.9942607306
3.61170270458 -16.9288006988 -12.9323110429
3.75348774451 -16.9787900404 -12.71379132
3.60039412695 -16.90388434 -12.9723715172
3.621388298 -16.9381711415 -12.9094784853
3.67824739026 -16.9616689369 -12.8237440004
3.60633472008 -16.8731189985 -12.9929435278
3.60035607143 -16.8819809504 -12.9896287022
3.60015958199 -16.8871186004 -12.9866170475
3.6004442647 -16.8541250855 -12.9947825365
3.69492770271 -16.9623526032 -12.8185943101
3.60082204656 -16.9078664829 -12.9675111645
3.6016117785 -16.8766884313 -12.9918723315
3.62316029383 -16.9344521998 -12.919651231
3.60055126124 -16.9008555888 -12.9757666168
3.66146675403 -16.9691334945 -12.7494944284
3.60000645029 -16.8894420743 -12.9853166395
3.60168475691 -16.8585591855 -12.9947908666
3.60266136387 -16.913922832 -12.9592518527
3.60064391598 -16.8730787619 -12.9928745647
3.60290830875 -16.8613155975 -12.994744702
3.60028673781 -16.8964156892 -12.9799574597
3.76564675546 -16.9753687294 -12.734048583
3.60000182271 -16.859014037 -12.9947036428
3.60060411124 -16.8902783146 -12.984671382
3.60179711066 -16.883885546 -12.9886387395
3.6009057631 -16.8715220585 -12.9932926457
3.62328348573 -16.9377550394 -12.9109684507
3.61474901748 -16.9224151264 -12.945218651
3.6245268672 -16.9356164507 -12.916727001
3.60482084595 -16.8709330275 -12.993552462
3.67793163017 -16.9691605511 -12.7769679063
3.60042820069 -16.8869807456 -12.9869412481
3.60023481902 -16.8536552572 -12.9947427704
3.60360650038 -16.9107368623 -12.964105727
3.60302642401 -16.8777599928 -12.9914705723
3.72281258335 -16.9777412969 -12.7205897927
3.60006241119 -16.8691400751 -12.9935839711
3.60326230288 -16.9033877046 -12.9728686779
3.60000368042 -16.8667416762 -12.9938926951
3.60012426315 -16.8590706388 -12.994735891
3.6003524064 -16.8869551973 -12.9869600116
3.60591250199 -16.8815967815 -12.9893280401
3.60010171479 -16.8956200093 -12.9804637258
3.65994305528 -16.9607427582 -12.8264023019
3.61142726643 -16.9239877113 -12.9425488919
3.71854025853 -16.9741540706 -12.7501253422
3.60280641031 -16.8684898451 -12.9940131204
3.60721946165 -16.9128092174 -12.9610201614
3.60033523339 -16.8772889098 -12.9915289374
3.65364659811 -16.9518996513 -12.865819821
3.60100452786 -16.9017372262 -12.9748668354
3.61801079401 -16.9358806924 -12.9153953994
3.60002237762 -16.8897182472 -12.9851707143
3.60746948591 -16.9130929116 -12.9605992826
3.60017705798 -16.8880794777 -12.9862591143
3.60053067826 -16.8999072604 -12.9767204043
3.62622720181 -16.9399760519 -12.9048374778
3.60343963091 -16.8576521707 -12.9947765612
3.60113485663 -16.8850254399 -12.9880554477
3.61004627459 -16.8694706994 -12.9937582153
3.71293985134 -16.9717807626 -12.7664162153
3.60321419818 -16.87567645 -12.9922268895
3.81229168343 -16.986439413 -12.6362081124
3.60238073666 -16.9019933596 -12.9744441158
3.63669347542 -16.9464028472 -12.8851809195
3.60211502381 -16.8576274547 -12.9947862683
3.60478586086 -16.8731642489 -12.9929789968
3.61191614591 -16.9278851907 -12.9344589198
3.60037410548 -16.8778284531 -12.991346337
3.60011073798 -16.8938134281 -12.9821282803
3.6053097601 -16.9195977117 -12.9501663893
3.69541253242 -16.9715475528 -12.7659040485
3.60309515178 -16.9166266954 -12.9548353144
3.62423424458 -16.9362361169 -12.9151370752
3.6001042552 -16.882191058 -12.9894623816
3.60016484544 -16.8682521176 -12.9937976342
3.66658608005 -16.9609434663 -12.8268162614
3.60158499169 -16.8639653093 -12.9945390475
3.6009622315 -16.894660229 -12.9812365014
3.70654179643 -16.9753676385 -12.737062234
3.60452729828 -16.8659838214 -12.9944072641
3.60304706535 -16.9081404305 -12.9674977098
3.60008574527 -16.8951420917 -12.9810557226
3.65031501604 -16.9519269387 -12.8657551803
3.60401683722 -16.9132045233 -12.9606133082
3.60059791995 -16.885041656 -12.9880779964
3.60069554806 -16.8776137891 -12.9914790666
3.69494820911 -16.9704521473 -12.7739575116
3.60645986195 -16.9049070346 -12.9705975382
3.60009617606 -16.8928168261 -12.9828970855
3.60764230464 -16.9275952042 -12.9337730166
3.60302939067 -16.8657061209 -12.9944138176
3.63995399068 -16.9425987426 -12.8970075618
3.60090078291 -16.8762438362 -12.9919764722
3.60136609314 -16.8810144455 -12.990125239
3.60005028917 -16.8863206685 -12.9871518845
3.72374650345 -16.9780854409 -12.7174816789
3.60040000447 -16.8881300234 -12.9862131762
3.61947033528 -16.9388392103 -12.9068982999
3.60407975122 -16.8634296869 -12.9946450202
3.60334795407 -16.8819654995 -12.9895091799
3.60630453808 -16.8705434531 -12.9936217116
3.60053817281 -16.8731984662 -12.9928245009
3.60978078201 -16.9156935859 -12.9566005441
3.63406512621 -16.9495813811 -12.8723656154
3.68557394449 -16.9718437478 -12.7580236814
3.6000338888 -16.902730415 -12.9733577203
3.64735501415 -16.9508597773 -12.8697287424
3.60027175085 -16.8873634652 -12.986709781
3.60206406099 -16.8735395575 -12.9928693115
3.615505474 -16.9296773346 -12.9307857427
3.60319486818 -16.868356651 -12.9940457636
3.60079996364 -16.865692338 -12.9942990359
3.7598303254 -16.9839125607 -12.6639590256
3.63372700883 -16.944785185 -12.8904104482
3.60537930064 -16.9071039192 -12.9684382068
3.60301217212 -16.8587808658 -12.9947915553
3.60000458427 -16.8883475089 -12.9860509889
3.61365973129 -16.9209018111 -12.9479357347
3.60143834004 -16.8827584897 -12.9892732417
3.60100231595 -16.8759382891 -12.9920866288
3.60112312048 -16.8705952085 -12.9935202409
3.72149671899 -16.979665574 -12.6976500662
3.60000099351 -16.8920742693 -12.9834886867
3.61195238386 -16.9258168899 -12.9389177587
3.60166696513 -16.9089530845 -12.966337249
3.60872303622 -16.8660050409 -12.9944007235
3.60083744102 -16.8775877444 -12.9915046829
3.60139534178 -16.8697268745 -12.9937195372
3.60101978746 -16.8987837425 -12.9777461705
3.6402101384 -16.9430359875 -12.895731371
3.70399620592 -16.9743482369 -12.7454938853
3.6053890442 -16.8801886032 -12.9901788479
3.64172914669 -16.9508140928 -12.8693408821
3.62714045503 -16.9372395961 -12.9124988255
3.60006217194 -16.8626887046 -12.9944872594
3.6015264457 -16.9068312724 -12.9690819833
3.60006518395 -16.8985817761 -12.9779291791
3.6001413847 -16.8907075585 -12.9843844433