0.0253366694906 34.8850779516
0.00542967004598 44.0167108861
0.0130015326536 36.3934911136
0.00432819502424 26.8077813307
0.0270856975592 33.4184058231
6.56669161663e-05 63.6307506708
0.000913490517686 65.225548865
0.0172789082831 36.3233443754
0.0489893584663 35.2200396801
0.000231054776718 50.6178549191
0.0323402809923 30.0858522515
0.0126668590985 38.4123356059
0.0434344869799 29.0309421257
0.0529487780469 43.2284861672
0.0343756714989 45.0934082629
0.0004144374566 65.0760719819
0.11352777419 40.7388097559
0.00772102299344 47.4923351766
0.0360501948594 44.0185656897
0.00294149127762 53.0437586078
0.00350182258735 59.1451590821
0.0204890126874 32.9184626112
0.0463239801602 31.2998580465
0.00142626063143 63.8749230165
0.022552901532 49.4759954906
0.0642552550809 47.41269353
0.000970228271009 55.9830649593
0.0126493480747 38.6251856158
0.0415824213931 35.8878377787
0.000291904889291 55.3846493749
0.0196722256625 34.4325514295
0.22769136652 14.4186674692
0.000234693312401 44.6210777041
0.0177039313031 42.0645186326
0.0426886862929 42.8724435096
0.0193031447049 49.0455559935
0.0040264505634 57.3793710448
0.162604142673 15.2992261484
0.0064813208991 44.616007975
0.00273032438193 47.4887134215
0.0760894141273 26.5655042069
0.000822406286751 63.3406246631
0.101798080751 30.8149067969
0.0073947988241 59.8467712242
0.0111529215414 33.1013377063
0.0243011515377 30.380734236
0.00308523917135 43.0669922627
0.0162229244845 37.5685530861
0.0401402706953 32.7289168941
0.00248834471283 66.3100917873
0.000861758369618 62.3070923923
0.0317648444268 39.7861232456
0.0107295340075 49.5920083006
0.0190788514253 20.6989778978
0.0243243255033 17.4125380711
0.356289004604 14.7321671956
0.0119368496699 42.4587349063
0.0664199062502 34.1620541587
0.00298316720068 58.1012568543
0.0986783517422 32.7552785673
0.00279408469275 50.4615298738
0.0257201718594 40.7354392153
0.00921879221717 45.419735535
0.0732384299026 25.8283878696
0.00622074267791 30.6787721377
0.00610817590301 30.9037339861
0.00814790708591 58.8714551608
0.0844059918172 35.4458708392
0.000824965854015 43.2848438657
0.000824966700931 43.2848494893
0.000824966080941 43.2848453725
0.000824965914815 43.2848442694
0.000824965870302 43.2848439739
0.000824965858375 43.2848438947
0.000824965855179 43.2848438734
0.000824965854322 43.2848438678
0.000824965854093 43.2848438662
0.000824965854032 43.2848438658
0.00438792420296 41.7131123821
0.01367859541 20.8407651615
0.116993975367 16.8959764199
0.0146489161216 43.7307721326
0.0979074041333 20.6510747301
0.00089392772492 61.1224432736
0.000623834088355 25.1599216723
0.000615693779617 26.9193297526
0.132360752052 12.5042792656
0.138090239004 12.1749067574
0.0127397669926 16.296194526
0.0224282504899 10.9976274472
0.00738937490183 23.5482952451
0.0206533897434 11.3206761763
0.0607317507714 27.6607465694
0.0565371313101 28.9380267492
0.00416989813099 57.5116503363
0.0569133692849 28.728684958
0.000668369565092 66.3308720225
0.0761787068293 18.016098675
0.00381242189975 36.8573914429
0.076924957555 19.6719285145
0.0771370016581 19.4033249503
0.0764218660347 18.032595531
0.00531242370683 20.7440920402
0.00996386239031 15.1395669829
0.00661877400775 17.2278800766