-33.8891965122 28.5512693334
-48.3043752459 29.1336739416
-202.926101064 65.0760770208
-169.565546723 53.6085177274
-59.9421263927 30.7150734783
-209.111446037 73.9493686495
-215.530030406 75.6967911441
-210.866402791 68.2912671877
-50.484618069 30.129061192
-179.730014289 58.8261991086
-222.572121308 76.506721878
-72.9916333135 30.3256246291
-167.239798004 53.8250110004
-54.6197025204 29.5723673757
-8.03943601975 26.6828272291
-168.11941787 47.1473884624
-40.0356878216 28.4870805873
-183.825321763 52.1103016104
-195.039112796 65.2966431828
-184.949990074 53.0779157998
-189.909442554 65.6843320441
-63.0021708657 30.018062876
-74.3814676193 31.7638576909
-173.488041175 56.4511193281
-215.417759954 96.9094823076
-23.1576056626 27.8005549163
-126.258835782 43.5282008208
-198.890312188 56.808003496
-43.4097165695 28.0009288044
-11.3895127078 26.4063629498
-32.0725558676 29.468909567
-198.323807525 65.0802580643
-2.77564782681 27.1050810728
-176.36901611 52.2972568544
-152.192577206 49.0475695238
-194.620041212 68.0365352118
-43.4724422767 29.7458444661
9.20396129926 26.8334230553
-189.484106377 64.2680897416
-150.484376182 52.5645186557
-168.013543727 56.974014954
-207.456886204 63.5260830078
-169.134334099 47.8390862506
-5.65122863248 26.440793749
-198.114061175 59.3043082167
-78.3501383741 31.166981748
-209.78407807 67.8150664867
-58.6203591973 29.2899240778
-154.431744814 47.285359576
-193.883806897 57.6256597922
-9.95126898854 24.8236944761
-19.1253477459 25.1804112846
-202.495809583 73.816907096
-19.1182160323 25.2071684422
-208.73907764 60.7001734387
-207.720226669 60.7390290573
-27.5036603395 26.6779248825
-50.003063567 28.6758811011
-216.330869245 70.9978958729
-30.7118143292 26.5719851647
-63.4385749502 30.255291407
-192.18747572 55.209808146
-184.271085803 53.1600641137
-46.037571255 28.0681219353
-203.894787436 53.5714258218
-15.9839756002 29.267024962
-202.868240374 60.4399361338
-26.995116886 30.4254907441
-189.767158171 53.3537722841
-47.9363256199 28.9756329211
-205.775010406 58.8443889588
-210.021309323 54.4734271853
-207.728151226 57.0410603695
-66.3690193695 26.1050545731
-204.746131972 55.0221826525
-202.320196153 50.960283364
-30.0130251075 28.4596377519
-200.449657738 50.2229116487
-0.82006792705 25.2767533558
-199.386655796 53.0301648623
-201.315218804 53.8240247535
-2.99145360479 25.6718602807
-208.713750715 73.1236891893
-4.66856682385 27.3234562767
-202.994157988 52.9943002487
-205.19819927 53.433008781
-187.984295234 50.8401597803
-204.784062064 53.4781431046
-207.290897708 55.9351615773
-8.61989016121 27.524957187
-11.0368152599 26.1180801358
-42.280044177 28.440231155
-204.643692757 59.99364264
-156.1742446 48.7947521272
3.74085527813 25.4576916523
-200.710253017 56.3651258334
-167.688456882 48.0907387168
-204.386524995 64.4232622047
-213.665056127 59.065998615
-55.4970138938 26.6260592055
-54.5693024244 26.7430050993
-33.4022078788 25.7184932219
-72.8418214835 26.6722996594
-80.7104788662 28.4239104288
-70.1848602791 26.643473179
-180.58388945 53.6925086419
-197.712120296 68.9518592205
-186.303292202 56.5258605536
-34.6981927484 26.7984821513
-191.419676105 59.234884662
-190.404115231 58.7019319264
-44.216784293 27.5251400921
-206.746976144 92.2069863113
-210.824367967 60.7498063036
-53.7470852456 27.4835844292
-52.1385081721 27.3317888389
-205.200734488 53.7425753201
-200.368262866 52.8548189489
-37.1118407675 26.6527896093
-8.52166849257 26.1745136808
-8.22082846372 26.2698465736
-218.864476288 52.9039684474
-219.933578726 53.9662054802
-8.07438945227 26.2695730101
-44.4684519038 26.811641978
-213.117456465 57.1036534597
-55.0622322073 27.501947799
-51.3306238783 27.1347318269
-210.922619921 56.6312082962
-213.565255161 57.8835940756
-33.4406622125 26.0616517036
-212.013896817 56.0365826017
-71.0541000943 29.9347791868
-214.367652543 57.5434583557
-212.748078619 56.3449404316
-36.8282065811 25.8241354498
-211.738382336 57.9581055433
-30.4842167205 25.6818263922
-28.9757550095 25.3657767832
-30.0211682543 25.7589321261
-73.520352404 26.4715141668
-209.711785413 50.8172066696
-66.3366670689 25.6798730564
-64.4254076928 25.493699978