-73.7306891787 30.9188815421
-206.050582573 75.5451403071
-182.008377469 54.2462766149
-184.984599607 56.7125934701
-33.6053193197 28.2764911847
-184.437455536 53.5987893231
-202.922719674 76.8313276297
-59.6231329963 29.7192232866
8.28890313894 25.8817175274
-176.724084225 51.594419709
-15.4407426959 26.0775168356
-165.201983813 47.3194905766
-199.245035973 61.5026751083
-26.1713230818 26.588924524
-72.2376313945 31.2843146521
-210.762882196 90.3398869222
-192.335682433 56.2468043867
-72.0065929417 29.2563222535
-199.24531267 61.2945321714
-57.2638182562 28.1875177206
-21.3007949935 26.337374503
-204.198811012 54.3861693725
-13.1477849323 26.2018961725
-57.7344676125 31.769134174
-75.7556592577 28.6396803882
-191.549389027 58.8816524089
-202.482427504 65.3890185673
-163.850321287 49.6333133796
-35.0847999273 27.9656751257
-27.111964386 27.382036118
-153.053990659 44.8345853065
-187.231212423 66.4732431489
-211.233099154 121.813617789
-45.8631053732 28.2953121685
-179.485176135 52.1442218135
-213.105330089 87.216622173
-200.313769334 64.5095951209
-142.6602078 43.8859143192
-203.947175103 68.9802304772
-200.473388104 50.4128737127
-43.1408412426 26.0707621678
-190.039293777 48.4020987311
-208.264191647 78.0009681083
-190.882851026 54.2000974742
-54.1925406896 31.2846885532
-200.183983571 62.2192657579
-180.140347969 50.7710859637
8.71016401998 28.5583237967
-199.169889249 57.0679567043
-70.1088693382 28.5900531928
-208.510488871 80.3655036959
-31.2142603228 28.2193421045
-197.545025535 56.8906017731
-167.396465592 49.5113682635
-55.0461741637 29.953261086
-206.345052712 50.0594119982
-211.740266337 51.7116522777
-33.1068377096 27.1215556563
-0.338290583191 25.2466725858
-207.101018513 58.7677442853
-77.1571183479 32.2378712174
-192.970941283 54.6470899495
-210.226639528 63.7582128379
-40.1214809003 28.1870607488
-176.000787325 51.0460190493
-198.710182863 57.219212556
-75.8720843252 32.701125902
-187.256005793 53.542590736
-3.72119554278 25.9833459158
-62.1672227181 30.7355182057
-37.577941261 28.1372405286
-199.837557111 55.9114070073
-11.2739186181 26.7835548314
-62.2754788657 29.9182754533
-186.692230849 52.0317425914
-49.0728719759 28.4080858341
-217.670094134 84.8293901096
-2.79151648416 26.3190500624
-65.6046934738 30.7250479218
-53.0443698359 29.7654381572
-209.010566923 60.3871252884
-159.408121584 50.0304548594
-10.4406790379 26.460001384
-56.550716483 29.308249109
-196.830483454 59.991359131
-201.0186275 65.8590037992
-165.485716946 51.9297928459
3.29085181982 26.8384584674
-206.891761763 65.7836380163
-175.391146768 47.0438265252
-73.1343440664 33.4467938511
-217.78039561 83.4935531353
-204.44252239 54.7676220575
-46.1413184409 29.1436319268
-31.6810011735 27.8863549902
-195.054805028 55.8976282702
-65.9416912907 30.9486984972
-206.236715542 71.7895309417
-175.806921304 50.807897587
-18.4108490238 28.3307908325
9.81212723221 26.6226645337
-148.257506297 48.0467923176
-77.5810636358 35.1946515632
-184.431752965 64.3127368195
-210.292020385 109.209128218
-169.776661765 54.5626738719
-40.4513950486 30.5112865964
-196.815395637 79.5320082148
-48.1146835365 28.3755801944
-153.984402582 46.9511237289
-186.220619974 55.8499532677
-72.6343097509 29.8776786792
-196.861785027 68.9951944234
-206.00153092 86.9684553536
-69.0053444908 29.5052310116
-38.5295456896 27.1214652107
-71.5953113318 29.6369285409
-176.203565194 48.5853170166
-205.373105433 62.2407032819
-29.8525876277 27.7171606399
-205.198613154 53.4365854295
-7.29685278119 25.2721383147
-66.9729400346 30.1505246128
-198.496601062 57.5697843805
-174.638833809 52.090909059
12.2397352073 26.9783739727
-182.136134272 52.1683164474
-202.14384558 56.6415838086
-61.5710753881 30.0182500116