0.695268276747 1.69432070269
0.0024248880284 2.8528059736
0.125910027422 2.09954454041
0.0123146281275 2.71403572219
0.225758008386 1.92681027967
0.0361445750586 2.1634003471
0.0843071342649 1.99913537001
0.0133044380702 2.28420287549
0.0042378232155 2.41086319815
0.126096700921 1.8936512517
0.00720633994162 2.3639014913
0.432545927847 1.64304435228
0.103899613426 2.44638730022
0.20952810432 2.05720297475
0.00413104748135 3.06134277153
0.704732998663 1.64743602417
0.0306913047775 2.71569494032
0.422100433508 1.81490082179
0.107724868042 2.22709871101
0.294194265435 1.82429190101
0.00703224232649 2.86420153264
0.0324466671119 2.54221570089
0.450722837502 1.58643985746
0.00869247631938 2.50790358097
0.327477619805 1.59998534103
0.0332954422137 2.33798095173
0.155669467719 1.95274297617
7.61744954754e-05 3.23234190324
0.038091352198 2.58546377158
0.012261394259 2.87520949087
0.14223073847 2.25615730681
0.386482608224 1.9049100834
0.281897905414 2.03525125813
0.717564353968 1.24877667565
0.0112583890126 2.49759425979
0.199655735233 1.78541450308
0.00423364859037 2.68707368342
0.000871428950812 2.82857555471
0.0494274431787 2.36566161253
0.109085030478 2.17485313445
0.0198751019709 2.54982447388
0.565533794219 1.48191531607
0.390811617694 1.81941663881
0.306389282538 1.90395669226
0.0402241970048 2.42321699351
0.00480225839247 2.68642324391
0.00233167344526 2.81089703303
0.0193517534765 2.69921801458
0.296323652467 1.88165685754
0.122606554832 2.33717323278
0.00221524681289 3.12663246706
0.00718488697016 2.92100813745
0.000747746651923 3.1471910022
0.154811992117 2.14170456896
0.0202409361202 2.85080041637
0.0271606590175 2.77671925585
0.436078047571 1.80967402068
0.0923104653395 2.42319019465
0.00696486750955 2.72964222072
0.45320596189 1.79434760311
0.208989276703 2.01744849972
0.0941296553165 2.36454738839
0.397151832159 1.74251853277
0.00552759635559 2.61400993903
0.228704841143 1.85056738717
0.0161435542873 2.60840469847
0.181036411656 2.02019038169
0.00277117304346 3.03748435413
0.398877979007 1.88166565995
0.0186916013715 2.46200900736
0.021267751699 2.43519898071
0.00328286228707 2.67657513912
0.09452146787 2.10062593275
0.553279822514 1.4739720331
0.0277890309434 2.3997266654
0.324803734979 1.63132180174
0.384464053208 1.90797467312
0.0128272746603 2.97736208332
0.0535549715217 2.69741021723
0.278960366514 2.18132895915
0.487099604335 1.89934450529
0.0138661408356 2.34921292014
0.00673084364754 2.51990553451
0.22659838983 1.82725789562
0.148676956861 1.90145308735
0.0681866897399 2.12698042173
0.0669170850196 2.17279909972
0.21947179656 1.85967163649
0.029887589378 2.35865841717
0.00896298984627 2.51302497561
0.290203740764 1.81522540006
0.000138837268774 2.89822778342
0.733906636226 1.50257264147
0.00548654867072 2.80661999671
0.327905532599 1.86811998451
0.00474719195145 2.83091835166
0.00889501199128 2.74593111034
0.0601918171905 2.4409101953
0.0909464225981 2.34624704589
0.0365303650878 2.33992017462
0.0114833077348 2.46959502914
0.311930104836 1.71213230923
0.00456860587922 2.71906344243
0.591821251395 1.55225259577
0.689340193996 1.70218839056
0.123917806006 2.49436666831
0.553041852015 1.79848767621
0.231998428866 2.22208088251
0.0193285074435 2.9586946371
0.0110503900884 3.05328289002
0.0373267013167 2.85714562333
0.0015552824712 3.42669773276
0.321804665219 1.86072752888
0.022908335598 2.64736732009
0.05025006799 2.49034863067
0.000155075543108 3.10116721257
0.103949412503 2.31894282106
0.00939849117927 2.79660828665
0.201107364634 2.08830057827
0.0306384707194 2.49383509943
0.00377197095374 2.82366191722
0.447107311891 1.74262196863
0.240036579893 1.99013201849
0.0794386015953 2.3002461261
0.00649241407783 2.768593566
0.160349389733 2.17734768941
0.0180776830419 2.7347871287
0.00280320499994 3.1008191666
0.475311111061 1.68585617974
0.200390071798 1.92805758117
0.00217324701498 3.04615308933
0.323066411389 1.68046506155
0.0434115119992 2.47952828509
0.00162644343155 3.06643665792
0.00651222448984 3.14561611519
0.0313527339363 2.82515643336
0.00350319038258 3.26891498862
0.391018452604 1.96210907058
0.553940100896 1.83163973604
0.104096975177 2.40953901029
0.250204469291 2.12552522503
0.00745858505476 2.44104829084
0.0800431731917 2.16494813496
0.390267013957 1.58328206889
0.219291436992 1.8126034712
0.10702596208 2.13427327189
0.232495047247 1.87911637711
0.0125901303239 2.62990912709
0.0249307524219 2.49760504454
0.0765930557038 2.25440564745
0.212463710168 1.90085401223
0.00157479507352 2.93720060768
0.00271877055979 2.8720640809
0.282479524174 1.76282699615
0.0186065479256 2.46204782117
0.0479304745531 2.32036124143
0.495064523368 1.47463243935
0.0164192620819 2.50212142359
0.453212616913 1.76907102263
0.223274440678 2.0980380239
0.0724572392708 2.6202394085
0.0149805137032 2.89043161069
0.00448869259871 2.99493182404