0.000746850662716 0.981169623102
0.0014933780776 0.978744219954
0.00599898088488 0.975343256516
0.979182996573 0.00848894272713
0.97301138815 0.0123671865079
0.00016300715323 0.980812056774
0.972975646302 0.00991814824521
0.00367466975838 0.977169158665
0.000478436497639 0.980645254539
0.978644493878 0.00157269827501
0.00116363035895 0.979058130184
0.980017525799 0.000489908645624
0.981994025114 0.000111800307683
0.981622048909 7.35306116872e-06
0.980444809892 0.000380711143994
0.979273292735 0.00105741536945
0.979416509543 0.000939166669028
0.978532975294 0.00170551572899
0.000499933280877 0.980607965544
0.000388527179642 0.980844027884
0.00114970728966 0.979736667893
0.0130456190649 0.971736735593
0.980779223857 0.000217248594206
0.980284648042 0.000756625116667
0.973966861689 0.00812831392771
0.00167220128058 0.978604328729
0.000156775916775 0.981632628235
0.0088375814329 0.974178818003
0.978431480193 0.00210033482982
0.000341747590785 0.981196805107
0.00652808518303 0.974914769611
0.974564953685 0.00702764716153
0.00373510249334 0.976859416522
0.980435752069 0.00053303938324
0.00056982173068 0.980462976407
0.00065364270403 0.979992175334
0.976492548856 0.00405892161042
0.0042424908445 0.976423604778
0.00125826357356 0.978932635691
0.000209512728411 0.98067625929
0.979574350955 0.00146316808422
0.981052342626 0.000862321480824
0.97396856659 0.00877043135719
0.976554904605 0.00398432338876
0.979641497973 0.000877175123252
0.00066524145344 0.983114146158
0.00429508812107 0.978611467513
0.007241297993 0.976123175239
0.980930800765 0.000156636950714
0.975942417492 0.00516888877803
0.977392726232 0.00334621079481
0.00347258984945 0.978077025199
0.00144549061131 0.982428936983
0.981691244966 0.000191862591733
0.0110311850588 0.972571323123
0.980814568402 0.000666405627261
0.00164055390348 0.978543078785
0.973618882938 0.00939407272978
0.00104133807583 0.979239318613
0.97965580608 0.000860347305448
0.00093483316015 0.979423121531
0.00383987361647 0.976714671749
0.000612178611641 0.979924066303
0.973934851424 0.00816910048961
0.00106545406398 0.979161025858
0.980066171501 0.000465132683132
0.000198212900234 0.980808534141
0.977183746557 0.00310140490543
0.97983840282 0.000592952522606
0.00826690724527 0.974053051961
0.981781658254 8.54953560578e-05
0.000636966499567 0.979984249089
0.000308125625563 0.980641229186
0.00346990493648 0.976984625622
0.979668499169 0.000750857672749
0.975459043219 0.00582062124043
0.980516799067 0.000255227011666
0.000505053987172 0.981750059888
0.00166971516407 0.979585460412
0.0098540371141 0.973428004033
0.981608710065 0.000322429998744
0.980564657409 0.000503944845869
0.00236792003373 0.981703811235
0.978571063198 0.00201912168533
0.975660525976 0.00546763871743
0.00465792418886 0.976548157221
0.980741717594 0.00167038264253
0.000857993166784 0.979799106976
0.974834490392 0.00717642108572
0.000154333261872 0.981905547845
0.00739315768829 0.974350341194
0.00153037769139 0.978673769511
0.000607206419817 0.980149222424
0.0010812132765 0.979154931502
0.981247095935 0.00048385065142
0.979013062232 0.00157439797802
0.973841075243 0.00905569233808
0.00138122284044 0.979224253387
0.00236740461265 0.97797592765
0.971913014175 0.0135039652465
0.982562458562 0.00203498247753
0.976398641851 0.00726446978797
0.981653062993 8.36982644925e-06
0.00185281733053 0.978415168842
0.00865960314022 0.974032515948
0.979679752791 0.000815488754494
3.35118683294e-05 0.981404787688
0.97560857179 0.00545665924567
0.978591417956 0.0018420856992
0.980775940257 0.000210350571701
0.000707657620454 0.979652501275
0.000191066705904 0.980690319042
0.00412807884827 0.976446551809
0.000264042030542 0.980638142092
0.00151554747042 0.978639751969
0.00051709717465 0.980073928597
0.974127872769 0.00779607226005
0.98065375203 0.000261096007141
0.97833023721 0.00192339499706
5.44787026742e-05 0.982031894859
0.979394864719 0.000910389951915
0.980583129338 0.000480117600093
0.97967288184 0.00209579009608
0.979159785815 0.00225588506864
0.000739839070199 0.979842271883
0.975761435898 0.00627940231057
0.0126523194755 0.971731956153
0.9782852294 0.00262217226212
0.981738411314 0.000391541425217
0.0092280806898 0.973329225742
0.00554305679553 0.977263250062
0.00429195051326 0.983619013758
0.981356083189 9.81346687943e-05
0.013475651818 0.971346252801
0.976257440313 0.00488670287823
0.981492218534 0.000494667604698
0.00116057055886 0.981185043113
0.0051683694043 0.976493556879
0.000597048909485 0.983061991014
0.000881766599541 0.981743037114
0.976460164092 0.00495339876441
0.00514794320561 0.976323638173
0.00196551587949 0.978808196644
0.982095769561 0.000244567057037
0.980470289366 0.000387846953918
0.00213888775003 0.983332073694
0.0258530649239 0.967063119178
0.000126601324044 0.981206126384
0.00455799086481 0.976140218259
0.973969443852 0.00826475975169
0.00158865234096 0.978598398963
0.980402008036 0.000315310454467
0.000382535677489 0.980208910022
0.981112647362 9.48462438565e-05
0.977622644613 0.00259865444638
0.000170396117946 0.980810137588
0.0033696453558 0.976978216345
0.979734276673 0.00088299526153
0.972830825021 0.0108597436691
0.00107317360614 0.979168154942
0.00132656827388 0.978843947981
0.982372131327 0.000285107968242
0.982188603773 0.000675176110955
0.979856883495 0.00109176828879
0.978996186865 0.00157688363932
0.975624333244 0.00590438159654
0.97819806901 0.00205820073485
0.000495296540509 0.980663271026
0.0100389730306 0.973227132904
0.00209748968242 0.978492578408
0.000928205161361 0.979875920456
0.000392542132258 0.980228686021
0.980528624669 0.000265040576305
0.00172375051896 0.978431737445
0.000167784763814 0.980774420632
0.975364510966 0.00603516656494
0.00883574340521 0.97363880072
0.980038341093 0.00065175986718
0.982057814042 8.39440752524e-05
0.975373399801 0.0064431889967
0.980345075443 0.000380828345765
0.978325576213 0.00222211960603
0.00336475339419 0.976981443319
0.000301339039919 0.981142266001
0.00682034363163 0.974710791836
0.000265048956934 0.981126567835
0.00122107808914 0.979053404587
0.00546617491125 0.97582551628
0.981592947726 0.000136809146626
0.972132229909 0.0116053650584
0.979238389438 0.00168803559775
0.980656639208 0.000358279683231
0.00767112893773 0.974268705309
0.980776457036 0.000642440811143
0.976481942871 0.00413662816208
0.00263927959381 0.977988439344
0.000190261759148 0.981106132466