110.848925326 -111.09835602
10.3578669054 0.68806798391
23.9209991963 -24.0821231014
222.773550205 -217.640219099
13.4916253122 -10.2875877602
11.4596489192 -4.96267375469
218.984941195 -217.010177587
209.637314303 -209.852022073
218.163449396 -216.731008535
15.8748423267 -14.3579202942
110.289320472 -110.539314549
23.390314961 -23.5478025884
11.4837529286 -5.25565776665
206.766369665 -206.956842681
217.654859681 -216.312662678
14.2967760892 -11.6270215133
215.081783815 -214.882720634
21.2090267789 -21.1666179602
223.711236437 -217.567923067
219.471730558 -217.164491145
106.144866447 -106.390880695
167.401333609 -167.650279942
216.705685443 -215.982715319
11.0781756216 -3.04034386017
17.8581074693 -17.1907284259
12.2636933649 -6.90239209265
14.4347548874 -11.6833727506
215.527931001 -215.165012109
107.424531229 -107.674301961
190.101585193 -190.187351384
23.7566863393 -23.6919085356
10.4380488934 -0.0418902750149
15.0593100023 -12.9303143037
220.561418931 -217.406011325
10.9955388289 -3.29635302524
214.863121002 -214.746614704
216.993550967 -216.159570298
111.009437701 -111.259315015
10.1627178741 1.39065552506
214.982322942 -214.828784382
27.4476361848 -27.6490349354
18.089901062 -17.4116270011
13.6815652365 -10.5535275631
11.3415778721 -4.67086795787
219.072741337 -216.971709539
221.137770574 -217.435612971
207.548092527 -207.795713786
111.009916877 -111.259834734
23.3922508354 -23.5519788059
218.322241818 -216.730706714
220.531502131 -217.423109453
216.517957741 -215.811250891
12.5396290169 -8.25559638421
10.4007067342 -0.818964090152
16.1407736236 -14.597892213
211.664819417 -211.914801678
10.9919628032 -3.48785113192
10.5607313597 -1.5076258586
17.5367597966 -16.7453248436
107.450459765 -107.70008824
39.6334307744 -39.8833493033
11.8732236836 -6.66011179057
217.065565117 -215.758031125
225.944493977 -216.864822428
211.895422111 -212.145422002
13.1442078979 -9.60431791686
215.300756054 -215.117630707
21.1966152216 -21.216475427
183.77558322 -183.919319698
109.016112415 -109.266029185
10.6969819404 -0.891794718563
219.716709982 -217.188249606
217.63709206 -216.320573906
13.6292331995 -10.4361559442
11.3229245448 -4.74927190121
11.0696521082 -3.66072925258
11.8609270553 -6.61609573536
110.408088312 -110.655307592
216.323677492 -215.713673541
37.1703301567 -37.2297370453
18.2078717615 -17.438878936
205.81142432 -206.055599748
14.1908061141 -11.4416143794
218.569647606 -216.196723888
109.845987153 -110.084254018
28.8303765494 -28.5588179852
216.618853504 -215.860984313
19.4555267664 -19.2066846606
214.763949805 -214.66910794
223.343818233 -217.625820287
10.374359058 0.597041615708
14.4447073055 -12.004300745
11.148595803 -3.43591508297
219.325242639 -217.106099327
107.576665142 -107.824662862
10.3278525714 1.49807740865
181.347919839 -181.574274398
217.184414724 -216.263912596
11.3018553422 -4.57750449064
218.999411981 -217.025871982
21.4568837299 -21.4652931913
212.630898029 -212.866621789
13.0319850305 -8.99282034158
19.0101082651 -18.5018293498
109.602637754 -109.850999954
219.071808127 -217.069532677
13.8119462094 -10.8403389633
10.3432906521 1.47259566098
11.0419218364 -3.24677550016
215.541344727 -215.23707838
164.013191973 -164.258508531
221.630260715 -217.507148653
175.591447011 -175.453704913
213.073863282 -213.177609896
108.631735973 -108.88153564
11.0192071142 -3.70693429661
13.730463588 -10.7479209692
19.9719674605 -19.8376899348
216.93356858 -215.900275762
10.8897528942 -3.16134233095
36.4411704356 -36.6491969725
111.768980684 -112.014448941
16.4177796912 -15.1646159323
13.5392688302 -10.3560070667
214.388215693 -214.329126774
222.423666941 -216.919999576
219.315744228 -216.356510942
11.6081238929 -5.906519503
10.679768153 -2.32669755938
20.2793595675 -20.0944649823
111.406283229 -111.648117105
217.51710283 -216.436257601
11.4615180814 -5.23804560062
14.5880583424 -12.3036435594
220.577853807 -217.351838669
209.218913563 -209.326877254
27.8777064184 -28.1218150734
10.415538786 -1.2373463729
44.2836118746 -44.4784079617
18.7366042159 -18.2982413005
111.59953226 -111.832721429
223.740659657 -217.334754591
11.5559870468 -5.48889269184
12.8429959396 -8.96957773876
211.798691335 -211.991288194
214.81619876 -214.746426047
218.240350978 -216.404303952
10.4003693148 -0.618836102149
14.0165808384 -11.2405109146
36.7067651388 -36.9567209703
217.342825171 -216.154606555
15.9652998583 -14.5077789961
109.00012118 -109.250110219
10.8112097408 -3.0494870508
214.578134401 -214.447744919
12.7222528064 -8.67951358038
44.5228611109 -44.7145912541
113.306951679 -113.556934101
217.73138532 -216.390904626
10.9236550113 -3.08365941789
210.140275504 -210.336799997
18.5934941724 -17.8781289506
223.982981047 -217.299229642
10.2177563227 0.774594459105
16.585870462 -15.3885560699
110.531881442 -110.780716172
10.8881353383 -3.35811048714
216.277532658 -215.633289126
220.62411857 -217.336967669
13.3921199915 -10.0337017175
35.3104765062 -35.5061433124
109.470721548 -109.717940525
23.4880075274 -23.4860516787
12.0954262323 -7.21947393637
213.966102246 -214.088877509
16.8968407158 -15.862175412
10.614024343 -1.38413229585
217.562519266 -216.445288127
10.9044721692 -3.28050084947
219.172311676 -216.930071776
220.858025363 -217.142723993
110.715109668 -110.964730106
23.0559203856 -23.2455726466
221.415919383 -217.531608172
215.265480368 -214.967991377
205.409376784 -205.616375054
16.6270280343 -15.3182478607
11.2815401925 -4.58562799808
12.4496011794 -8.07782663057
10.4825826457 0.683098432467
218.44310901 -216.737047453
110.404631726 -110.65229158
23.7531958063 -23.8662409813
14.6128841736 -12.3207553747
215.570687829 -215.250724498
10.8199869395 -1.93849338764
220.402758618 -217.447741616
11.3380324545 -5.04509433511
214.042610318 -214.099261882
16.7891044246 -15.6542897946
10.3273925977 -0.292932449525
43.4552015655 -43.0760517017
17.5640879341 -16.7454137147
111.661214269 -111.911149187
219.179324556 -216.129226432
11.2619143074 -4.81038515168
215.690417067 -215.332414933
12.5034381176 -8.12988900888
215.831892967 -215.463084105
153.786582737 -154.024646422
104.603765161 -104.817068863
10.5240286299 -1.60198154766
12.4655452772 -8.11839723776
218.681756117 -216.930573912
21.6693818959 -21.731999113
13.6744975763 -10.2719731106
219.379621698 -217.061012727
10.5461716297 -1.98385452795
16.7691928553 -15.4630006818
111.851931411 -112.101537093
10.1922270636 0.597884043841
41.4941077367 -41.2556482838
217.7898842 -216.261659787
13.0876331764 -9.43300946574
214.304897585 -214.355711723
223.165751006 -217.140882226
110.585073166 -110.834990412
15.4877632363 -13.7817263337
35.2407284151 -35.4127421085
10.2764553984 2.4084459637
11.9027233859 -6.61843676202
222.100694056 -217.604754454
217.586790417 -216.455749207
211.605157632 -211.85503215
112.946968688 -113.196174611
23.7627647216 -23.8882401443
10.9388637169 -3.59641909416
17.3786495048 -16.470312658
220.248147188 -217.282840787
217.600633935 -216.406311475
209.139829004 -209.37916339
12.9739744237 -9.25464275876
10.3905268518 0.28569590775
210.459842285 -210.69014625
19.8136716892 -19.6431108815
111.709897038 -111.957232723
35.3771031649 -35.2828709256
11.141291498 -4.25223882358
221.762164135 -217.465938595
214.951911861 -214.775247064
13.7365193436 -10.5836393588
217.476462274 -216.160257362
10.766134787 -2.46737305908
39.8099344045 -39.9928732106
17.9206457302 -17.0202412878
112.332050512 -112.581809936
220.126749234 -217.165540455
12.0444768842 -6.99645430351
211.959929883 -212.20831066
11.0053265575 -3.80460574086
217.419414442 -215.996438289
214.36861051 -214.297713873
15.0051279802 -12.9994276553
184.939263738 -185.183750598
220.17395444 -217.364961567
11.9550467419 -6.42104151535
10.5205322184 2.64171758074
221.96499773 -217.66179749
22.6935547046 -22.8011767084
108.766210703 -109.001548059