3.79407726818 -16.987372489 -12.6263218151
3.60059201347 -16.8866414194 -12.9871389561
3.60280933081 -16.9066897397 -12.9692749428
3.60025288238 -16.8976618741 -12.9788498236
3.61487091568 -16.9262204841 -12.9381278305
3.60168033244 -16.8622095777 -12.9946739135
3.65223617056 -16.953122146 -12.8611363224
3.6022372778 -16.873240447 -12.9929567581
3.68251067429 -16.9672389954 -12.7931381683
3.60308672156 -16.8677639549 -12.9941383625
3.73808279998 -16.9814445811 -12.685908082
3.60057841861 -16.8981618154 -12.9783754302
3.60110341617 -16.9061374039 -12.9698731444
3.64736969544 -16.94932482 -12.8752995996
3.61547041217 -16.9285822398 -12.9332113087
3.60011311845 -16.8859915169 -12.9875098363
3.60303000857 -16.8622624295 -12.9947027196
3.68634554466 -16.9698041089 -12.7761890227
3.60307802129 -16.8744189678 -12.9926313612
3.60332009037 -16.868650608 -12.9939985914
3.60294882469 -16.8661978086 -12.9943528945
3.60000382838 -16.8879803868 -12.9862449848
3.61813235088 -16.9313917807 -12.9269567235
3.60871216765 -16.9222188729 -12.9457964765
3.75669073175 -16.9788831621 -12.7126662972
3.60115310588 -16.9027975825 -12.9737444468
3.60089107389 -16.8838694968 -12.9887138343
3.65501361058 -16.9551606778 -12.8528623518
3.60322898031 -16.8713940935 -12.9934419848
3.60115554185 -16.8763713665 -12.9919565161
3.78357693147 -16.9843502381 -12.6615610447
3.62284809368 -16.9382745796 -12.9094266788
3.60018549643 -16.8955128141 -12.9807373735
3.60251710364 -16.907770324 -12.9679688469
3.60080127151 -16.8868761052 -12.9869717027
3.61303892546 -16.9255968231 -12.9394022149
3.66963390015 -16.9617288968 -12.8231179205
3.60208861938 -16.8678564801 -12.9940889858
3.60215400958 -16.8787435287 -12.9911005725
3.73779053952 -16.9762810698 -12.7342081497
3.60143575538 -16.8779908875 -12.9913931518
3.60024248962 -16.8875661781 -12.9865836367
3.60142712991 -16.9057311994 -12.9704197438
3.61434569323 -16.9280769811 -12.9342703202
3.66406784876 -16.9517557501 -12.8651572157
3.60157436439 -16.9028134666 -12.9737092557
3.60237665287 -16.8673496111 -12.9941781827
3.69515608596 -16.9671453022 -12.7948335013
3.60066712092 -16.8621671381 -12.9946248425
3.78486158613 -16.9837760409 -12.667103401
3.60290256555 -16.9088196088 -12.966639416
3.63339257223 -16.9431044136 -12.8957985892
3.60047605736 -16.8996385962 -12.9769830452
3.60268157356 -16.8629657811 -12.9946534726
3.61224218125 -16.9265630911 -12.9373805317
3.60000086318 -16.8888516193 -12.9857234411
3.60078060272 -16.8777317948 -12.9914463327
3.67822250675 -16.9674256565 -12.7905681362
3.71856730322 -16.9778919354 -12.7172179592
3.60197036989 -16.9058053734 -12.9703529589
3.60041284317 -16.8865553548 -12.9872011617
3.64722057682 -16.9517112792 -12.8664462971
3.61555461282 -16.9280722797 -12.9343056975
3.60117057259 -16.882434582 -12.9894476934
3.70084519003 -16.9682362821 -12.788438372
3.60081039638 -16.9017881679 -12.9748128334
3.60313955317 -16.8661620291 -12.9943622345
3.60293565681 -16.8725323187 -12.9931590807
3.61554799843 -16.9283195556 -12.9337784856
3.70917182122 -16.9738414465 -12.7513832407
3.60038541216 -16.8867508062 -12.9870837395
3.60304974285 -16.9075210189 -12.9682608497
3.6656808905 -16.9552285729 -12.8523460043
3.60146620632 -16.9031401859 -12.9733674252
3.60010885253 -16.8863607012 -12.9872969188
3.6033171704 -16.866677126 -12.994300298
3.60289164861 -16.8758405882 -12.9921754819
3.60042069992 -16.863023088 -12.9945331992
3.79332641485 -16.9849935797 -12.654087578
3.60085996186 -16.8863584921 -12.9872871024
3.60048883116 -16.8969532122 -12.9794648262
3.65784339338 -16.952906806 -12.8618455385
3.60412938974 -16.9081899852 -12.9673516389
3.70438272261 -16.9696845803 -12.7797733298
3.61378100423 -16.9274764811 -12.9355354515
3.60211597259 -16.8638594453 -12.9945698273
3.6034886991 -16.8784295796 -12.9911767574
3.60166027056 -16.8720649804 -12.9932306023
3.70495780414 -16.9739880951 -12.7490404019
3.69984647626 -16.9692330523 -12.7825419445
3.64857445612 -16.9503161435 -12.8717480433
3.60223810246 -16.9059482052 -12.9701793698
3.61306250151 -16.9277361531 -12.9349276898
3.60047085146 -16.8846313826 -12.9883039011
3.60026047403 -16.8996245268 -12.9769726117
3.60349195065 -16.8732152361 -12.9929805033
3.6001724082 -16.8650004315 -12.9942799407
3.60109150087 -16.8737266437 -12.9927577337
3.71510446351 -16.9748225776 -12.7446332673
3.65046814201 -16.9497214058 -12.8737795493
3.61401896306 -16.9272683895 -12.9359851473
3.60170197804 -16.9048412129 -12.9714734704
3.6003279435 -16.8846017131 -12.9883113048
3.6003376926 -16.8996623617 -12.9769485545
3.69605022686 -16.9688184598 -12.7849605178
3.60139175254 -16.8660300477 -12.9943065674
3.60264832255 -16.8749164427 -12.9924769006
3.6038246556 -16.8691767026 -12.9939127768
3.71076151696 -16.9731185794 -12.7571365973
3.60137645167 -16.9064535651 -12.9695313524
3.60306557866 -16.8630869329 -12.9946532007
3.62609899792 -16.9357512996 -12.9163383343
3.60096421168 -16.8797654986 -12.9906656461
3.60004951047 -16.8879174619 -12.9863464298
3.60068019102 -16.8983238543 -12.9782158188
3.61339997403 -16.9249443691 -12.9406856083
3.60123465101 -16.8740172088 -12.9926895053
3.6770899065 -16.9652678346 -12.8043617518
3.74397622183 -16.980708469 -12.6964510543
3.62614903265 -16.9400262116 -12.904679579
3.60046915413 -16.8786814562 -12.9910474571
3.60171689621 -16.90297247 -12.9735291139
3.61715647649 -16.9285161219 -12.9333357863
3.60012750908 -16.8706273402 -12.9930150245
3.68876832973 -16.9685107051 -12.7860766777
3.60054515264 -16.8762218939 -12.9919349682
3.60005145942 -16.8908241335 -12.984401507
3.60168765195 -16.9083427291 -12.9671612889
3.61003815987 -16.925645292 -12.9390651918
3.60015738075 -16.896750937 -12.9796688945
3.65321629806 -16.954095075 -12.8572324097
3.60248880365 -16.8638713393 -12.9945804763
3.68067528691 -16.9704919607 -12.767081918
3.60083212033 -16.8852110361 -12.9879721036
3.60139868731 -16.9045045022 -12.9718549968
3.60260835635 -16.8757889998 -12.9921942444
3.68842046953 -16.965935913 -12.8016308535
3.60362320353 -16.8706414441 -12.9936159507
3.60166833931 -16.8651596827 -12.9944248833
3.61038429927 -16.9204799998 -12.9489637532
3.69462925369 -16.972916082 -12.7539892978
3.60021603929 -16.8887356549 -12.9858309676
3.6017192554 -16.8735682328 -12.992846334
3.61472210244 -16.9295847885 -12.9309392633
3.60068220954 -16.9011044015 -12.9755188571
3.60057233171 -16.884016545 -12.9886369772
3.65253528037 -16.9547600098 -12.8543654767
3.60316686175 -16.8691899525 -12.9938990122
3.75145453151 -16.9786824575 -12.7148462862
3.65764286697 -16.9493802304 -12.8740857715
3.60066255884 -16.9037379254 -12.9726450189
3.61438181991 -16.9281873638 -12.9340325896
3.60047173676 -16.8847106651 -12.9882606679
3.6007354976 -16.9001316706 -12.976497188
3.60271116133 -16.8797274181 -12.990658951
3.66453972174 -16.9594368214 -12.8341428797
3.60259643985 -16.8659557952 -12.9943720177
3.60267044036 -16.8715073054 -12.993404517
3.60056214404 -16.864289044 -12.9944311142
3.60003758019 -16.8872428807 -12.9867535478
3.60080323239 -16.9025240892 -12.9740267253
3.74956946622 -16.9762146873 -12.7329840405
3.60068550474 -16.8831633312 -12.9890822303
3.61611332121 -16.9289116893 -12.9325047787
3.64836067854 -16.9518344906 -12.8660391622
3.60700317469 -16.920370679 -12.949060525
3.60368883349 -16.870190109 -12.9937123729
3.60219454055 -16.8760378977 -12.9921082862
3.69574995961 -16.9711698433 -12.7688953407
3.60003582503 -16.893963026 -12.9820226339
3.60264813878 -16.9077193726 -12.9680318661
3.60020591998 -16.8848598787 -12.9881564248
3.69348614439 -16.9677510471 -12.7913266103
3.6394284271 -16.9492978528 -12.8749402428
3.61275247371 -16.9261515009 -12.938269026
3.60150831204 -16.8660359598 -12.9943133048
3.60351034816 -16.8742236494 -12.9926882386
3.76198498127 -16.9840616751 -12.6627563828
3.60333199915 -16.9105398941 -12.9643686095
3.65007952061 -16.95202883 -12.8653573546
3.6002251526 -16.886794203 -12.9870563559
3.60087460417 -16.9010231954 -12.9756023305
3.61297413113 -16.9261835271 -12.9382109333
3.60194273459 -16.8644899739 -12.9945062684
3.69803144201 -16.9681950046 -12.788761721
3.60138503308 -16.878884632 -12.9910428575
3.60225468035 -16.8729847204 -12.9930255773
3.73918911282 -16.9776941475 -12.7233568476
3.6061873909 -16.917109373 -12.954647353
3.6139636366 -16.9277427239 -12.9349737944
3.60053187643 -16.8840460025 -12.9886201646
3.60029177823 -16.8995757917 -12.9770273764
3.60018613864 -16.8966098627 -12.9797942978
3.67505053204 -16.9622819594 -12.8207040233
3.60067881857 -16.8653769189 -12.9943238564
3.60225272821 -16.8750759282 -12.992422139
3.60213739586 -16.8695451262 -12.9937988608
3.75619318301 -16.9846453934 -12.651643202
3.60059080729 -16.9042355929 -12.9720404705
3.60149863155 -16.8776147021 -12.9915360735
3.60871864325 -16.9246687095 -12.9408887809
3.60024339826 -16.8983059436 -12.9782502924
3.60121644626 -16.8875688439 -12.9864535629
3.61116448435 -16.9201186107 -12.9495231118
3.6001219875 -16.8626726452 -12.9945090831
3.66239989336 -16.9580429397 -12.8405642949
3.60384914482 -16.8692517947 -12.9938990991
3.60242778704 -16.8651988877 -12.9944523794
3.60030968192 -16.8981959157 -12.9783575678
3.61318530974 -16.9257439421 -12.9391080215
3.70128580491 -16.9764537717 -12.7204541107
3.60341067791 -16.8738348615 -12.9928044632
3.60055661241 -16.8860122375 -12.9875199111
3.60071382853 -16.8812609579 -12.9899979419
3.60838886933 -16.9169708155 -12.9548321249
3.65198726515 -16.9517823974 -12.8663041748
3.60200520904 -16.8692324416 -12.9938509134
3.60104142105 -16.8633643576 -12.9945604849
3.60064421344 -16.8842515899 -12.988512385
3.73590787247 -16.9820049517 -12.6766551539
3.61481455741 -16.9275423744 -12.9354223754
3.60298850883 -16.9116227768 -12.9628269486
3.6004615141 -16.8994385673 -12.9771778447
3.60067276285 -16.8806872565 -12.9902507767
3.60145003836 -16.875603321 -12.9922271703
3.64157331982 -16.9513929976 -12.8669303529
3.6022018284 -16.8688625446 -12.9939267052
3.79758501098 -16.9839423061 -12.6632818209
3.60232916177 -16.9064709229 -12.9695581678
3.60005078411 -16.8877595117 -12.9864446515
3.61067835668 -16.9231234895 -12.944188089
3.60027599951 -16.8971252012 -12.979334995
3.61371338547 -16.9260954205 -12.9384011465
3.65702875265 -16.9568319232 -12.8456450647
3.60228975407 -16.8770441539 -12.9917559621
3.6011061907 -16.8724483453 -12.993093649
3.6000072435 -16.8637929834 -12.9943365107
3.61198856163 -16.9234341558 -12.9436012741
3.60078915824 -16.9016268677 -12.9749811016
3.60051511352 -16.8843323014 -12.9884670213
3.65156654286 -16.9499808309 -12.8728071944
3.71302544746 -16.9752774061 -12.7403731635
3.60035519127 -16.8972125895 -12.9792521398
3.60165798856 -16.8659822441 -12.9943287483
3.68449973243 -16.9666858688 -12.7969857796
3.60323349188 -16.8725484563 -12.9931583491
3.60117625674 -16.8722985521 -12.9931373095
3.79678093289 -16.9884933559 -12.6102175387
3.60208387336 -16.9047014305 -12.9716166729
3.60006827136 -16.8860004838 -12.9874905936
3.61151179507 -16.9232268374 -12.9439976727
3.60001365498 -16.8932182694 -12.9826126801
3.65325753654 -16.9500271423 -12.8725070421
3.6013801863 -16.8785615327 -12.9911711413
3.60245315328 -16.8643740396 -12.9945352966
3.65620657314 -16.9577181566 -12.8413259367
3.60274219931 -16.8702601366 -12.9936797574
3.60888396432 -16.9216707769 -12.9468385105
3.60135598993 -16.8825717106 -12.9893726204
3.60046551567 -16.895007463 -12.9810971465
3.63929406666 -16.9467705711 -12.8840810075
3.67968283005 -16.9712183518 -12.7588222869
3.68841516647 -16.9681566428 -12.788332126
3.60202976985 -16.8768881998 -12.9918111832
3.60160996516 -16.9025235585 -12.9740108086
3.60203962888 -16.8727923761 -12.9930680077
3.60441667013 -16.866246723 -12.994373843
3.71918766502 -16.9729606552 -12.7584558943
3.6008878681 -16.9021663938 -12.9744158162
3.61557931362 -16.9285776495 -12.9332231315
3.60069501176 -16.8991128864 -12.9774814499
3.60104009617 -16.8839120775 -12.988685197
3.60823502532 -16.9201756202 -12.9495139086
3.60129092173 -16.8734749692 -12.9928439473
3.60145076477 -16.8633884544 -12.9945815811
3.60243233982 -16.8723428071 -12.9931961377
3.68648894405 -16.9646524187 -12.8085676748
3.68293896606 -16.969833925 -12.7743656687
3.60200300117 -16.8809566868 -12.9901322898
3.60063591372 -16.8609678195 -12.9946953934
3.61071612782 -16.9227811826 -12.9448325966
3.60108367467 -16.9029413094 -12.9735883699
3.60026940293 -16.8901864705 -12.9848215566
3.64132686499 -16.9513798152 -12.8669309912
3.6676348964 -16.9608964093 -12.8271937045
3.60178908324 -16.8791074709 -12.9909554471
3.60316696455 -16.8688486127 -12.993960601
3.69636968692 -16.9702004759 -12.7759757229
3.60025853103 -16.8841995487 -12.9885163407
3.6276740003 -16.9459593509 -12.8847140087
3.60040543068 -16.8974101966 -12.9790715272
3.60197710601 -16.9034208558 -12.9730272571
3.60967730233 -16.9218449885 -12.946549912
3.60345216772 -16.876440155 -12.9919544892
3.60112676368 -16.8625500828 -12.9946281167
3.67808216554 -16.9648713384 -12.8068867708
3.60249666258 -16.8700249444 -12.99371973