0.0437102393419 1.03853863977
0.941237727859 0.158771431752
0.145820514098 0.950911638448
1.04298296467 0.0471518348158
1.03363963849 0.0527820973632
0.0449797735964 1.03729772855
0.935045636295 0.171185112675
1.03381012665 0.0521602960983
0.149680689137 0.947516065665
0.04419050304 1.03992584959
1.03711483215 0.0464327260175
0.950935029199 0.147123063744
0.160731541052 0.941955768843
0.0434879211377 1.03771276972
1.03868404412 0.0428288546037
0.159529289896 0.941053545197
0.952251051816 0.144606547147
0.0558538894089 1.0498748169
0.0591795219547 1.036655578
0.0450565198193 1.04088537825
0.14023642007 0.956268967416
0.939886863027 0.161071932216
1.03802618245 0.0436881897901
0.0462462190362 1.03912315721
0.0484762269298 1.03827798651
0.936645072023 0.167829491243
0.166379495351 0.938220479679
1.03834065013 0.0475274261087
0.0442142086551 1.03987436791
1.03905607845 0.0444151771892
0.939164710376 0.162851743141
0.157261629391 0.942912746538
1.03814248115 0.0448608553239
1.03825966628 0.0444958405937
0.162478732807 0.940744486096
0.948084247583 0.151892050412
0.0449913228837 1.03907733133
1.03658171668 0.0468678511326
0.0467585542101 1.03634122751
0.954670140387 0.144400166927
0.155639814945 0.947431881458
1.03913669294 0.0447397303434
0.158548687785 0.947616207617
0.951979917737 0.144767200948
0.044136657025 1.0401594458
0.0481529900739 1.03796847416
0.943313333765 0.158825105238
0.159397956546 0.940839486336
1.04177713347 0.0462435230664
1.03673581196 0.0497658563535
1.03903017452 0.0447878926075
0.968609345113 0.12696666272
0.159349889375 0.946168682038
0.0478848440323 1.03552932516
1.03633293762 0.0467193604575
0.0544912208541 1.03172533088
0.946356211853 0.151685923463
1.03955845776 0.0441747959045
0.15133422485 0.950632768197
0.0513076756295 1.03693572489
0.160914787649 0.941397479169
1.04006322163 0.0466662365701
0.939795876526 0.161490588932
0.0491518387227 1.03586016289
0.0423501103558 1.03877854655
0.942619436105 0.157467532824
0.149608953684 0.948646625442
1.03901357218 0.0425999718005
1.03827986969 0.0438863169993
0.956776169109 0.140683145018
0.151427953249 0.949405081342
0.0464471711682 1.03984817216
0.0515206762107 1.03353615633
1.03680736031 0.0451519636406
0.948417679148 0.152561854429
0.0507802329753 1.03523978918
0.155552597243 0.944279303766
0.0486991448442 1.0421499811
1.03706679578 0.0523356178067
0.952544795334 0.144192681436
0.146249989673 0.951742853682
0.0421567373702 1.03874309247
1.04064836172 0.0449413297468
1.03736441791 0.0456663381482
0.945268954203 0.154017655921
0.0466506299141 1.03835323816
0.0460047868438 1.0396842007
0.161702007788 0.940873943242
1.03894687737 0.0444426905173
0.159559899071 0.94094543884
0.0445167302875 1.04003864683
1.03296335247 0.0523623401206
1.04228728181 0.0466799804231
0.0462731599612 1.03835783031
0.951927081341 0.149136613291
0.154590391275 0.945525857648
1.0365865653 0.0506595078269
0.0444511585256 1.03893461337
1.03365911891 0.0506865940588
0.936506256893 0.171308846539
0.11668607135 0.977158619652
0.047105518532 1.03572436663
0.949793041365 0.147365933276
1.04043513714 0.0451813014413
0.137385890006 0.959526585386
0.0443877293322 1.03899528498
0.148899781835 0.953074764609
0.937437874644 0.16914952379
1.03703218368 0.0460849593999
0.0472237566075 1.03626152857
0.13983045734 0.95529865846
0.956853888881 0.138066118442
1.0375908255 0.0487237288723
1.03214323837 0.0532034019559
0.0442578413017 1.03749923313
0.946472516416 0.150815178621
1.0384046662 0.0419027206605
0.141979471513 0.953684467311
1.03461968014 0.0489869769707
0.0487632922366 1.0405616058
0.932375066179 0.180807182206
0.0539592814103 1.03341910269
0.158213013932 0.941650434582
1.03715138183 0.045075186363
1.03666520029 0.0489372638429
0.149370944851 0.948280000631
0.0468035890369 1.03587226468
1.04129693866 0.0462235868922
0.953132428108 0.142922012702
1.03629017763 0.0491985176572
0.95988928237 0.136117829271
0.0523338986709 1.03301117979
1.03320205477 0.0518633263242
0.15213266523 0.945465127593
0.0493935024702 1.03699093741
0.0452834648283 1.03705814951
0.141064504681 0.95441000347
0.948194277402 0.148382341839
1.03058520177 0.0562500759606
1.04150624242 0.0501735942135
1.03689992664 0.052239684602