0.999964318645 0.999999944067
0.977662337406 0.999990900313
0.999999902101 1.0
0.985011210263 0.999539657096
0.996037765462 0.992337836456
0.999999504234 0.999998824595
0.952019030727 0.996604720857
0.999998113844 0.999995824638
0.942037556921 0.964143738116
0.999999999835 0.999999993273
0.986557275367 0.999999684073
0.94523096715 0.999941124358
0.996536590978 0.999999724966
0.999974290239 0.944262596683
0.999990353869 0.999984645657
0.900080195956 0.999955272251
0.999939281317 0.999943310883
0.999745622609 0.984752324639
0.954282520206 0.95057922057
0.996320916413 0.999999912537
0.8371964615 0.999917473176
0.959827152189 0.999987414782
0.997183823796 0.999999849596
0.996507309303 0.999996881356
0.993528095691 0.9992770633
0.999707198507 0.999999999501
0.87147083044 0.996347722073
0.999999675804 0.999921236317
0.999996935738 0.999999999967
0.960384932875 0.999905454734
0.999782514098 0.995163366182
0.999519732394 0.988485886782
0.947619393853 0.999992804492
0.975732051249 0.999999737648
0.995218951171 0.999916348038
0.999999820204 0.999999819494
0.999999816521 1.0