0.884599428615 2.24564738714
0.289703561021 3.09654017195
0.715932157752 2.37554407716
0.0406717787758 3.89830726115
0.0122058193901 4.23291331403
0.0267071590818 4.01503591782
0.446073943794 2.5611564814
0.155034431751 3.18289037666
0.00424905019258 4.52257474451
0.811352439036 2.0785153608
0.044946194994 3.92365459926
0.00498467167464 4.13228661103
0.479539075908 2.3041160846
0.092725572429 3.40035824379
0.023415118842 4.01965903849
0.174162865404 3.07492880583
0.276235580797 2.74037936781
0.0471085780748 3.54783166878
0.172273154378 3.08826965914
0.287831344752 2.85284212744
0.770962979723 2.11822777959
0.493682589557 2.53649620594
0.000505713191233 4.6975646241
0.785052532895 2.10852000816
0.0216991607103 3.9561510244
0.0156415180407 4.18703329445
0.228120604614 3.2131337361
0.837212614359 2.23427435951
0.379328126903 2.86712814566
0.0894808753948 3.69028751609
0.00331797201429 4.5897180329
0.980603053368 2.00137281685
0.0872732390745 3.1963222121
0.714269528277 2.19675602098
0.458681636373 2.44832883875
0.00360892088249 3.68424881024
0.050073227164 3.31180001183
0.0522730906566 3.79010303849
0.375582107714 2.86324726292
0.527427512999 2.54283647968
0.216219063503 3.19755075106
0.838181831694 2.10296747058
0.00103224862357 4.65208125229
0.0139419415568 4.15254282327
0.981544121724 2.11662877911
0.160601055008 3.24783464417
0.0298502180555 3.89795052306
0.503112300545 2.6549801795
0.0277408451967 3.91831756231
0.0181572086168 4.0809741434
0.676871045833 2.37434660923
0.0076961612574 4.36300342004
0.000117895244577 4.5989534965
0.0323157171324 3.63253018329
0.879546227345 2.20626119179
0.442398607742 2.67834146693
0.0240243602169 3.98483135674
0.199059811783 2.98389274306
0.075003301856 3.50837536463
0.783570350018 2.18750730345
0.645991765083 2.33707016589
0.00469449627482 4.49159685356
0.0485619411028 3.87317612691
0.214252593133 3.10532301704
0.427269073886 2.56394886905
0.00576156379398 4.14818369612
0.863123593491 1.8849918809
0.244679351184 3.01829326663
0.144031014334 3.14307461848
0.00780936894538 3.95408334055
0.886211983723 2.1080405486
0.437949425419 2.63974215308
0.111830589792 3.43932832325
0.627606532829 2.11660176654
0.471296337621 2.42540702571
0.00177090746042 4.1519677319
0.0407385352435 3.53837639364
0.116033993443 3.24238213116
0.0108348837778 3.90851550317
0.720396288789 2.02367840498
0.0242995150138 3.96458481931
0.259631602731 2.86612151754
0.0612322370816 3.66789631008
0.0123701288571 4.16704509236
0.405861581273 2.53882716284
0.00263254560039 4.55973998143
0.915187346051 2.16389249267
0.23163206902 3.18887536136
0.0106112437197 4.31734084152
0.159067200163 3.43078229415
0.00252184263526 4.57773882158
0.785266608166 2.34109774713
0.829702609635 1.74757616044
0.301248346 2.47726238655
0.00926162034642 3.68575359681
0.240959693396 2.6668668344
0.0751527097222 3.33009535942
0.000390520668035 3.89853998277
0.926212483782 2.10980202466
0.0737260252506 3.49779614703
0.439119530924 2.48615972727
0.00281492737717 4.07898469428
0.155436592676 3.23083073354
0.937218882379 2.16865439027
0.524231562979 2.60132886595
0.195452694388 3.33444527883
0.0592232940121 3.89436151406
0.0112760711119 4.48911166021
0.0196847645494 4.31810811007
0.584980425187 2.03578995404
0.411422258444 2.31765016946
0.0339203875415 3.3125866046
0.0198562150317 3.5114292401
0.738110358586 2.06192875061
0.373655660822 2.66601730665
0.879901468601 2.02331153332
0.0870726532248 3.47160994658
0.144742434806 3.25568883274
0.00930871529658 4.20993725946
0.0126104763467 4.13694720111
0.0154515837609 4.10602149441
0.00257166665274 4.19831913239
0.0696271276863 3.24588430207
0.0445615144952 3.48857283512
0.896028281896 2.00256255838
0.823064789563 2.06740134312
0.271009768968 2.8029454789
0.259171488047 2.866164457
0.0239516389053 3.80586860704
0.652490913242 2.18792460427
0.962110030362 1.94413025188
0.00341730005382 4.63421236497
0.160855150251 2.94004114116
0.0205079210709 4.33466969448
0.0641249694315 3.80129332592
0.380177869171 2.68787120672
0.978402294347 1.99584952863
0.0116640975826 4.78541992289
0.655213579141 2.27662163386
0.945811402822 1.83909020356
0.246567739239 3.06152880513
0.114814554934 3.3666385017
0.00376893236197 4.5097627803
0.0101932573653 4.24127494239
0.825631383995 1.9210574413
0.657141927268 2.21700000554
0.777709307961 2.10166720208
0.247472769199 3.19350814007
0.0053125716643 4.2937877644
0.123790111207 3.57197530984
0.0439566503879 4.00593829556
0.924817176529 2.01499331311
0.407185542114 2.57800626707
0.0281917347581 3.53655120075
0.203956765419 3.02267480038
0.563016635084 2.32040219986
0.00897817227992 3.79113632405
0.0075673486281 4.18665325701
0.96072037369 2.02788094904
0.403731113422 2.76556846345
0.0607666094185 3.69111417431
0.00634252843169 4.53279957591
0.794227911749 2.1478748652
0.203605872576 3.18869027223
0.0340556782172 3.96468825503
0.35371953075 2.68300312733
0.00279919387655 4.72713908378
0.789936289252 2.0642245076
0.0133812331371 4.15263227178
0.217617589423 2.98208192279
0.0748662277783 3.4612473635
0.0305116574504 3.78653628017
0.0133832573752 4.14979210399
0.129752303848 3.17846911499
0.00261373776018 4.61973592648
0.316513332367 2.80956000635
0.9956092113 2.18178641345
0.707021423052 2.41291144107
0.958371423524 1.88372654398
0.13744415295 3.31900647201
0.00528477787471 4.71173072571
0.713541458298 2.05248951049
0.301729150857 2.87908633384
0.529657632751 2.40731279159
0.0380031536575 3.90383501222