11.212710738 1.29233807288 1.30412460195
-7.95996521843 8.27165377607 1.2434234398
-6.02726154078 -6.6802370372 8.78167576807
-7.10931769473 -5.16405972386 8.61423424256
-3.91853573606 -8.09965999122 8.78087764452
-1.63027257544 -8.72139564664 8.80386565388
-4.22869664026 -7.92927609215 8.86207236155
11.3746315542 1.23154853703 1.39731682866
-8.01302628567 8.10158274137 1.41940537242
-4.08142711995 -7.90340543173 8.69665425419
-2.90480179326 -8.4193050457 8.7051764715
-6.94370872948 8.49270286904 1.23557963554
-7.33550833291 -4.7593572219 8.60403175271
-5.45384732202 -6.98482807445 8.70006814728
-7.90433076283 7.9826271408 1.28520536985
-7.8275615277 7.89030725024 1.25319175465
-4.68054113729 -7.51850087738 8.66446198219
10.9726758137 1.24114006708 1.24774063519
-2.91885338301 -8.40945745283 8.69716838268
-6.85290984326 -5.5895393332 8.79279369888
-6.07389671429 -6.38659186894 8.75312527626
-3.40864289818 -8.17923433995 8.68528631859
-7.76690060894 8.60898204702 1.23158005014
-6.87059701568 -5.54334301797 8.6502546686
-8.23928545002 8.51703186716 1.33408005624
-6.62754536857 -5.86784087131 8.68280755837
-8.27384857995 8.31710817705 1.38145639047
-3.99464286768 -8.04326309713 8.79956194755
11.3344560963 1.50821937969 1.24964981423
-5.8455641992 -6.57873158188 8.79326253604
-8.28537259124 8.42904941914 1.45938041487
-7.64514942438 8.8004286554 1.28926333101
-3.97115976055 -7.97542755901 8.70656137499
11.2184679444 1.3033272167 1.25625319388
-4.97658025562 -7.38904983613 8.74577521403
-6.6054847754 -5.79472702258 8.60816016055
-6.72044615674 -5.67434308555 8.61441431236
-7.32841460976 8.81622992373 1.23328460122
-2.4177012447 -8.60057600089 8.71878968297
10.8687502332 1.26361316689 1.25993250456
-8.07149508914 8.22367836407 1.23143882163
-6.84696127654 -5.48878625655 8.67944636398
-4.38907704241 -7.73497476763 8.72724328033
-2.17831347305 -8.58299891433 8.66348222482
-8.29707471975 8.28810629338 1.24352149002
10.6747192001 1.22773204105 1.23308100379
-6.67087122651 -5.57634391289 8.73541723845
-5.78587531398 -6.78302830796 8.76266965115
-8.31452391084 8.26324762879 1.2484105835
-3.61689177845 -8.29657568174 8.83548563477
-3.21506106198 -8.47310428514 8.85034288064
10.749657655 1.2437405032 1.27210409967
-8.34435748082 8.30217189101 1.2893722377
-2.68810040465 -8.59424480025 8.77363206365
-7.06639609126 -5.32574999275 8.65922343996
-3.48199644194 -8.28939487857 8.76954041748
-5.97515956449 -6.51533620509 8.76598042133
11.0105560589 1.31772265774 1.26668219791
-2.8039322079 -8.31200446359 8.59161516182
-8.25449073645 8.56157287427 1.37162113631
-2.86117818698 -8.29223204701 8.59280092463
-5.33521039492 -6.91668826413 8.56101434214
-7.67439400857 8.76823607222 1.23156550319
-6.67524792485 -5.48006099647 8.56635936999
11.2184816551 1.26026699073 1.25244350139
-6.52235836226 -5.84047931359 8.67048753452
-8.23890961977 8.35300848632 1.25556349486
-5.85118092744 -6.58687255668 8.6521955397
-3.17452658226 -8.30350017555 8.68077643667
-3.18047613864 -8.3360414811 8.77047187281
-8.20890617197 8.20158376933 1.29106977788
-3.65389179825 -8.11872692045 8.74248149031
-5.87425894819 -6.57923839351 8.73585725222
-6.65997617705 -5.77827571568 8.75822750582
11.4976821045 1.30084204344 1.30457785134
10.6715191267 1.33156327366 1.23290285818
-4.83241214416 -7.26294013486 8.83932127987
-8.06309743908 8.02596281747 1.23792003459
-6.04235597369 -6.1234083956 8.91705066104
-2.99045035609 -8.13870986045 8.96522233684
-4.4847645104 -7.39349077937 8.52226063832
11.2341852278 1.23955575283 1.23630747537
-8.34457327416 8.29410876583 1.2661207893
-8.2838000362 8.24397496243 1.23782147281
-6.78837369178 -5.91311429902 8.80674056374
-4.85652689724 -7.43941851689 8.69594066611
-2.94551832017 -8.39658350539 8.69087744716
-1.91805628282 -8.66415018143 8.6754318063
11.4396102126 1.24554898358 1.34313893727
-7.37371123354 -4.67370854986 8.77551624054
-8.36605385913 8.25102303168 1.42718341209
-4.34668885004 -7.60408241926 8.81795805978
-7.84929611971 8.3663770468 1.28179994927
-3.05503871784 -8.2121394398 8.66085782506
-3.98319601385 -7.81336132959 8.81078905342
10.5829832955 1.25448636257 1.23323926089
-8.22970414138 8.15780524073 1.23688923338
-1.58382450323 -8.66822505903 8.69699810615
-8.29865805373 8.20998657921 1.26536776561
-5.2494447076 -7.22701509776 8.75903448107
-3.40942022968 -8.06644604547 8.5777693812
11.0787100645 1.34315120266 1.23733559442
-8.39266861239 8.32234598424 1.23440038768
-8.46772815491 8.37882365905 1.25542890502
-6.44659683713 -5.89288614229 8.64050982187
-2.76584298826 -8.51698310486 8.73528954684
-5.14996140967 -7.19905253196 8.73871041302
-4.50708549513 -7.63413701326 8.74439513063
11.4543604065 1.27161898049 1.27250843019
-8.08236545874 8.11491008994 1.32886248587
-6.92963556618 -5.46823072897 8.6570744468
-7.29459573651 -5.11273200042 8.70231924738
-4.99016022515 -7.33977975374 8.71433142658
-2.86891806675 -8.36933612023 8.64917581952
-7.49066558192 8.57559246789 1.23778926246
-3.54655305426 -8.14602225594 8.72368964858
-8.38084552976 8.28648593543 1.24489715346
11.1260330943 1.26027727033 1.24582365113
-6.62261539147 -5.71680644734 8.72478779795
-2.74988734973 -8.44736640034 8.72172060566
-4.27732053432 -7.7715721121 8.70820346288
-5.33382334047 -7.07682386121 8.73482217585
-8.20345705575 8.13019308578 1.25502363737
-6.42939892788 -6.00858851402 8.62836667476
11.2882385661 1.25706350343 1.24607532527
-5.48073951044 -6.94845249257 8.6604516476
-4.49470364691 -7.63567732624 8.75101921347
-3.11016040971 -8.30628724767 8.70146516082
-2.37395338206 -8.53090641168 8.66574106938
10.94642222 1.27244353708 1.25588403042
-8.18302227946 8.16979636379 1.24318354083
-8.22271788309 8.15623056256 1.24820805676
-5.89313909023 -6.50336005903 8.65210328032
-4.90643162161 -7.26417519037 8.78378254046
-8.24583249913 8.16184956528 1.25992319764
-3.72207322784 -7.92746600144 8.58820373173
-1.74006158142 -8.46055791351 8.63401268237
11.183625712 1.31386647515 1.23754027849
-6.79746518487 -5.76305004856 8.69990097289
-7.99998081492 8.70079279054 1.24705577808
-2.18272092175 -8.52285950206 8.817084919
-3.97970305077 -7.93586346989 8.7720553647
-8.46976332351 8.39054179047 1.48109903333
-6.04490057263 -6.57439845533 8.8180920233
10.7055305059 1.2544080653 1.25022692411
-1.06176779353 -8.54899914629 8.70625261516
-8.18242273947 8.12479065754 1.25423043743
-3.57614797551 -7.84885699812 8.74605372215
-5.69531517365 -6.56038865861 8.77305423612
-8.09580157055 8.04511056548 1.23272305005
-6.48337159131 -5.76478989319 8.78817657747
10.580833157 1.37206302856 1.25843595332
-8.00260072273 8.16764665057 1.25575098991
-4.58491181877 -7.41857045256 8.68458243178
-7.28719329455 -4.80456335025 8.555679162
-2.88122534473 -8.09311002801 8.4457818042
-6.20841482158 -6.11075499854 9.01109179261
-8.11342803863 8.17841736282 1.29203552131
-8.01376006038 8.19357121921 1.28247910497
-6.7442506981 -5.5732439046 8.73148491774
10.7367175916 1.28904795371 1.23263855749
-7.88497393671 8.11347847642 1.28451060356
-3.07718681737 -8.2536245795 8.6560115931
-5.74097375854 -6.65614907979 8.6026976541
-5.19504272627 -7.08574570829 8.65323178342
10.6141200794 1.22504427469 1.2594779177
-7.93446968889 7.97750801276 1.26503954511
-3.28817220292 -8.12919246393 8.65754674605
-5.33939946601 -6.95452875255 8.59003698942
-2.17115344295 -8.55671500988 8.63421323917
-6.64306222026 -5.58453353015 8.54291922249
10.7908530426 1.26795815082 1.2463815919
-8.2495817655 8.64434885335 1.24645040118
-6.33212017351 -5.98559914171 8.59372280656
-4.5957067257 -7.5058292645 8.74798895482
-8.55974607645 8.45824407042 1.31630801509
-2.32316379104 -8.50572100086 8.82792260029
-1.61876368072 -8.70076067609 8.70694736834
11.2254610896 1.23286284956 1.25599543832
-6.86647803169 -5.46508229257 8.61369172101
-8.33854034062 8.6258383024 1.27989210875
-8.38301229536 8.6056894641 1.30129853071
-5.1273180109 -7.31801897669 8.75539183163
-3.22135082547 -8.29174063172 8.7701068372
-2.15152933822 -8.54250102328 8.76356424797
11.075215532 1.23317788611 1.23565486777
-2.37444332364 -8.43704085771 8.9343250842
-4.59766491907 -7.41391052694 8.55671263611
-6.63519371781 -5.53863950487 8.66001078844
-7.98839692974 8.2403827493 1.23744660442
-8.28437251428 8.20091000721 1.343201354
-4.05386226122 -7.73376421027 8.77735080489
-2.65585491515 -8.49126405028 8.78328473475
-6.78363446352 -5.52100479584 8.66556603386
-8.31385939837 8.28357435452 1.2454673979
-4.45249439837 -7.56894773057 8.7099613483
-5.17627517693 -6.99199739129 8.56090622579
11.1621441603 1.3726708422 1.23907914857
-8.29668992858 8.28656025816 1.24218322974
-8.3928322917 8.28999192509 1.28350085535
11.0615261277 1.31426926822 1.25247338084
-8.11177554866 8.21583163496 1.25066476924
-2.75495769347 -8.32102641621 8.59665643014
-6.42604013133 -5.95211979134 8.58840827404
-6.74042503211 -5.59347327028 8.62175177915
-3.55277335169 -8.00314623502 8.72547021456
-4.84320729559 -7.3346095261 8.63287303371