0.850467134485 0.261308079609
0.463260568602 1.12114086051
0.230087469224 1.72849675233
0.0505719645369 2.37177240681
0.00612730910558 3.07734355439
0.864289556722 0.441720884819
0.269669718343 1.47806729352
0.451388525475 1.07929745843
0.0167470347233 2.92214293222
0.0575775718215 2.45044186217
0.0474483314416 2.54760910663
0.644700174099 0.732623279872
0.0493181848473 2.63949481189
0.0382541603433 2.75511159462
0.270832932577 1.51936675912
0.844946488105 0.302445280713
0.00523427339639 3.5267848957
0.101012231296 2.2877837942
0.442351873803 1.13907290667
0.0849696594768 2.29690705171
0.0754804709822 2.34062814875
0.459400610952 0.827160732316
0.022708569335 2.90044602844
0.00797626497436 3.4909971462
0.841084725421 0.267881986096
0.851072258545 0.255135376415
0.00495186566547 3.23016507798
0.434331934744 1.11367580754
0.0331392193282 2.64907528125
0.234858790192 1.63577423075
0.845761294966 0.426002581454
0.0508034338497 2.47622767607
0.254721807646 1.58218830983
0.0105769982964 3.04237943656
0.256750833654 1.49195213798
0.643437810037 0.687319544475
0.846661589678 0.43687858771
0.0865842916622 2.26064723637
0.0495759710073 2.44357624419
0.0116715681085 3.09555760434
0.0390493532602 2.25558240506
0.840165222644 0.31787511056
0.238921365635 1.74038268479
0.449977817982 1.10274861627
0.0367189789972 2.62167703266
0.05130293783 2.48893075234
0.00244197756468 3.39610758953
0.0135845139696 2.96508036053
0.642299093714 0.659344937726
0.853947544034 0.288762425525
0.0831296300671 2.25013438757
0.440775852818 1.00571053757
0.268544877173 1.53796057619
0.026297582321 2.5940941445
0.00841424455448 3.16035583676
0.0572490976895 2.36387672941
0.850566392689 0.204221588416
0.241486098549 1.42595259861
0.0341340702863 2.361131601
0.0807119853952 2.0171702887
0.0100339773454 2.9186583186
0.657636679501 0.646998603152
0.848691736752 0.283094350872
0.00533204705514 3.1523564755
0.0659035675234 2.38607069157
0.225023907307 1.70289728044
0.433321040704 0.938960712997
0.655568927192 0.528902004668
0.0384781453269 2.69358505028
0.856154015132 0.358857272838
0.855473156774 0.394031552137
0.262611218392 1.70054303706
0.44611675671 1.13690913745
0.0336486815772 2.71805684254
0.648490259598 0.738907795854
0.0724589501502 2.44537616158
0.0994216680425 2.30633383048
0.00816184981484 3.300568707
0.458831773616 0.961711319366
0.259179245052 1.49630960576
0.858206300612 0.157221462924
0.029689053725 2.77627086841
0.00816498521376 3.2799359485
0.0414419847877 2.66445884845
0.852960240642 0.454860914891
0.451981359348 0.986488471545
0.0800404002414 2.1681686015
0.00352280474803 3.0910290228
0.845410553452 0.323818430874
0.245795923746 1.60085341972
0.0937070063522 2.23797342637
0.647385908851 0.585659836084
0.648215521911 0.542243184729
0.0359409094778 2.5411098849
0.443161409426 1.05318771699
0.00448897674848 3.55680968891
0.641430812541 0.593819245844
0.264836649854 1.5332788203
0.441987526067 1.04535514785
0.858626483096 0.295582411555
0.0365098310909 2.48585096263
0.0806838293851 2.15431699136
0.0019480672069 3.43997176752
0.228049907761 1.57075045249
0.0931081285926 2.11638935252
0.0266572767491 2.6985412075
0.00732105776372 3.39706129331
0.8562669598 0.377004402094
0.634583367635 0.653701366887
0.655447002213 0.603290810065
0.84766324706 0.232800903175
0.454545389073 1.1311233505
0.851639591546 0.255341578246
0.0810576338104 2.34042163647
0.229052985659 1.75229891994
0.0580079268815 2.51936216986
0.646676052698 0.644061801321
0.0215555706301 2.97755455246
0.010905668909 3.23949510416
0.011571650913 3.18898605005
0.0644572926927 2.45733212106
0.455940270218 1.04266367189
0.855278853248 0.407729132065
0.262106786514 1.51747455832
0.0275229226317 2.76473475663
0.234355840026 1.59963541399
0.855657574245 0.376178201515
0.241619988411 1.36970642066
0.0298917682742 2.47743991871
0.447305650923 0.979088733212
0.0727229965349 2.10493533578
0.0059522226016 3.17540055651
0.0207215261965 2.67718797563
0.852983305385 0.418631519596
0.0528672592389 2.23432558239
0.835045015747 0.407296358045
0.666946424259 0.676304736091
0.0140790716882 3.03423791245
0.446954943905 1.21857284219
0.160470122715 2.05686942757
0.0680259756212 2.55552198277
0.849787924295 0.527615629993
0.00624706091078 3.82879594383
0.245064869234 1.63811239148
0.649853751254 0.868379534953
0.0456344378092 2.77667171651
0.0744927939181 2.41954597444
0.853479327923 0.318680000333
0.272884636273 1.44507977116
0.01001280593 2.95466617427
0.0854548836237 2.15985103686
0.448688341745 1.07165614685
0.846155686098 0.463516119047
0.248643513053 1.53742478495
0.0536954062705 2.53247454117
0.0066768380798 3.03706885462
0.647677796842 0.677542182779
0.109878292929 2.14255596675
0.868694532191 0.336632789027
0.653414525216 0.717591510998
0.0335929598451 2.6555900949
0.00525913377381 3.38368377297
0.281094475369 1.48963148885
0.0814413157481 2.37686791904
0.278263145495 1.32054286409
0.857670592054 0.29449092432
0.0537307974493 2.17525493901
0.225146918219 1.621038303
0.00292995956808 3.51695744394
0.0605692552632 2.38189500809
0.240264387476 1.41858532223
0.00447502325268 3.37904626355
0.835592046973 0.303698701744
0.012186966636 3.17587028969
0.025420274718 2.89128546678
0.00279596435535 3.52453077584
0.652192514476 0.697610758538
0.0212923038219 2.9165594965
0.0558014852644 2.27952663766
0.25876677166 1.65399775972
0.843989029464 0.45370907417
0.657515592449 0.612197882029
0.430896220115 1.13863206302
0.0455673503877 2.53404686427
0.851420602647 0.339270063641
0.234362781406 1.62087886345
0.0120008639191 3.26309487693
0.85210782326 0.496408316523
0.431867943154 1.06441845933
0.0546250799495 2.20075011843
0.0709641138741 2.14517594587
0.0108614451952 3.22928472529
0.855251275601 0.353372953076
0.00770654245162 2.96447160799
0.218533050935 1.42902230712
0.25527559802 1.34023498032
0.649888747734 0.536143781036
0.056939141438 2.11067482404