0.143928307237 16.0938194186 -0.0884791559843
0.00384455854733 16.8617787451 -0.0997638384953
0.443478958674 15.5790569052 -0.0533684807778
0.0677939522097 16.4938993346 -0.0959473815303
0.0976833733766 16.2306214417 -0.0924791294237
0.2075141618 15.9478700372 -0.0822348275511
0.0212158980378 16.6793371698 -0.0987802367756
0.00735198438227 16.7962439966 -0.0995412575519
0.0143687424329 16.7124283489 -0.0991254873379
0.0922079753156 16.2503545432 -0.0928580289783
0.00113391343008 17.0820287061 -0.0999431042462
0.354191967604 15.6978189303 -0.0652355939055
0.0967357400224 16.2455989206 -0.092892422149
0.00647263947728 16.8100418159 -0.0995921881313
0.0667973109379 16.4431821077 -0.0958529860615
0.417783390899 15.6295126221 -0.0580163330823
0.00416642425756 16.854551888 -0.0997313101692
0.000530252352659 16.9852618641 -0.0999647911938
0.0267541470235 16.6070247221 -0.0983496195554
0.0675722904484 16.357232542 -0.095224391481
0.16144854226 16.1077508243 -0.0878687580555
0.43719471131 15.5962407299 -0.0482484942869
0.0200780638193 16.6545676365 -0.0987529045329
0.00217436835313 17.012583008 -0.0998865222248
0.0377342696514 16.5451221987 -0.0976742654893
0.230960459494 15.8858211555 -0.0775552809327
0.00802408057526 16.7929856471 -0.0994624090087
0.000487641656358 17.0867905512 -0.099974630594
0.0859582490429 16.2801186883 -0.0932378166688
0.116919096935 16.1651340469 -0.090687235102
0.000305584721916 17.0091097796 -0.0999846946581
0.173923365418 16.0105001493 -0.0852419450842
0.00817694071841 16.8064281683 -0.0995386012148
0.0499507235658 16.5089214476 -0.09619990442
0.0969058672598 16.2458145763 -0.0928922033231
0.00968627684388 16.8793488463 -0.0995044330317
0.00185243275872 17.1006760419 -0.0998833348608
0.070391939961 16.3445136854 -0.0946328083924
0.409398170724 15.6242271666 -0.0525712020659
0.00331713323954 16.9729647851 -0.0997970790506
0.0499207587567 16.4420068787 -0.0963873216296
0.0213277853485 16.6787052712 -0.0984902298118
0.186521929704 15.982316321 -0.0827857929165
0.00427407462415 16.8846430495 -0.0997717142388
0.0667097167206 16.4369406565 -0.0947297702182
0.243007362353 15.8649418843 -0.0759442924397
0.233741840547 15.9632415495 -0.0810063716863
0.00444757435191 16.8488405153 -0.0997262954632
0.066080349267 16.3598565318 -0.0952490054125
0.00172412576611 16.9308889322 -0.0998845622968
0.0291011502528 16.5770824991 -0.0981236357372
0.00152309906959 17.1011952101 -0.099923470326
0.136131816019 16.1061539433 -0.0887631960829
0.245257530792 15.8747292634 -0.0781881784821
0.0406833380577 16.5212583521 -0.097002628079
0.00230438626957 17.0794928299 -0.0998823137199
0.0993273076987 16.2510920252 -0.0928845028007
0.0344999336205 16.6393370574 -0.0980626065276
0.0560999678409 16.419716772 -0.0957885385349
0.310404353547 15.7790331912 -0.0662454784667
0.0228505376279 16.7787356016 -0.0984368067623
0.15830244862 16.0746578833 -0.0875398587756
0.0581144976832 16.4081663371 -0.0956278681637
0.228224451415 15.8928675179 -0.0794354160611
0.114406789601 16.1766470874 -0.0911018399631
0.00488968656942 17.0237879813 -0.0997267109031
0.0629561767934 16.4048981096 -0.0951231786398
0.104513965655 16.2503431823 -0.092636564841
0.170513963431 16.0230527268 -0.0857774195563
0.0333210218932 16.5468017039 -0.0976516275903
0.00479885903206 16.9312563664 -0.0997573904858
0.315869500213 15.7332415492 -0.0669452014346
0.0133512260052 16.9671289191 -0.0992049577585
0.0788016831335 16.3314959789 -0.0937119107694
0.283078669582 15.7862062656 -0.0712819353892
0.00194174309576 17.0116420738 -0.0998990899244
0.038134030067 16.519492304 -0.0975235943
0.392967583746 15.6397017427 -0.0599249886689
0.00058250777988 17.070572935 -0.099970826048
0.137499253633 16.1814781006 -0.0901303862885
0.341918074824 15.6922668757 -0.0647740823826
0.0367210423142 16.5261900119 -0.0973784447847
0.0163171041532 16.7493886298 -0.0991091231971
0.025904344111 16.6052976934 -0.0983663119084
0.163694068747 16.0706419125 -0.084867979584
0.367049251375 15.6717332791 -0.0630894927504
0.0271548294483 16.6309844022 -0.0984086780848
0.00401751750857 16.8690318299 -0.0997306163251
0.132293921911 16.1695294194 -0.0903087612777
0.0700798331809 16.3488976632 -0.0950694063551
0.0795645054118 16.3211412264 -0.0944617891125
0.0204481123996 16.8172346644 -0.098930605501
0.259942467074 15.9014257738 -0.0780152960045
0.0119636611928 17.0962386362 -0.0992953826396
0.172639858763 16.0097981944 -0.0851214132553
0.0282951916714 16.9080391902 -0.0984631306989
0.0379699619705 16.5103669599 -0.097366201783
0.0799673844 16.3068892388 -0.0942612253861
0.285727912144 15.7882044332 -0.0727447339409
0.218982890471 15.9115158786 -0.0804673300768
0.0166546604607 16.704938604 -0.0988410779286
0.154726478038 16.1298827861 -0.0885428664837
0.0790721093429 16.4423119482 -0.0951459011261
0.182109577702 16.0219187467 -0.0827703164206
0.00978679478638 16.772164645 -0.0994231833639
0.00161073858809 17.0317106506 -0.0999111835394
0.0332682392497 16.5492033312 -0.0976444555657
0.100438329137 16.2515233306 -0.0928421098243
0.0430653905036 16.484448576 -0.0968969023948
0.0041619795033 16.8767336634 -0.099719110211
0.0184617278593 16.6893123771 -0.0987082715634
0.0637281613511 16.3951186047 -0.0957485861282
0.0053704217227 16.8331798496 -0.0996760916332
0.170538842066 16.10323283 -0.0872361490715
0.340923390782 15.7003556271 -0.0657634264154
0.00392511485535 16.9856466712 -0.099798230693
0.00634666337854 16.8120572458 -0.0995965711059
0.00299815466213 17.0199815962 -0.0998406161342
0.0455196875579 16.5982693928 -0.0974101914995
0.437981330471 15.5708324325 -0.0496232276091
0.0955776219748 16.2726351241 -0.0932893582003
0.09602215553 16.2390842921 -0.0927436114511
0.00679648505739 16.8513993785 -0.0995396002267
0.00013663061704 17.0269266152 -0.0999930516734
0.161573974008 16.0405464991 -0.0856867426103
0.0263298507795 16.6783812871 -0.0981174491857
0.0484512530356 16.4479800264 -0.0966185723446
0.184463977442 15.9979365033 -0.0846176216009
0.0226631569715 17.3740478904 -0.0987727944798
0.194771118957 15.9594180034 -0.0828756284681
0.000210751848265 16.9955319609 -0.0999864185594
0.0219946277939 16.6419469929 -0.0986464730844
0.0808875543039 16.3145150262 -0.0943406886206
0.0040942841694 16.9522616775 -0.0997932331083
0.0480988476147 16.4602047216 -0.0967998768545
0.00123733872533 17.1331846408 -0.0999300861192
0.173483529401 16.0107707355 -0.0852454217313
0.427828975769 15.5978342829 -0.0554715712048