0.334168467176 0.224136992517 94.1201896348
12.6984477147 8.32462261452 21.3711143275
32.2904352752 0.0129836694604 45.5724553909
9.88327656864 96.2070649741 0.190596112738
24.9071150138 24.6494880908 5.28332089166
130.032673741 0.340005265535 1.72455584003
0.235893481474 0.252415752981 102.877747228
11.9566666591 8.07239837447 47.7954284045
9.54800145654 113.395116077 0.022708387893
0.739449138685 0.286508681582 106.063989352
10.2486263948 105.317785565 12.7322532026
10.6535367404 4.40565088305 57.5835170353
189.492410345 0.72026991148 0.562857446931
34.0070626976 52.0969401739 10.4273183263
35.6101699481 0.229487831126 37.8763035603
72.1690008071 8.40701178124 9.22931317728
1.62290588443 6.94185233914 70.6095855037
3.06193816692 136.876319924 1.34708121293
37.4771282258 27.1344448985 16.6648799053
55.4240510008 54.3988074459 1.36972076195
15.9237900479 16.0631891565 32.0772196867
225.087128587 4.09589877793 4.3335220653
0.127004823961 0.257650529745 132.917399486
24.69052724 109.054361482 1.07256698399
3.98186436368 5.60935483341 81.4540851548
5.87203077723 0.0724457299273 48.9330829583
6.44705824143 24.7658180585 30.1099323047
13.4158265539 145.384358703 1.18109742168
35.626080947 16.1036263377 13.3791036093
40.5709752344 59.8953527021 0.369206396389
116.545116758 0.810984569988 3.12714598369
11.8865865434 5.35955636609 17.8217796675
0.287604012916 94.2470569004 20.6150323503
0.238324430952 2.35788877847 114.870913858
49.3701408187 19.8209072303 0.183352374176
186.789373248 1.94463794945 2.51653200422
0.0736641613356 0.166975497751 96.5030283169
10.1929459022 6.90844963916 42.0476272403
4.50609974091 42.9273572488 20.5875518986
1.17857664621 167.471947508 0.0231989148925
24.7337361305 36.3467189456 15.7709136834
8.17646210049 0.747913147432 76.8379553686
15.2485222582 15.8782935061 31.7233867998
86.7718138256 10.8189931091 9.99513837576
18.1706560514 74.1657301124 9.79863821091
6.81996319158 15.0948683402 49.1094989409
2.44835487216 22.979793768 38.243638214
42.7517048255 29.5216532676 7.36361257374
31.1877640888 75.5513388127 0.780967360811
169.464911894 1.75525961013 1.268108168
0.000112835169198 0.365957038221 117.160826095
14.2904297442 116.205792112 1.00938189789
10.2379617024 10.6223285317 31.8547991315
67.7545108107 17.1970511838 0.395110306163
36.5411336794 9.74466634189 11.5333239172
0.371351546926 0.862556883252 96.1088119865
21.1237650958 21.4536830358 10.759218025
24.2919302485 3.00400706042 42.2416248334
135.532132938 0.616363837237 1.86974651675
0.118614980975 0.252399943681 113.745499352
5.12150991683 49.252852292 23.6004177898
47.2793595368 21.6473528828 15.3581394652
9.86583273185 42.0747782129 21.95253723
0.0942479645105 0.0599465444283 65.8105463902
49.6215914202 71.3918837663 1.82611639541
115.693036085 10.1507840169 1.29954469539
0.416447852047 0.602993992225 105.399430053
2.85567069485 25.4465502683 12.3690403843
94.6402006359 10.3886081574 11.5521672451
172.826585387 1.7715171746 0.841244546803
1.25639367586 107.983618255 0.415412108761
17.1470448645 39.0675921644 14.5564078046
28.9857879901 18.8604728996 33.1733190031
7.92575163893 1.74567365213 81.3915826563
0.820738320307 0.372465610139 110.286500748
140.203500089 0.993657197281 0.233962666278
11.2131439358 1.46828436173 49.4905291086
35.8454059019 51.4330552156 7.88469935231
45.5325166559 5.14675824416 23.4443381574
6.58961209809 240.658459067 1.04756058238
0.358783463897 0.567678438672 123.619814338
1.24808731525 113.045032982 1.32519234518
0.00836805322977 0.8937641967 111.236569945
8.11227437714 18.7063672901 41.5414603115
3.71687879224 35.7786322389 26.6273017309
27.9856504783 41.694966502 7.51165089685
129.83509887 2.35516787749 2.31955546288
62.3004083642 27.9061391984 0.166111757385
12.1934745004 8.22122551509 14.379131092
0.395789706478 0.606466029405 87.136836474
37.4831051708 24.9374784044 0.0452078034628
5.2846168175 20.2236120947 24.8591401408
6.11674858519 14.1648998943 30.5948307272
41.2257436553 40.6667348483 10.2120521671
2.03921148679 2.96046663373 46.1327010909
0.50134559429 157.206613535 2.18529689475
13.1355018886 8.59727530639 33.3469077627
161.585210635 0.872423928856 5.62478399223
10.9370425878 4.63901441318 61.9109109937
0.785398375262 117.523149958 13.3730203776
42.5059804121 16.7643531554 25.5318202208
142.546587634 10.7063182336 0.351171833998
0.132596687512 1.2542349689 139.792645436
18.2680767069 71.7374650557 1.76654957317
143.975569285 2.5778531513 11.0355939244
28.3152521355 18.3695602896 10.79421732
3.77287282283 3.92645129401 71.2403386683
5.81740478563 63.5893904315 29.2104048667
0.673315996852 0.176450219904 125.455264832
45.1351148747 11.8275590943 24.5170880113
31.6954758439 32.7867017919 7.67620705494
8.72684993162 97.3705701804 11.3661641411
3.87958465619 14.7713427063 76.0937075177
125.073521435 1.95082253611 16.1481013587
8.02431465645 79.8302827673 9.76425576521
13.6291136794 9.15735402181 22.9055714397
3.76986159872 3.78042283524 70.5681018074
3.40678330735 1.44215495503 42.5634016665
3.18264396827 28.6811086689 49.0333424871
23.0224808257 14.8711229701 15.9602580802
0.296617378991 0.117494782139 106.815354901
135.18294486 0.122251421679 0.281000851994
27.3698434894 104.467687204 0.0169700533165
16.6744758766 17.0524066603 13.9785694925
4.15955762744 9.72227166251 32.8915970356
0.611748711314 0.0668569310643 103.321281397
20.2586019413 2.49704403083 50.6902909206
11.0509480594 99.7328338651 1.41632320848
21.9948657373 32.073209148 23.3878901431
0.649487414687 1.47692719049 124.412397122
55.6088826509 0.786792520482 36.9170050359
146.01412003 0.165071712146 3.94581221998
0.764508677706 148.633888506 15.8040059031
3.00286397978 29.2955968638 69.7105285909
76.7375835753 6.73105471138 19.8024351914
116.003957198 0.0252288453359 12.4210253844
28.742510173 40.8169915122 6.7019053158
15.8322522435 6.83353294986 53.9477538219
75.2969133724 18.1735126412 0.396356041203
2.47330957985 170.240488804 1.0481020649
5.12438354502 41.1223571695 32.6399502371
0.447161004839 0.0358953791824 115.80011969
0.375314129195 83.6025505032 11.4205326692
16.3174858403 10.5532168441 11.9113212363
2.46977704782 6.38024629149 87.5329011801
45.0416735897 5.25768967224 33.5384702552
0.10624776552 1.11215784819 120.39165889
32.1921219836 21.8966081498 13.9900099406
73.7552881735 16.6834597071 1.66292628707
9.74235676128 3.99982277279 57.1922600454
9.35940210665 109.438934893 0.813318869366
6.14845822311 49.4622276049 23.9555994592
19.3131126219 135.106150804 2.29024055957
0.358047330409 0.807009978846 79.215684279
0.0699287157077 0.104576490079 85.2669861691
78.2116587013 8.35072442766 8.32437162143
14.7265904047 50.3285162372 27.180157192