3.69378211959 -16.9667227721 -12.797228392
3.60001622558 -16.8853580576 -12.9877193454
3.60039838226 -16.8990023378 -12.9775972992
3.60270795156 -16.8676974199 -12.9941377453
3.6308121539 -16.9214940413 -12.9429791904
3.60927815453 -16.8643269887 -12.9945842584
3.74461497243 -16.980849009 -12.6951283529
3.61850569411 -16.9314512589 -12.926826221
3.70812550918 -16.9660269239 -12.7990684987
3.60338733178 -16.8672131538 -12.9928097164
3.60010008779 -16.8898044312 -12.9851156822
3.60764633801 -16.9032528125 -12.9719584742
3.7315676149 -16.978771272 -12.713056149
3.60517513963 -16.8839100415 -12.9880388071
3.60298327538 -16.8663153028 -12.9943390913
3.60075685615 -16.878069137 -12.9913193413
3.60002329792 -16.9059746524 -12.9690560912
3.77472585756 -16.9876330738 -12.6118982093
3.60788087135 -16.9343301549 -12.9135343652
3.64780782051 -16.9593024574 -12.8288493985
3.8061865406 -16.972979541 -12.7302477721
3.60224253988 -16.8846000916 -12.988167252
3.65043818166 -16.9574347664 -12.8411697078
3.65181374479 -16.8591895585 -12.9928381068
3.60415609557 -16.9139793534 -12.9594581693
3.6111185212 -16.9317149361 -12.9246987472
3.60088107254 -16.9000427824 -12.9765750772
3.72665332226 -16.9747543977 -12.745829632
3.615497744 -16.8754065986 -12.9910793628
3.60115540276 -16.8642197174 -12.994491118
3.60462815131 -16.8999463467 -12.9758464088
3.63878143128 -16.9502188581 -12.8711549803
3.61191170048 -16.9323431882 -12.9233228963
3.72449192354 -16.9770144963 -12.7278184507
3.62181572809 -16.9256608753 -12.9383340168
3.62996864973 -16.9483883023 -12.875690705
3.60041566337 -16.8677879624 -12.9939431682
3.60168234808 -16.8908893345 -12.9838197316
3.60638493916 -16.8611204208 -12.9947722464
3.6002926559 -16.9095635245 -12.9604112764
3.69438802154 -16.9707459062 -12.7716971664
3.60176755495 -16.859217875 -12.9947852961
3.60005891775 -16.8964911889 -12.9796962912
3.61617303069 -16.8711657547 -12.9928739762
3.61663785387 -16.9224427261 -12.9448957957
3.62551095114 -16.9480166995 -12.8744301567
3.81625576156 -16.9839972329 -12.6574092243
3.62098021444 -16.9428469435 -12.8935148635
3.60001493275 -16.8493440166 -12.9946296371
3.60122742643 -16.9094908032 -12.9654391444
3.61772611355 -16.8566384428 -12.9947210219
3.6281707419 -16.9304430743 -12.9279728812
3.78138116685 -16.9822829013 -12.681119006
3.67521696676 -16.9582668361 -12.8391180107
3.60043380896 -16.8708103413 -12.9933748321
3.60000013051 -16.8864674765 -12.987159571
3.60255712685 -16.912517606 -12.9614218785
3.60034800519 -16.8916176034 -12.9836715958
3.60170384124 -16.8608354248 -12.9947422459
3.60076398903 -16.8674053459 -12.994058035
3.73053095961 -16.98041307 -12.6945729573
3.70107544903 -16.9671759349 -12.7942966412
3.61857544767 -16.919624455 -12.9490536334
3.60288080932 -16.887028271 -12.9856008212
3.60646803374 -16.9260368957 -12.9369478846
3.61128985055 -16.8568819886 -12.9934564761
3.74192192571 -16.9841635033 -12.6439282681
3.65784604865 -16.9632298578 -12.8094084326
3.60117615812 -16.9003724261 -12.9762244404
3.60688185742 -16.8897789984 -12.9823869952
3.60003924415 -16.9010133461 -12.9753574786
3.60374858654 -16.9204815172 -12.9477690821
3.61859406256 -16.9242590787 -12.9414162321
3.60254795979 -16.8819176338 -12.989620637
3.6058262684 -16.9131397433 -12.9607006514
3.60196076178 -16.9094936071 -12.9656612535
3.60057361458 -16.8769199525 -12.9917056933
3.60951458166 -16.837838338 -12.9947544855
3.69723119619 -16.9702951395 -12.7754553087
3.6762005887 -16.9472398262 -12.875832848
3.73174820934 -16.9751169837 -12.7429880411
3.61167666192 -16.9186119305 -12.9519136477
3.60254751656 -16.867660976 -12.9941379154
3.62383819164 -16.9453993231 -12.8849831577
3.60845783135 -16.8779151751 -12.9909068887
3.60670192299 -16.8620073019 -12.9947423802
3.6084859299 -16.8873316061 -12.9837174823
3.61012365817 -16.8815735466 -12.9862490958
3.60000866042 -16.9070400507 -12.9668742145
3.60083618833 -16.8589909416 -12.9945140168
3.68803639664 -16.9486021245 -12.868208153
3.61531576285 -16.9309205199 -12.9278726014
3.75055585778 -16.9818737936 -12.6854888546
3.61291495521 -16.9212291081 -12.9474752904
3.69633017151 -16.962580484 -12.8173189978
3.60026495018 -16.8694313015 -12.9936143963
3.6027415608 -16.9008525338 -12.9754818864
3.6139946471 -16.9309467606 -12.9276062909
3.60210058037 -16.8847998686 -12.9870478696
3.63150821516 -16.9490600298 -12.8735152237
3.66217039714 -16.9594963347 -12.8335533439
3.6000030084 -16.8809994043 -12.9898434898
3.600705843 -16.901648568 -12.9728235001
3.60510788692 -16.8579281289 -12.9940738089
3.61780226694 -16.9383480868 -12.907833022
3.60092656412 -16.8991644975 -12.9774074516
3.61793026775 -16.8484517832 -12.9936165321
3.62591426552 -16.8684270256 -12.9927963998
3.60519246488 -16.8871955243 -12.9856028158
3.62888297043 -16.9421728642 -12.8983876142
3.68737336507 -16.9672236148 -12.7940589857
3.7455405783 -16.9843426218 -12.6460076279
3.60018449602 -16.8614299603 -12.9946204525
3.60723390263 -16.8838546568 -12.987560231
3.6015876143 -16.9048027795 -12.9715174427
3.60825856656 -16.9257857112 -12.9383325662
3.62381060755 -16.9448123613 -12.8873909211
3.62670690952 -16.8587339512 -12.9947718112
3.61672077734 -16.9383789885 -12.9072191193
3.60176807548 -16.8841392299 -12.9874956986
3.60313629202 -16.9012530111 -12.9750139833
3.7792454517 -16.9867582123 -12.631261316
3.60313720986 -16.8503786367 -12.9947670593
3.60195240953 -16.9178177646 -12.9517805678
3.7181713178 -16.9743779719 -12.7484461106
3.61941233964 -16.8667395993 -12.9939324056
3.60003915854 -16.8469101904 -12.9944781045
3.60088766756 -16.8885944327 -12.9854107922
3.60178243237 -16.9154541544 -12.95615746
3.60052848328 -16.9092828618 -12.9652379424
3.66005193108 -16.9533221987 -12.8601232904
3.88113775898 -16.9855007547 -12.616531537
3.60108394723 -16.8817298114 -12.9897916725
3.60484416334 -16.8922983191 -12.980812081
3.60014643343 -16.8461278322 -12.9942013695
3.63446474911 -16.8565044966 -12.9947842775
3.63112804542 -16.9446067826 -12.8906765672
3.62181494579 -16.9283958953 -12.9331445417
3.65206853516 -16.9471323193 -12.8820360638
3.60017394436 -16.8558576869 -12.9947659717
3.60255380383 -16.8895930088 -12.9845682737
3.82925351724 -16.9748491902 -12.7096582326
3.60121510309 -16.8974573705 -12.9775685441
3.61038980501 -16.8625573801 -12.9947127443
3.67107450465 -16.9591186788 -12.8357886894
3.74157846578 -16.9816819269 -12.6846992629
3.61812039477 -16.9239658155 -12.9420130769
3.60120680124 -16.8676592188 -12.9940641042
3.60620709461 -16.9168789278 -12.9550243091
3.60340586682 -16.8934319078 -12.9813970426
3.63067018859 -16.9467783416 -12.8826197913
3.6035953313 -16.8607209657 -12.9947707544
3.74548651976 -16.97641014 -12.7323726721
3.63200405352 -16.9377421641 -12.9108753756
3.60469143259 -16.8644889647 -12.9945661922
3.60046666075 -16.8853451999 -12.9874184959
3.60006342993 -16.8823767977 -12.9891343773
3.62480064083 -16.9158785661 -12.9527175985
3.64959009798 -16.947163514 -12.8822814225
3.60130501631 -16.8426099277 -12.9944547225
3.67310236781 -16.9652122104 -12.8036923653
3.60882192279 -16.9208310854 -12.9483666238
3.6152060538 -16.8733257206 -12.9921298439
3.61332737797 -16.9214547749 -12.9470442932
3.61479084324 -16.8920943105 -12.9789059383
3.81969949476 -16.9836343263 -12.6591043698
3.62644793859 -16.917169933 -12.950496723
3.65019732515 -16.9503978726 -12.8714148807
3.6000428901 -16.8765149021 -12.9914602822
3.60026164342 -16.9201426584 -12.9411859591
3.60608198573 -16.8958549075 -12.974919281
3.61962345053 -16.8627068125 -12.9945970475
3.60256620235 -16.8517938867 -12.9947510308
3.76754056365 -16.9790698795 -12.7092853382
3.65355333483 -16.9463345441 -12.8841882561
3.6000189173 -16.8655561376 -12.9941331184
3.60016170784 -16.8648534802 -12.9942944812
3.60670968436 -16.9045234089 -12.9709325641
3.62075920146 -16.9332045651 -12.9227018646
3.75615166856 -16.9815707127 -12.6894305158
3.61505894653 -16.8404307231 -12.9947073106
3.61719136738 -16.9407893079 -12.8989020233
3.6025655004 -16.8868277135 -12.9866633698
3.61194813472 -16.8768641529 -12.9909139191
3.61100793733 -16.922218453 -12.9458673263
3.60238171935 -16.8951648339 -12.9792473346
3.75677333853 -16.9772952682 -12.7241858001
3.60037032962 -16.8697939822 -12.993068937
3.60823155683 -16.8709655442 -12.9934651375
3.63150389341 -16.9230739528 -12.9403244661
3.60105347257 -16.8925783832 -12.982639023
3.60348832539 -16.8866905773 -12.98652453
3.62115005693 -16.9099871047 -12.9610294967
3.61084038043 -16.8613469453 -12.9947660196
3.64006143511 -16.950442527 -12.8705270105
3.68219648821 -16.9602049296 -12.8300368652
3.60040058136 -16.8619301323 -12.9946161713
3.74352334619 -16.9851157159 -12.6172166467
3.61802932238 -16.8780123831 -12.9887754601
3.60710343214 -16.9198795788 -12.9499636321